"","LHSandRHS","count","lift","confidence","support","count.x","lift.x","confidence.x","support.x","count.y","lift.y","confidence.y","support.y"
"1","mumigual=1,cavitacao=1  encerra2=3",23,1.13558897243108,0.121052631578947,0.038917089678511,NA,NA,NA,NA,NA,NA,NA,NA
"2","mumigual=0,bilateral=1  encerra2=3",28,1.33333333333333,0.142131979695431,0.0473773265651438,NA,NA,NA,NA,NA,NA,NA,NA
"3","escol4=1,mumigual=0  encerra2=3",29,1.28324348607367,0.136792452830189,0.0490693739424704,NA,NA,NA,NA,NA,NA,NA,NA
"4","sexo2=1,mumigual=0  encerra2=3",26,1.12398507790213,0.119815668202765,0.0439932318104907,NA,NA,NA,NA,NA,NA,NA,NA
"5","mumigual=0,tipores3=1  encerra2=3",30,1.19249394673123,0.127118644067797,0.050761421319797,NA,NA,NA,NA,NA,NA,NA,NA
"6","raca3=1,bilateral=1  encerra2=3",32,1.36450216450216,0.145454545454545,0.0541455160744501,NA,NA,NA,NA,NA,NA,NA,NA
"7","raca3=1,escol4=1  encerra2=3",36,1.29392446633826,0.137931034482759,0.0609137055837563,NA,NA,NA,NA,NA,NA,NA,NA
"8","raca3=1,tipores3=1  encerra2=3",40,1.35465016331442,0.144404332129964,0.0676818950930626,NA,NA,NA,NA,NA,NA,NA,NA
"9","raca3=1,cavitacao=1  encerra2=3",37,1.23521437044569,0.131672597864769,0.0626057529610829,NA,NA,NA,NA,NA,NA,NA,NA
"10","raca3=1,comdrogas=0  encerra2=3",37,1.1686708353375,0.124579124579125,0.0626057529610829,NA,NA,NA,NA,NA,NA,NA,NA
"11","bilateral=1,tipores3=1  encerra2=3",43,1.37204405571753,0.146258503401361,0.0727580372250423,NA,NA,NA,NA,NA,NA,NA,NA
"12","cavitacao=1,bilateral=1  encerra2=3",43,1.34910017518713,0.1438127090301,0.0727580372250423,NA,NA,NA,NA,NA,NA,NA,NA
"13","comdrogas=0,bilateral=1  encerra2=3",41,1.29066794503036,0.13758389261745,0.0693739424703892,NA,NA,NA,NA,NA,NA,NA,NA
"14","ppl=0,bilateral=1  encerra2=3",50,1.31018888002128,0.139664804469274,0.0846023688663283,NA,NA,NA,NA,NA,NA,NA,NA
"15","escol4=1,alcool=0  encerra2=3",36,1.28898582333697,0.137404580152672,0.0609137055837563,NA,NA,NA,NA,NA,NA,NA,NA
"16","escol4=1,tipores3=1  encerra2=3",49,1.48759439050701,0.158576051779935,0.0829103214890017,NA,NA,NA,NA,NA,NA,NA,NA
"17","escol4=1,cavitacao=1  encerra2=3",46,1.42417098852742,0.151815181518152,0.077834179357022,NA,NA,NA,NA,NA,NA,NA,NA
"18","escol4=1,comdrogas=0  encerra2=3",42,1.28338762214984,0.136807817589577,0.0710659898477157,NA,NA,NA,NA,NA,NA,NA,NA
"19","sexo2=1,cavitacao=1  encerra2=3",36,1.11456859971711,0.118811881188119,0.0609137055837563,NA,NA,NA,NA,NA,NA,NA,NA
"20","cavitacao=1,tipores3=1  encerra2=3",47,1.26696770662288,0.135057471264368,0.0795262267343486,NA,NA,NA,NA,NA,NA,NA,NA
"21","ppl=0,tipores3=1  encerra2=3",56,1.21887084300077,0.129930394431555,0.0947546531302876,NA,NA,NA,NA,NA,NA,NA,NA
"22","ppl=0,cavitacao=1  encerra2=3",53,1.12997835497835,0.120454545454545,0.089678510998308,NA,NA,NA,NA,NA,NA,NA,NA
"23","comdiab=1,tipores3=0  encerra2=0",24,1.21542416452442,0.8,0.0406091370558376,NA,NA,NA,NA,NA,NA,NA,NA
"24","escol4=0,comdiab=1  encerra2=0",23,1.16478149100257,0.766666666666667,0.038917089678511,NA,NA,NA,NA,NA,NA,NA,NA
"25","comdiab=1,bilateral=0  encerra2=0",24,1.13946015424165,0.75,0.0406091370558376,NA,NA,NA,NA,NA,NA,NA,NA
"26","alcool=1,comdrogas=1  encerra2=1",18,2.26726342710997,0.352941176470588,0.0304568527918782,NA,NA,NA,NA,NA,NA,NA,NA
"27","comdrogas=1,bilateral=1  encerra2=1",23,2.08098591549296,0.323943661971831,0.038917089678511,NA,NA,NA,NA,NA,NA,NA,NA
"28","comtabagis=0,comdrogas=1  encerra2=1",21,2.21151104775481,0.344262295081967,0.0355329949238579,NA,NA,NA,NA,NA,NA,NA,NA
"29","comdrogas=1,cavitacao=1  encerra2=1",28,2.16710319539026,0.337349397590361,0.0473773265651438,NA,NA,NA,NA,NA,NA,NA,NA
"30","comdrogas=1,pdres5=1  encerra2=1",33,2.0989022815325,0.326732673267327,0.0558375634517767,NA,NA,NA,NA,NA,NA,NA,NA
"31","comtabagis=1,bilateral=1  encerra2=1",19,1.28478260869565,0.2,0.0321489001692047,NA,NA,NA,NA,NA,NA,NA,NA
"32","sexo2=1,comtabagis=1  encerra2=1",20,1.16798418972332,0.181818181818182,0.0338409475465313,NA,NA,NA,NA,NA,NA,NA,NA
"33","comtabagis=1,cavitacao=1  encerra2=1",21,1.20448369565217,0.1875,0.0355329949238579,NA,NA,NA,NA,NA,NA,NA,NA
"34","comdiab=0,comtabagis=1  encerra2=1",23,1.1453488372093,0.178294573643411,0.038917089678511,NA,NA,NA,NA,NA,NA,NA,NA
"35","fxet3=1,comtabagis=1  encerra2=1",24,1.20448369565217,0.1875,0.0406091370558376,NA,NA,NA,NA,NA,NA,NA,NA
"36","comtabagis=1,pdres5=1  encerra2=1",25,1.14712732919255,0.178571428571429,0.0423011844331641,NA,NA,NA,NA,NA,NA,NA,NA
"37","mumigual=0,alcool=1  encerra2=1",23,1.71802325581395,0.267441860465116,0.038917089678511,NA,NA,NA,NA,NA,NA,NA,NA
"38","alcool=1,bilateral=1  encerra2=1",27,1.70044757033248,0.264705882352941,0.0456852791878173,NA,NA,NA,NA,NA,NA,NA,NA
"39","sexo2=1,alcool=1  encerra2=1",32,1.54560313828048,0.240601503759398,0.0541455160744501,NA,NA,NA,NA,NA,NA,NA,NA
"40","alcool=1,tipores3=1  encerra2=1",30,1.54173913043478,0.24,0.050761421319797,NA,NA,NA,NA,NA,NA,NA,NA
"41","alcool=1,comtabagis=0  encerra2=1",18,1.62859767299449,0.253521126760563,0.0304568527918782,NA,NA,NA,NA,NA,NA,NA,NA
"42","alcool=1,cavitacao=1  encerra2=1",30,1.52950310559006,0.238095238095238,0.050761421319797,NA,NA,NA,NA,NA,NA,NA,NA
"43","alcool=1,pdres5=1  encerra2=1",35,1.47919050343249,0.230263157894737,0.0592216582064298,NA,NA,NA,NA,NA,NA,NA,NA
"44","escol4=1,bilateral=0  encerra2=1",31,1.32760869565217,0.206666666666667,0.0524534686971235,NA,NA,NA,NA,NA,NA,NA,NA
"45","sexo2=1,bilateral=0  encerra2=1",28,1.31291653443351,0.204379562043796,0.0473773265651438,NA,NA,NA,NA,NA,NA,NA,NA
"46","alcool=0,bilateral=0  encerra2=1",30,1.13363171355499,0.176470588235294,0.050761421319797,NA,NA,NA,NA,NA,NA,NA,NA
"47","bilateral=0,tipores3=1  encerra2=1",27,1.1486467031385,0.178807947019868,0.0456852791878173,NA,NA,NA,NA,NA,NA,NA,NA
"48","comtabagis=0,bilateral=0  encerra2=1",32,1.16798418972332,0.181818181818182,0.0541455160744501,NA,NA,NA,NA,NA,NA,NA,NA
"49","hiv3=0,bilateral=0  encerra2=1",30,1.10124223602484,0.171428571428571,0.050761421319797,NA,NA,NA,NA,NA,NA,NA,NA
"50","cavitacao=1,bilateral=0  encerra2=1",28,1.1312551271534,0.176100628930818,0.0473773265651438,NA,NA,NA,NA,NA,NA,NA,NA
"51","comdiab=0,bilateral=0  encerra2=1",34,1.14954233409611,0.178947368421053,0.0575296108291032,NA,NA,NA,NA,NA,NA,NA,NA
"52","fxet3=1,bilateral=0  encerra2=1",36,1.1505515898767,0.17910447761194,0.0609137055837563,NA,NA,NA,NA,NA,NA,NA,NA
"53","pdres5=1,bilateral=0  encerra2=1",38,1.11465157832043,0.17351598173516,0.0642978003384095,NA,NA,NA,NA,NA,NA,NA,NA
"54","raca3=0,escol4=1  encerra2=1",27,1.33419732441472,0.207692307692308,0.0456852791878173,NA,NA,NA,NA,NA,NA,NA,NA
"55","sexo2=1,raca3=0  encerra2=1",29,1.17907264722069,0.183544303797468,0.0490693739424704,NA,NA,NA,NA,NA,NA,NA,NA
"56","mumigual=0,tipores3=1  encerra2=1",41,1.11601879145173,0.173728813559322,0.0693739424703892,NA,NA,NA,NA,NA,NA,NA,NA
"57","fxet3=1,mumigual=0  encerra2=1",55,1.13242056856187,0.176282051282051,0.0930626057529611,NA,NA,NA,NA,NA,NA,NA,NA
"58","raca3=1,fxet3=1  encerra2=1",56,1.1241847826087,0.175,0.0947546531302876,NA,NA,NA,NA,NA,NA,NA,NA
"59","sexo2=1,escol4=1  encerra2=1",51,1.20007166746297,0.186813186813187,0.0862944162436548,NA,NA,NA,NA,NA,NA,NA,NA
"60","escol4=1,comtabagis=0  encerra2=1",51,1.18274211269816,0.184115523465704,0.0862944162436548,NA,NA,NA,NA,NA,NA,NA,NA
"61","escol4=1,cavitacao=1  encerra2=1",56,1.1872578562204,0.184818481848185,0.0947546531302876,NA,NA,NA,NA,NA,NA,NA,NA
"62","sexo2=1,tipores3=1  encerra2=1",56,1.20717829004961,0.187919463087248,0.0947546531302876,NA,NA,NA,NA,NA,NA,NA,NA
"63","sexo2=1,cavitacao=1  encerra2=1",54,1.14485578992682,0.178217821782178,0.0913705583756345,NA,NA,NA,NA,NA,NA,NA,NA
"64","sexo2=1,comdiab=0  encerra2=1",63,1.183352402746,0.184210526315789,0.106598984771574,NA,NA,NA,NA,NA,NA,NA,NA
"65","sexo2=1,fxet3=1  encerra2=1",67,1.22972049689441,0.191428571428571,0.11336717428088,NA,NA,NA,NA,NA,NA,NA,NA
"66","sexo2=1,pdres5=1  encerra2=1",68,1.13756793478261,0.177083333333333,0.115059221658206,NA,NA,NA,NA,NA,NA,NA,NA
"67","fxet3=1,tipores3=1  encerra2=1",70,1.1241847826087,0.175,0.11844331641286,NA,NA,NA,NA,NA,NA,NA,NA
"68","fxet3=1,comdiab=0  encerra2=1",81,1.12141585457271,0.174568965517241,0.137055837563452,NA,NA,NA,NA,NA,NA,NA,NA
"69","raca3=0,cavitacao=0  encerra2=0",43,1.10727201429132,0.728813559322034,0.0727580372250423,NA,NA,NA,NA,NA,NA,NA,NA
"70","cavitacao=0,bilateral=1  encerra2=0",52,1.12860815277268,0.742857142857143,0.0879864636209814,NA,NA,NA,NA,NA,NA,NA,NA
"71","sexo2=1,cavitacao=0  encerra2=0",64,1.10493105865857,0.727272727272727,0.1082910321489,NA,NA,NA,NA,NA,NA,NA,NA
"72","alcool=0,cavitacao=0  encerra2=0",77,1.11413881748072,0.733333333333333,0.130287648054146,NA,NA,NA,NA,NA,NA,NA,NA
"73","comtabagis=0,cavitacao=0  encerra2=0",76,1.11024322720981,0.730769230769231,0.128595600676819,NA,NA,NA,NA,NA,NA,NA,NA
"74","hiv3=0,cavitacao=0  encerra2=0",71,1.18537246814882,0.78021978021978,0.120135363790186,NA,NA,NA,NA,NA,NA,NA,NA
"75","comdrogas=0,cavitacao=0  encerra2=0",84,1.11946962521986,0.736842105263158,0.142131979695431,NA,NA,NA,NA,NA,NA,NA,NA
"76","fxet3=1,cavitacao=0  encerra2=0",83,1.10614260587201,0.728070175438597,0.140439932318105,NA,NA,NA,NA,NA,NA,NA,NA
"77","mumigual=1,tipores3=0  encerra2=0",34,1.22989349981638,0.80952380952381,0.0575296108291032,NA,NA,NA,NA,NA,NA,NA,NA
"78","raca3=1,tipores3=0  encerra2=0",59,1.14919912991892,0.756410256410256,0.0998307952622673,NA,NA,NA,NA,NA,NA,NA,NA
"79","comtabagis=0,tipores3=0  encerra2=0",86,1.15626635120686,0.761061946902655,0.145516074450085,NA,NA,NA,NA,NA,NA,NA,NA
"80","hiv3=0,tipores3=0  encerra2=0",87,1.12972117856437,0.743589743589744,0.147208121827411,NA,NA,NA,NA,NA,NA,NA,NA
"81","comdrogas=0,tipores3=0  encerra2=0",98,1.18166238217652,0.777777777777778,0.165820642978003,NA,NA,NA,NA,NA,NA,NA,NA
"82","ppl=0,tipores3=0  encerra2=0",104,1.14496479266793,0.753623188405797,0.175972927241963,NA,NA,NA,NA,NA,NA,NA,NA
"83","pdres5=1,tipores3=0  encerra2=0",106,1.13411057605272,0.746478873239437,0.179357021996616,NA,NA,NA,NA,NA,NA,NA,NA
"84","alcool=1,bilateral=0  encerra2=0",40,1.16867708127348,0.769230769230769,0.0676818950930626,NA,NA,NA,NA,NA,NA,NA,NA
"85","escol4=0,bilateral=0  encerra2=0",57,1.20276349614396,0.791666666666667,0.0964467005076142,NA,NA,NA,NA,NA,NA,NA,NA
"86","escol4=0,mumigual=0  encerra2=0",95,1.12759077763496,0.7421875,0.160744500846024,NA,NA,NA,NA,NA,NA,NA,NA
"87","fxet3=1,escol4=0  encerra2=0",144,1.15145447165472,0.757894736842105,0.243654822335025,NA,NA,NA,NA,NA,NA,NA,NA
"88","escol4=0,ppl=0  encerra2=0",147,1.12795045571395,0.742424242424242,0.248730964467005,NA,NA,NA,NA,NA,NA,NA,NA
"89","escol4=0,pdres5=1  encerra2=0",148,1.12991693686944,0.743718592964824,0.250423011844332,NA,NA,NA,NA,NA,NA,NA,NA
"90","sexo2=0,bilateral=0  encerra2=0",64,1.14392862543475,0.752941176470588,0.1082910321489,NA,NA,NA,NA,NA,NA,NA,NA
"91","raca3=0,bilateral=0  encerra2=0",65,1.13509440652424,0.747126436781609,0.109983079526227,NA,NA,NA,NA,NA,NA,NA,NA
"92","comdrogas=0,bilateral=0  encerra2=0",141,1.12156287433209,0.738219895287958,0.238578680203046,NA,NA,NA,NA,NA,NA,NA,NA
"93","ppl=0,bilateral=0  encerra2=0",153,1.1016581586033,0.725118483412322,0.258883248730964,NA,NA,NA,NA,NA,NA,NA,NA
"94","raca3=0,comdrogas=0  encerra2=0",142,1.12363431876607,0.739583333333333,0.240270727580372,NA,NA,NA,NA,NA,NA,NA,NA
"95","escol4=0,ppl=0,cavitacao=1  encerra2=2",18,1.4793491864831,0.117647058823529,0.0304568527918782,NA,NA,NA,NA,NA,NA,NA,NA
"96","escol4=0,pdres5=1,cavitacao=1  encerra2=2",18,1.46974302293451,0.116883116883117,0.0304568527918782,NA,NA,NA,NA,NA,NA,NA,NA
"97","escol4=0,comdiab=0,ppl=0  encerra2=2",18,1.34726443768997,0.107142857142857,0.0304568527918782,NA,NA,NA,NA,NA,NA,NA,NA
"98","escol4=0,comdiab=0,pdres5=1  encerra2=2",18,1.33929245876873,0.106508875739645,0.0304568527918782,NA,NA,NA,NA,NA,NA,NA,NA
"99","escol4=0,ppl=0,pdres5=1  encerra2=2",21,1.34042553191489,0.106598984771574,0.0355329949238579,NA,NA,NA,NA,NA,NA,NA,NA
"100","sexo2=0,alcool=0,comtabagis=0  encerra2=2",18,1.42352468887997,0.113207547169811,0.0304568527918782,NA,NA,NA,NA,NA,NA,NA,NA
"101","sexo2=0,comtabagis=0,comdrogas=0  encerra2=2",18,1.42352468887997,0.113207547169811,0.0304568527918782,NA,NA,NA,NA,NA,NA,NA,NA
"102","sexo2=0,fxet3=1,comtabagis=0  encerra2=2",18,1.46974302293451,0.116883116883117,0.0304568527918782,NA,NA,NA,NA,NA,NA,NA,NA
"103","raca3=1,mumigual=0,comdrogas=0  encerra2=2",19,1.34980165885323,0.107344632768362,0.0321489001692047,NA,NA,NA,NA,NA,NA,NA,NA
"104","raca3=1,fxet3=1,mumigual=0  encerra2=2",19,1.2508633173666,0.0994764397905759,0.0321489001692047,NA,NA,NA,NA,NA,NA,NA,NA
"105","raca3=1,mumigual=0,ppl=0  encerra2=2",20,1.24499684010954,0.099009900990099,0.0338409475465313,NA,NA,NA,NA,NA,NA,NA,NA
"106","raca3=1,mumigual=0,pdres5=1  encerra2=2",20,1.22082214418509,0.0970873786407767,0.0338409475465313,NA,NA,NA,NA,NA,NA,NA,NA
"107","mumigual=0,cavitacao=1,bilateral=1  encerra2=2",19,1.44796905222437,0.115151515151515,0.0321489001692047,NA,NA,NA,NA,NA,NA,NA,NA
"108","mumigual=0,comdrogas=0,bilateral=1  encerra2=2",18,1.48908174692049,0.118421052631579,0.0304568527918782,NA,NA,NA,NA,NA,NA,NA,NA
"109","fxet3=1,mumigual=0,bilateral=1  encerra2=2",20,1.38180967968202,0.10989010989011,0.0338409475465313,NA,NA,NA,NA,NA,NA,NA,NA
"110","mumigual=0,ppl=0,bilateral=1  encerra2=2",20,1.31669822880695,0.104712041884817,0.0338409475465313,NA,NA,NA,NA,NA,NA,NA,NA
"111","mumigual=0,pdres5=1,bilateral=1  encerra2=2",20,1.30984042553191,0.104166666666667,0.0338409475465313,NA,NA,NA,NA,NA,NA,NA,NA
"112","escol4=1,mumigual=0,ppl=0  encerra2=2",18,1.13170212765957,0.09,0.0304568527918782,NA,NA,NA,NA,NA,NA,NA,NA
"113","mumigual=0,hiv3=0,alcool=0  encerra2=2",20,1.26376563669411,0.100502512562814,0.0338409475465313,NA,NA,NA,NA,NA,NA,NA,NA
"114","mumigual=0,alcool=0,cavitacao=1  encerra2=2",18,1.15479808944855,0.0918367346938776,0.0304568527918782,NA,NA,NA,NA,NA,NA,NA,NA
"115","mumigual=0,alcool=0,comdrogas=0  encerra2=2",21,1.18947671075331,0.0945945945945946,0.0355329949238579,NA,NA,NA,NA,NA,NA,NA,NA
"116","mumigual=0,alcool=0,ppl=0  encerra2=2",23,1.19509407420433,0.0950413223140496,0.038917089678511,NA,NA,NA,NA,NA,NA,NA,NA
"117","mumigual=0,alcool=0,pdres5=1  encerra2=2",23,1.16149705203794,0.0923694779116466,0.038917089678511,NA,NA,NA,NA,NA,NA,NA,NA
"118","mumigual=0,comdrogas=0,tipores3=1  encerra2=2",18,1.18502840592626,0.0942408376963351,0.0304568527918782,NA,NA,NA,NA,NA,NA,NA,NA
"119","mumigual=0,ppl=0,tipores3=1  encerra2=2",20,1.1030235162374,0.087719298245614,0.0338409475465313,NA,NA,NA,NA,NA,NA,NA,NA
"120","mumigual=0,hiv3=0,comtabagis=0  encerra2=2",21,1.26346330041739,0.100478468899522,0.0355329949238579,NA,NA,NA,NA,NA,NA,NA,NA
"121","mumigual=0,comtabagis=0,cavitacao=1  encerra2=2",19,1.18274699810407,0.0940594059405941,0.0321489001692047,NA,NA,NA,NA,NA,NA,NA,NA
"122","mumigual=0,comtabagis=0,comdrogas=0  encerra2=2",23,1.27970250423649,0.101769911504425,0.038917089678511,NA,NA,NA,NA,NA,NA,NA,NA
"123","fxet3=1,mumigual=0,comtabagis=0  encerra2=2",22,1.167250201993,0.0928270042194093,0.0372250423011844,NA,NA,NA,NA,NA,NA,NA,NA
"124","mumigual=0,comtabagis=0,ppl=0  encerra2=2",24,1.20233957785878,0.0956175298804781,0.0406091370558376,NA,NA,NA,NA,NA,NA,NA,NA
"125","mumigual=0,comtabagis=0,pdres5=1  encerra2=2",24,1.18347934918648,0.0941176470588235,0.0406091370558376,NA,NA,NA,NA,NA,NA,NA,NA
"126","mumigual=0,hiv3=0,comdrogas=0  encerra2=2",21,1.1841427344719,0.0941704035874439,0.0355329949238579,NA,NA,NA,NA,NA,NA,NA,NA
"127","mumigual=0,comdiab=0,comdrogas=0  encerra2=2",21,1.1736170212766,0.0933333333333333,0.0355329949238579,NA,NA,NA,NA,NA,NA,NA,NA
"128","fxet3=1,mumigual=0,comdrogas=0  encerra2=2",24,1.20233957785878,0.0956175298804781,0.0406091370558376,NA,NA,NA,NA,NA,NA,NA,NA
"129","mumigual=0,comdrogas=0,ppl=0  encerra2=2",26,1.19756838905775,0.0952380952380952,0.0439932318104907,NA,NA,NA,NA,NA,NA,NA,NA
"130","mumigual=0,comdrogas=0,pdres5=1  encerra2=2",26,1.19756838905775,0.0952380952380952,0.0439932318104907,NA,NA,NA,NA,NA,NA,NA,NA
"131","mumigual=0,ppl=0,pdres5=1  encerra2=2",28,1.10371506703128,0.0877742946708464,0.0473773265651438,NA,NA,NA,NA,NA,NA,NA,NA
"132","raca3=1,hiv3=0,alcool=0  encerra2=2",19,1.237901003197,0.0984455958549223,0.0321489001692047,NA,NA,NA,NA,NA,NA,NA,NA
"133","raca3=1,alcool=0,comdrogas=0  encerra2=2",20,1.1127847862926,0.0884955752212389,0.0338409475465313,NA,NA,NA,NA,NA,NA,NA,NA
"134","raca3=1,hiv3=0,comdrogas=0  encerra2=2",21,1.14810360777058,0.091304347826087,0.0355329949238579,NA,NA,NA,NA,NA,NA,NA,NA
"135","raca3=1,fxet3=1,comdrogas=0  encerra2=2",23,1.10386551892155,0.0877862595419847,0.038917089678511,NA,NA,NA,NA,NA,NA,NA,NA
"136","alcool=0,bilateral=1,tipores3=1  encerra2=2",21,1.25148734496319,0.0995260663507109,0.0355329949238579,NA,NA,NA,NA,NA,NA,NA,NA
"137","hiv3=0,alcool=0,bilateral=1  encerra2=2",21,1.30724668211502,0.103960396039604,0.0355329949238579,NA,NA,NA,NA,NA,NA,NA,NA
"138","alcool=0,cavitacao=1,bilateral=1  encerra2=2",23,1.37067661591207,0.109004739336493,0.038917089678511,NA,NA,NA,NA,NA,NA,NA,NA
"139","alcool=0,comdiab=0,bilateral=1  encerra2=2",21,1.22820385947551,0.0976744186046512,0.0355329949238579,NA,NA,NA,NA,NA,NA,NA,NA
"140","fxet3=1,alcool=0,bilateral=1  encerra2=2",24,1.26801358841409,0.100840336134454,0.0406091370558376,NA,NA,NA,NA,NA,NA,NA,NA
"141","alcool=0,ppl=0,bilateral=1  encerra2=2",26,1.26719445818902,0.10077519379845,0.0439932318104907,NA,NA,NA,NA,NA,NA,NA,NA
"142","alcool=0,pdres5=1,bilateral=1  encerra2=2",26,1.25262900464661,0.0996168582375479,0.0439932318104907,NA,NA,NA,NA,NA,NA,NA,NA
"143","comtabagis=0,comdrogas=0,bilateral=1  encerra2=2",26,1.40920763022744,0.112068965517241,0.0439932318104907,NA,NA,NA,NA,NA,NA,NA,NA
"144","comdiab=0,comtabagis=0,bilateral=1  encerra2=2",23,1.30276020701553,0.103603603603604,0.038917089678511,NA,NA,NA,NA,NA,NA,NA,NA
"145","fxet3=1,comtabagis=0,bilateral=1  encerra2=2",27,1.38012454592631,0.109756097560976,0.0456852791878173,NA,NA,NA,NA,NA,NA,NA,NA
"146","comtabagis=0,ppl=0,bilateral=1  encerra2=2",28,1.31867081042314,0.104868913857678,0.0473773265651438,NA,NA,NA,NA,NA,NA,NA,NA
"147","comtabagis=0,pdres5=1,bilateral=1  encerra2=2",28,1.31375039695141,0.104477611940299,0.0473773265651438,NA,NA,NA,NA,NA,NA,NA,NA
"148","comdrogas=0,cavitacao=1,bilateral=1  encerra2=2",27,1.40293652189203,0.111570247933884,0.0456852791878173,NA,NA,NA,NA,NA,NA,NA,NA
"149","pdres5=1,cavitacao=1,bilateral=1  encerra2=2",32,1.37332074649626,0.109215017064846,0.0541455160744501,NA,NA,NA,NA,NA,NA,NA,NA
"150","comdiab=0,comdrogas=0,bilateral=1  encerra2=2",25,1.30984042553191,0.104166666666667,0.0423011844331641,NA,NA,NA,NA,NA,NA,NA,NA
"151","fxet3=1,comdrogas=0,bilateral=1  encerra2=2",28,1.33872664023946,0.106463878326996,0.0473773265651438,NA,NA,NA,NA,NA,NA,NA,NA
"152","comdrogas=0,ppl=0,bilateral=1  encerra2=2",30,1.28748819984024,0.102389078498294,0.050761421319797,NA,NA,NA,NA,NA,NA,NA,NA
"153","comdrogas=0,pdres5=1,bilateral=1  encerra2=2",30,1.29189740600408,0.102739726027397,0.050761421319797,NA,NA,NA,NA,NA,NA,NA,NA
"154","fxet3=1,ppl=0,bilateral=1  encerra2=2",33,1.28469797773533,0.102167182662539,0.0558375634517767,NA,NA,NA,NA,NA,NA,NA,NA
"155","fxet3=1,pdres5=1,bilateral=1  encerra2=2",33,1.26898301776303,0.100917431192661,0.0558375634517767,NA,NA,NA,NA,NA,NA,NA,NA
"156","ppl=0,pdres5=1,bilateral=1  encerra2=2",35,1.25386433897072,0.0997150997150997,0.0592216582064298,NA,NA,NA,NA,NA,NA,NA,NA
"157","hiv3=0,alcool=0,tipores3=1  encerra2=2",22,1.1384292093512,0.0905349794238683,0.0372250423011844,NA,NA,NA,NA,NA,NA,NA,NA
"158","alcool=0,ppl=0,tipores3=1  encerra2=2",27,1.10589784461848,0.0879478827361563,0.0456852791878173,NA,NA,NA,NA,NA,NA,NA,NA
"159","hiv3=0,alcool=0,cavitacao=1  encerra2=2",24,1.1607201309329,0.0923076923076923,0.0406091370558376,NA,NA,NA,NA,NA,NA,NA,NA
"160","hiv3=0,alcool=0,comdrogas=0  encerra2=2",28,1.17754216181598,0.0936454849498328,0.0473773265651438,NA,NA,NA,NA,NA,NA,NA,NA
"161","hiv3=0,alcool=0,comdiab=0  encerra2=2",26,1.20640653215043,0.0959409594095941,0.0439932318104907,NA,NA,NA,NA,NA,NA,NA,NA
"162","hiv3=0,alcool=0,ppl=0  encerra2=2",30,1.16790725248666,0.0928792569659443,0.050761421319797,NA,NA,NA,NA,NA,NA,NA,NA
"163","hiv3=0,alcool=0,pdres5=1  encerra2=2",30,1.1431334622824,0.0909090909090909,0.050761421319797,NA,NA,NA,NA,NA,NA,NA,NA
"164","alcool=0,comdrogas=0,cavitacao=1  encerra2=2",26,1.11964441853687,0.089041095890411,0.0439932318104907,NA,NA,NA,NA,NA,NA,NA,NA
"165","fxet3=1,alcool=0,cavitacao=1  encerra2=2",27,1.11314963376352,0.0885245901639344,0.0456852791878173,NA,NA,NA,NA,NA,NA,NA,NA
"166","alcool=0,ppl=0,cavitacao=1  encerra2=2",29,1.1503456607826,0.0914826498422713,0.0490693739424704,NA,NA,NA,NA,NA,NA,NA,NA
"167","alcool=0,comdiab=0,comdrogas=0  encerra2=2",27,1.10589784461848,0.0879478827361563,0.0456852791878173,NA,NA,NA,NA,NA,NA,NA,NA
"168","alcool=0,comdrogas=0,ppl=0  encerra2=2",33,1.10951188986233,0.0882352941176471,0.0558375634517767,NA,NA,NA,NA,NA,NA,NA,NA
"169","comdiab=0,comdrogas=0,tipores3=1  encerra2=2",27,1.11314963376352,0.0885245901639344,0.0456852791878173,NA,NA,NA,NA,NA,NA,NA,NA
"170","hiv3=0,comtabagis=0,comdrogas=0  encerra2=2",28,1.1736170212766,0.0933333333333333,0.0473773265651438,NA,NA,NA,NA,NA,NA,NA,NA
"171","hiv3=0,comdiab=0,comtabagis=0  encerra2=2",25,1.11081873543343,0.088339222614841,0.0423011844331641,NA,NA,NA,NA,NA,NA,NA,NA
"172","fxet3=1,hiv3=0,comtabagis=0  encerra2=2",28,1.11067856903148,0.0883280757097792,0.0473773265651438,NA,NA,NA,NA,NA,NA,NA,NA
"173","hiv3=0,comtabagis=0,ppl=0  encerra2=2",30,1.1127847862926,0.0884955752212389,0.050761421319797,NA,NA,NA,NA,NA,NA,NA,NA
"174","comtabagis=0,comdrogas=0,cavitacao=1  encerra2=2",30,1.26588604883621,0.100671140939597,0.050761421319797,NA,NA,NA,NA,NA,NA,NA,NA
"175","fxet3=1,comtabagis=0,cavitacao=1  encerra2=2",31,1.22197025278463,0.0971786833855799,0.0524534686971235,NA,NA,NA,NA,NA,NA,NA,NA
"176","comtabagis=0,ppl=0,cavitacao=1  encerra2=2",32,1.2047394572557,0.0958083832335329,0.0541455160744501,NA,NA,NA,NA,NA,NA,NA,NA
"177","comdiab=0,comtabagis=0,comdrogas=0  encerra2=2",29,1.17253882465622,0.0932475884244373,0.0490693739424704,NA,NA,NA,NA,NA,NA,NA,NA
"178","fxet3=1,comtabagis=0,comdrogas=0  encerra2=2",33,1.19929897921535,0.0953757225433526,0.0558375634517767,NA,NA,NA,NA,NA,NA,NA,NA
"179","comtabagis=0,comdrogas=0,ppl=0  encerra2=2",36,1.19756838905775,0.0952380952380952,0.0609137055837563,NA,NA,NA,NA,NA,NA,NA,NA
"180","comdiab=0,comtabagis=0,ppl=0  encerra2=2",31,1.10115398485395,0.0875706214689266,0.0524534686971235,NA,NA,NA,NA,NA,NA,NA,NA
"181","fxet3=1,comtabagis=0,ppl=0  encerra2=2",35,1.1255917723241,0.0895140664961637,0.0592216582064298,NA,NA,NA,NA,NA,NA,NA,NA
"182","comdiab=0,comdrogas=0,cavitacao=1  encerra2=2",27,1.10951188986233,0.0882352941176471,0.0456852791878173,NA,NA,NA,NA,NA,NA,NA,NA
"183","fxet3=1,comdrogas=0,cavitacao=1  encerra2=2",31,1.15327961727307,0.0917159763313609,0.0524534686971235,NA,NA,NA,NA,NA,NA,NA,NA
"184","comdrogas=0,ppl=0,cavitacao=1  encerra2=2",33,1.13376351587025,0.0901639344262295,0.0558375634517767,NA,NA,NA,NA,NA,NA,NA,NA
"185","fxet3=1,ppl=0,cavitacao=1  encerra2=2",36,1.12327754606409,0.0893300248138958,0.0609137055837563,NA,NA,NA,NA,NA,NA,NA,NA
"186","comdiab=0,comdrogas=0,ppl=0  encerra2=2",35,1.12847790507365,0.0897435897435897,0.0592216582064298,NA,NA,NA,NA,NA,NA,NA,NA
"187","sexo2=1,fxet3=2,escol4=1  encerra2=0",23,1.12720789451862,0.741935483870968,0.038917089678511,NA,NA,NA,NA,NA,NA,NA,NA
"188","fxet3=2,escol4=1,comdiab=0  encerra2=0",20,1.12539274493002,0.740740740740741,0.0338409475465313,NA,NA,NA,NA,NA,NA,NA,NA
"189","escol4=1,comtabagis=1,ppl=0  encerra2=3",18,1.54914809960682,0.165137614678899,0.0304568527918782,NA,NA,NA,NA,NA,NA,NA,NA
"190","comtabagis=1,ppl=0,tipores3=1  encerra2=3",19,1.69750566893424,0.180952380952381,0.0321489001692047,NA,NA,NA,NA,NA,NA,NA,NA
"191","comtabagis=1,ppl=0,cavitacao=1  encerra2=3",19,1.68149146451033,0.179245283018868,0.0321489001692047,NA,NA,NA,NA,NA,NA,NA,NA
"192","sexo2=0,raca3=1,tipores3=1  encerra2=3",18,1.91883116883117,0.204545454545455,0.0304568527918782,NA,NA,NA,NA,NA,NA,NA,NA
"193","sexo2=0,escol4=1,bilateral=1  encerra2=3",19,2.51039570757881,0.267605633802817,0.0321489001692047,NA,NA,NA,NA,NA,NA,NA,NA
"194","sexo2=0,bilateral=1,tipores3=1  encerra2=3",19,1.95866038723182,0.208791208791209,0.0321489001692047,NA,NA,NA,NA,NA,NA,NA,NA
"195","sexo2=0,comdrogas=0,bilateral=1  encerra2=3",19,1.74743230625584,0.186274509803922,0.0321489001692047,NA,NA,NA,NA,NA,NA,NA,NA
"196","sexo2=0,escol4=1,tipores3=1  encerra2=3",21,2.11827956989247,0.225806451612903,0.0355329949238579,NA,NA,NA,NA,NA,NA,NA,NA
"197","sexo2=0,escol4=1,comdrogas=0  encerra2=3",20,1.8040293040293,0.192307692307692,0.0338409475465313,NA,NA,NA,NA,NA,NA,NA,NA
"198","sexo2=0,comdrogas=0,tipores3=1  encerra2=3",21,1.4812030075188,0.157894736842105,0.0355329949238579,NA,NA,NA,NA,NA,NA,NA,NA
"199","raca3=1,mumigual=1,tipores3=1  encerra2=3",19,1.42590476190476,0.152,0.0321489001692047,NA,NA,NA,NA,NA,NA,NA,NA
"200","raca3=1,mumigual=1,ppl=0  encerra2=3",19,1.27312925170068,0.135714285714286,0.0321489001692047,NA,NA,NA,NA,NA,NA,NA,NA
"201","escol4=1,mumigual=1,alcool=0  encerra2=3",18,1.40714285714286,0.15,0.0304568527918782,NA,NA,NA,NA,NA,NA,NA,NA
"202","escol4=1,mumigual=1,cavitacao=1  encerra2=3",20,1.43220647037441,0.152671755725191,0.0338409475465313,NA,NA,NA,NA,NA,NA,NA,NA
"203","escol4=1,mumigual=1,comdrogas=0  encerra2=3",20,1.29392446633826,0.137931034482759,0.0338409475465313,NA,NA,NA,NA,NA,NA,NA,NA
"204","mumigual=1,alcool=0,tipores3=1  encerra2=3",20,1.25079365079365,0.133333333333333,0.0338409475465313,NA,NA,NA,NA,NA,NA,NA,NA
"205","mumigual=1,alcool=0,cavitacao=1  encerra2=3",18,1.24159663865546,0.132352941176471,0.0304568527918782,NA,NA,NA,NA,NA,NA,NA,NA
"206","mumigual=1,alcool=0,ppl=0  encerra2=3",21,1.11931818181818,0.119318181818182,0.0355329949238579,NA,NA,NA,NA,NA,NA,NA,NA
"207","mumigual=1,cavitacao=1,tipores3=1  encerra2=3",22,1.31452835911435,0.140127388535032,0.0372250423011844,NA,NA,NA,NA,NA,NA,NA,NA
"208","mumigual=1,comdrogas=0,tipores3=1  encerra2=3",22,1.19988925802879,0.127906976744186,0.0372250423011844,NA,NA,NA,NA,NA,NA,NA,NA
"209","mumigual=1,comdrogas=0,cavitacao=1  encerra2=3",20,1.19502578101304,0.127388535031847,0.0338409475465313,NA,NA,NA,NA,NA,NA,NA,NA
"210","mumigual=1,ppl=0,cavitacao=1  encerra2=3",23,1.17261904761905,0.125,0.038917089678511,NA,NA,NA,NA,NA,NA,NA,NA
"211","raca3=1,mumigual=0,bilateral=1  encerra2=3",18,1.37282229965157,0.146341463414634,0.0304568527918782,NA,NA,NA,NA,NA,NA,NA,NA
"212","escol4=1,mumigual=0,bilateral=1  encerra2=3",24,1.83042973286876,0.195121951219512,0.0406091370558376,NA,NA,NA,NA,NA,NA,NA,NA
"213","sexo2=1,mumigual=0,bilateral=1  encerra2=3",20,1.37955182072829,0.147058823529412,0.0338409475465313,NA,NA,NA,NA,NA,NA,NA,NA
"214","mumigual=0,bilateral=1,tipores3=1  encerra2=3",22,1.46369469773725,0.156028368794326,0.0372250423011844,NA,NA,NA,NA,NA,NA,NA,NA
"215","mumigual=0,cavitacao=1,bilateral=1  encerra2=3",24,1.36450216450216,0.145454545454545,0.0406091370558376,NA,NA,NA,NA,NA,NA,NA,NA
"216","mumigual=0,ppl=0,bilateral=1  encerra2=3",28,1.37521815008726,0.146596858638743,0.0473773265651438,NA,NA,NA,NA,NA,NA,NA,NA
"217","sexo2=1,escol4=1,mumigual=0  encerra2=3",20,1.3306315433975,0.141843971631206,0.0338409475465313,NA,NA,NA,NA,NA,NA,NA,NA
"218","escol4=1,mumigual=0,tipores3=1  encerra2=3",26,1.54370102471368,0.164556962025316,0.0439932318104907,NA,NA,NA,NA,NA,NA,NA,NA
"219","escol4=1,mumigual=0,ppl=0  encerra2=3",29,1.3602380952381,0.145,0.0490693739424704,NA,NA,NA,NA,NA,NA,NA,NA
"220","sexo2=1,mumigual=0,tipores3=1  encerra2=3",20,1.21830550401979,0.12987012987013,0.0338409475465313,NA,NA,NA,NA,NA,NA,NA,NA
"221","sexo2=1,mumigual=0,hiv3=0  encerra2=3",21,1.16568047337278,0.124260355029586,0.0355329949238579,NA,NA,NA,NA,NA,NA,NA,NA
"222","sexo2=1,mumigual=0,cavitacao=1  encerra2=3",24,1.31662489557226,0.140350877192982,0.0406091370558376,NA,NA,NA,NA,NA,NA,NA,NA
"223","sexo2=1,mumigual=0,ppl=0  encerra2=3",26,1.20150129017124,0.12807881773399,0.0439932318104907,NA,NA,NA,NA,NA,NA,NA,NA
"224","mumigual=0,ppl=0,tipores3=1  encerra2=3",30,1.234335839599,0.131578947368421,0.050761421319797,NA,NA,NA,NA,NA,NA,NA,NA
"225","raca3=1,bilateral=1,tipores3=1  encerra2=3",29,1.47851966873706,0.157608695652174,0.0490693739424704,NA,NA,NA,NA,NA,NA,NA,NA
"226","raca3=1,cavitacao=1,bilateral=1  encerra2=3",28,1.44322344322344,0.153846153846154,0.0473773265651438,NA,NA,NA,NA,NA,NA,NA,NA
"227","raca3=1,comdrogas=0,bilateral=1  encerra2=3",28,1.46741154562384,0.156424581005587,0.0473773265651438,NA,NA,NA,NA,NA,NA,NA,NA
"228","raca3=1,ppl=0,bilateral=1  encerra2=3",32,1.39623477297896,0.148837209302326,0.0541455160744501,NA,NA,NA,NA,NA,NA,NA,NA
"229","raca3=1,escol4=1,alcool=0  encerra2=3",25,1.36351052048726,0.145348837209302,0.0423011844331641,NA,NA,NA,NA,NA,NA,NA,NA
"230","raca3=1,escol4=1,tipores3=1  encerra2=3",35,1.55608214849921,0.165876777251185,0.0592216582064298,NA,NA,NA,NA,NA,NA,NA,NA
"231","raca3=1,escol4=1,comdrogas=0  encerra2=3",30,1.34654818865345,0.143540669856459,0.050761421319797,NA,NA,NA,NA,NA,NA,NA,NA
"232","raca3=1,escol4=1,ppl=0  encerra2=3",36,1.36175115207373,0.145161290322581,0.0609137055837563,NA,NA,NA,NA,NA,NA,NA,NA
"233","raca3=1,alcool=0,tipores3=1  encerra2=3",29,1.40957315568715,0.150259067357513,0.0490693739424704,NA,NA,NA,NA,NA,NA,NA,NA
"234","raca3=1,cavitacao=1,tipores3=1  encerra2=3",34,1.44322344322344,0.153846153846154,0.0575296108291032,NA,NA,NA,NA,NA,NA,NA,NA
"235","raca3=1,comdrogas=0,tipores3=1  encerra2=3",34,1.38674948240166,0.147826086956522,0.0575296108291032,NA,NA,NA,NA,NA,NA,NA,NA
"236","raca3=1,ppl=0,tipores3=1  encerra2=3",40,1.40538612448725,0.149812734082397,0.0676818950930626,NA,NA,NA,NA,NA,NA,NA,NA
"237","raca3=1,comdrogas=0,cavitacao=1  encerra2=3",32,1.29392446633826,0.137931034482759,0.0541455160744501,NA,NA,NA,NA,NA,NA,NA,NA
"238","raca3=1,ppl=0,cavitacao=1  encerra2=3",37,1.29031687024252,0.137546468401487,0.0626057529610829,NA,NA,NA,NA,NA,NA,NA,NA
"239","raca3=1,comdrogas=0,ppl=0  encerra2=3",37,1.20102158510463,0.1280276816609,0.0626057529610829,NA,NA,NA,NA,NA,NA,NA,NA
"240","escol4=1,alcool=0,bilateral=1  encerra2=3",29,1.74389499389499,0.185897435897436,0.0490693739424704,NA,NA,NA,NA,NA,NA,NA,NA
"241","escol4=1,bilateral=1,tipores3=1  encerra2=3",40,1.87619047619048,0.2,0.0676818950930626,NA,NA,NA,NA,NA,NA,NA,NA
"242","escol4=1,cavitacao=1,bilateral=1  encerra2=3",38,1.82808302808303,0.194871794871795,0.0642978003384095,NA,NA,NA,NA,NA,NA,NA,NA
"243","cavitacao=1,bilateral=1,tipores3=1  encerra2=3",37,1.4283754654125,0.152263374485597,0.0626057529610829,NA,NA,NA,NA,NA,NA,NA,NA
"244","comdrogas=0,bilateral=1,tipores3=1  encerra2=3",35,1.4031339031339,0.14957264957265,0.0592216582064298,NA,NA,NA,NA,NA,NA,NA,NA
"245","ppl=0,bilateral=1,tipores3=1  encerra2=3",43,1.40062830687831,0.149305555555556,0.0727580372250423,NA,NA,NA,NA,NA,NA,NA,NA
"246","comdrogas=0,cavitacao=1,bilateral=1  encerra2=3",36,1.39551357733176,0.148760330578512,0.0609137055837563,NA,NA,NA,NA,NA,NA,NA,NA
"247","ppl=0,cavitacao=1,bilateral=1  encerra2=3",43,1.38144161774299,0.147260273972603,0.0727580372250423,NA,NA,NA,NA,NA,NA,NA,NA
"248","comdrogas=0,ppl=0,bilateral=1  encerra2=3",41,1.31269299528685,0.139931740614334,0.0693739424703892,NA,NA,NA,NA,NA,NA,NA,NA
"249","escol4=1,alcool=0,tipores3=1  encerra2=3",33,1.52498240675581,0.16256157635468,0.0558375634517767,NA,NA,NA,NA,NA,NA,NA,NA
"250","escol4=1,alcool=0,cavitacao=1  encerra2=3",31,1.45404761904762,0.155,0.0524534686971235,NA,NA,NA,NA,NA,NA,NA,NA
"251","escol4=1,alcool=0,ppl=0  encerra2=3",36,1.37842565597668,0.146938775510204,0.0609137055837563,NA,NA,NA,NA,NA,NA,NA,NA
"252","escol4=1,cavitacao=1,tipores3=1  encerra2=3",42,1.62809917355372,0.173553719008264,0.0710659898477157,NA,NA,NA,NA,NA,NA,NA,NA
"253","escol4=1,ppl=0,tipores3=1  encerra2=3",49,1.55292792792793,0.165540540540541,0.0829103214890017,NA,NA,NA,NA,NA,NA,NA,NA
"254","escol4=1,comdrogas=0,cavitacao=1  encerra2=3",36,1.44941753525445,0.15450643776824,0.0609137055837563,NA,NA,NA,NA,NA,NA,NA,NA
"255","escol4=1,ppl=0,cavitacao=1  encerra2=3",46,1.50356728057076,0.160278745644599,0.077834179357022,NA,NA,NA,NA,NA,NA,NA,NA
"256","sexo2=1,hiv3=0,cavitacao=1  encerra2=3",29,1.11953752694493,0.119341563786008,0.0490693739424704,NA,NA,NA,NA,NA,NA,NA,NA
"257","sexo2=1,ppl=0,cavitacao=1  encerra2=3",36,1.18496240601504,0.126315789473684,0.0609137055837563,NA,NA,NA,NA,NA,NA,NA,NA
"258","alcool=0,ppl=0,tipores3=1  encerra2=3",40,1.22227392585699,0.130293159609121,0.0676818950930626,NA,NA,NA,NA,NA,NA,NA,NA
"259","ppl=0,cavitacao=1,tipores3=1  encerra2=3",47,1.31613361762615,0.140298507462687,0.0795262267343486,NA,NA,NA,NA,NA,NA,NA,NA
"260","hiv3=2,pdres5=1,bilateral=0  encerra2=0",22,1.11413881748072,0.733333333333333,0.0372250423011844,NA,NA,NA,NA,NA,NA,NA,NA
"261","raca3=0,hiv3=2,alcool=0  encerra2=0",20,1.12539274493002,0.740740740740741,0.0338409475465313,NA,NA,NA,NA,NA,NA,NA,NA
"262","alcool=0,comdiab=1,tipores3=0  encerra2=0",23,1.29420165666952,0.851851851851852,0.038917089678511,NA,NA,NA,NA,NA,NA,NA,NA
"263","comdiab=1,comtabagis=0,tipores3=0  encerra2=0",21,1.22711093533716,0.807692307692308,0.0355329949238579,NA,NA,NA,NA,NA,NA,NA,NA
"264","escol4=0,comdiab=1,bilateral=1  encerra2=0",18,1.18900190007824,0.782608695652174,0.0304568527918782,NA,NA,NA,NA,NA,NA,NA,NA
"265","escol4=0,alcool=0,comdiab=1  encerra2=0",22,1.23793201942302,0.814814814814815,0.0372250423011844,NA,NA,NA,NA,NA,NA,NA,NA
"266","escol4=0,comdiab=1,comdrogas=0  encerra2=0",23,1.20494637000266,0.793103448275862,0.038917089678511,NA,NA,NA,NA,NA,NA,NA,NA
"267","fxet3=1,escol4=0,comdiab=1  encerra2=0",22,1.19372016158649,0.785714285714286,0.0372250423011844,NA,NA,NA,NA,NA,NA,NA,NA
"268","escol4=1,comdiab=1,bilateral=0  encerra2=0",19,1.1546529562982,0.76,0.0321489001692047,NA,NA,NA,NA,NA,NA,NA,NA
"269","comdiab=1,comtabagis=0,bilateral=0  encerra2=0",22,1.19372016158649,0.785714285714286,0.0372250423011844,NA,NA,NA,NA,NA,NA,NA,NA
"270","comdiab=1,comdrogas=0,bilateral=0  encerra2=0",24,1.21542416452442,0.8,0.0406091370558376,NA,NA,NA,NA,NA,NA,NA,NA
"271","fxet3=1,comdiab=1,bilateral=0  encerra2=0",20,1.16867708127348,0.769230769230769,0.0338409475465313,NA,NA,NA,NA,NA,NA,NA,NA
"272","comdiab=1,pdres5=1,bilateral=0  encerra2=0",24,1.17621693341073,0.774193548387097,0.0406091370558376,NA,NA,NA,NA,NA,NA,NA,NA
"273","raca3=0,alcool=0,comdiab=1  encerra2=0",28,1.18166238217652,0.777777777777778,0.0473773265651438,NA,NA,NA,NA,NA,NA,NA,NA
"274","raca3=0,hiv3=0,comdiab=1  encerra2=0",26,1.12860815277268,0.742857142857143,0.0439932318104907,NA,NA,NA,NA,NA,NA,NA,NA
"275","raca3=0,fxet3=1,comdiab=1  encerra2=0",25,1.15096985276934,0.757575757575758,0.0423011844331641,NA,NA,NA,NA,NA,NA,NA,NA
"276","escol4=1,mumigual=1,comdiab=1  encerra2=0",18,1.13946015424165,0.75,0.0304568527918782,NA,NA,NA,NA,NA,NA,NA,NA
"277","mumigual=1,hiv3=0,comdiab=1  encerra2=0",21,1.18166238217652,0.777777777777778,0.0355329949238579,NA,NA,NA,NA,NA,NA,NA,NA
"278","mumigual=1,comdiab=1,comdrogas=0  encerra2=0",25,1.11711779827612,0.735294117647059,0.0423011844331641,NA,NA,NA,NA,NA,NA,NA,NA
"279","sexo2=1,alcool=0,comdiab=1  encerra2=0",31,1.17744215938303,0.775,0.0524534686971235,NA,NA,NA,NA,NA,NA,NA,NA
"280","hiv3=0,alcool=0,comdiab=1  encerra2=0",48,1.13946015424165,0.75,0.0812182741116751,NA,NA,NA,NA,NA,NA,NA,NA
"281","fxet3=1,alcool=0,comdiab=1  encerra2=0",45,1.10270337507256,0.725806451612903,0.0761421319796954,NA,NA,NA,NA,NA,NA,NA,NA
"282","sexo2=1,comdrogas=1,bilateral=1  encerra2=1",19,2.10438530734633,0.327586206896552,0.0321489001692047,NA,NA,NA,NA,NA,NA,NA,NA
"283","comdrogas=1,cavitacao=1,bilateral=1  encerra2=1",20,2.25400457665904,0.350877192982456,0.0338409475465313,NA,NA,NA,NA,NA,NA,NA,NA
"284","comdrogas=1,ppl=0,bilateral=1  encerra2=1",22,2.1742474916388,0.338461538461538,0.0372250423011844,NA,NA,NA,NA,NA,NA,NA,NA
"285","comdrogas=1,pdres5=1,bilateral=1  encerra2=1",23,2.11071428571429,0.328571428571429,0.038917089678511,NA,NA,NA,NA,NA,NA,NA,NA
"286","sexo2=1,comtabagis=0,comdrogas=1  encerra2=1",18,2.26726342710997,0.352941176470588,0.0304568527918782,NA,NA,NA,NA,NA,NA,NA,NA
"287","comtabagis=0,comdrogas=1,tipores3=1  encerra2=1",18,2.31260869565217,0.36,0.0304568527918782,NA,NA,NA,NA,NA,NA,NA,NA
"288","comtabagis=0,comdrogas=1,cavitacao=1  encerra2=1",18,2.40896739130435,0.375,0.0304568527918782,NA,NA,NA,NA,NA,NA,NA,NA
"289","comtabagis=0,comdrogas=1,pdres5=1  encerra2=1",21,2.24836956521739,0.35,0.0355329949238579,NA,NA,NA,NA,NA,NA,NA,NA
"290","comdrogas=1,pdres5=1,cavitacao=1  encerra2=1",28,2.19353128313892,0.341463414634146,0.0473773265651438,NA,NA,NA,NA,NA,NA,NA,NA
"291","comdiab=0,comtabagis=1,bilateral=1  encerra2=1",18,1.32908545727136,0.206896551724138,0.0304568527918782,NA,NA,NA,NA,NA,NA,NA,NA
"292","fxet3=1,comtabagis=1,bilateral=1  encerra2=1",19,1.38698122529644,0.215909090909091,0.0321489001692047,NA,NA,NA,NA,NA,NA,NA,NA
"293","comtabagis=1,pdres5=1,bilateral=1  encerra2=1",19,1.29845050878816,0.202127659574468,0.0321489001692047,NA,NA,NA,NA,NA,NA,NA,NA
"294","sexo2=1,comdiab=0,comtabagis=1  encerra2=1",19,1.19661125319693,0.186274509803922,0.0321489001692047,NA,NA,NA,NA,NA,NA,NA,NA
"295","sexo2=1,fxet3=1,comtabagis=1  encerra2=1",19,1.25829224562976,0.195876288659794,0.0321489001692047,NA,NA,NA,NA,NA,NA,NA,NA
"296","sexo2=1,comtabagis=1,pdres5=1  encerra2=1",20,1.17869964100519,0.18348623853211,0.0338409475465313,NA,NA,NA,NA,NA,NA,NA,NA
"297","fxet3=1,comtabagis=1,cavitacao=1  encerra2=1",20,1.25959079283887,0.196078431372549,0.0338409475465313,NA,NA,NA,NA,NA,NA,NA,NA
"298","comtabagis=1,pdres5=1,cavitacao=1  encerra2=1",21,1.21533490011751,0.189189189189189,0.0355329949238579,NA,NA,NA,NA,NA,NA,NA,NA
"299","comdiab=0,comtabagis=1,pdres5=1  encerra2=1",23,1.154296875,0.1796875,0.038917089678511,NA,NA,NA,NA,NA,NA,NA,NA
"300","fxet3=1,comtabagis=1,pdres5=1  encerra2=1",24,1.21396781923999,0.188976377952756,0.0406091370558376,NA,NA,NA,NA,NA,NA,NA,NA
"301","mumigual=0,alcool=1,bilateral=1  encerra2=1",18,2.06482919254658,0.321428571428571,0.0304568527918782,NA,NA,NA,NA,NA,NA,NA,NA
"302","sexo2=1,mumigual=0,alcool=1  encerra2=1",21,1.84797498511018,0.287671232876712,0.0355329949238579,NA,NA,NA,NA,NA,NA,NA,NA
"303","mumigual=0,alcool=1,tipores3=1  encerra2=1",18,1.75197628458498,0.272727272727273,0.0304568527918782,NA,NA,NA,NA,NA,NA,NA,NA
"304","mumigual=0,hiv3=0,alcool=1  encerra2=1",20,1.94664031620553,0.303030303030303,0.0338409475465313,NA,NA,NA,NA,NA,NA,NA,NA
"305","mumigual=0,alcool=1,cavitacao=1  encerra2=1",22,1.96286231884058,0.305555555555556,0.0372250423011844,NA,NA,NA,NA,NA,NA,NA,NA
"306","fxet3=1,mumigual=0,alcool=1  encerra2=1",22,1.811872909699,0.282051282051282,0.0372250423011844,NA,NA,NA,NA,NA,NA,NA,NA
"307","mumigual=0,alcool=1,pdres5=1  encerra2=1",23,1.75892857142857,0.273809523809524,0.038917089678511,NA,NA,NA,NA,NA,NA,NA,NA
"308","raca3=1,fxet3=1,alcool=1  encerra2=1",23,1.5718085106383,0.24468085106383,0.038917089678511,NA,NA,NA,NA,NA,NA,NA,NA
"309","sexo2=1,alcool=1,bilateral=1  encerra2=1",24,1.79271991911021,0.27906976744186,0.0406091370558376,NA,NA,NA,NA,NA,NA,NA,NA
"310","alcool=1,bilateral=1,tipores3=1  encerra2=1",23,1.78012048192771,0.27710843373494,0.038917089678511,NA,NA,NA,NA,NA,NA,NA,NA
"311","alcool=1,comdiab=0,bilateral=1  encerra2=1",25,1.70848751156337,0.265957446808511,0.0423011844331641,NA,NA,NA,NA,NA,NA,NA,NA
"312","fxet3=1,alcool=1,bilateral=1  encerra2=1",26,1.7398097826087,0.270833333333333,0.0439932318104907,NA,NA,NA,NA,NA,NA,NA,NA
"313","alcool=1,ppl=0,bilateral=1  encerra2=1",27,1.73445652173913,0.27,0.0456852791878173,NA,NA,NA,NA,NA,NA,NA,NA
"314","alcool=1,pdres5=1,bilateral=1  encerra2=1",27,1.71728368489023,0.267326732673267,0.0456852791878173,NA,NA,NA,NA,NA,NA,NA,NA
"315","sexo2=1,alcool=1,tipores3=1  encerra2=1",28,1.65017949740726,0.256880733944954,0.0473773265651438,NA,NA,NA,NA,NA,NA,NA,NA
"316","sexo2=1,alcool=1,comtabagis=0  encerra2=1",18,1.89558089807555,0.295081967213115,0.0304568527918782,NA,NA,NA,NA,NA,NA,NA,NA
"317","sexo2=1,hiv3=0,alcool=1  encerra2=1",26,1.56095083299472,0.242990654205607,0.0439932318104907,NA,NA,NA,NA,NA,NA,NA,NA
"318","sexo2=1,alcool=1,cavitacao=1  encerra2=1",28,1.66545893719807,0.259259259259259,0.0473773265651438,NA,NA,NA,NA,NA,NA,NA,NA
"319","sexo2=1,fxet3=1,alcool=1  encerra2=1",31,1.64579590370104,0.256198347107438,0.0524534686971235,NA,NA,NA,NA,NA,NA,NA,NA
"320","sexo2=1,alcool=1,pdres5=1  encerra2=1",32,1.56920013275805,0.244274809160305,0.0541455160744501,NA,NA,NA,NA,NA,NA,NA,NA
"321","hiv3=0,alcool=1,tipores3=1  encerra2=1",23,1.55526315789474,0.242105263157895,0.038917089678511,NA,NA,NA,NA,NA,NA,NA,NA
"322","alcool=1,cavitacao=1,tipores3=1  encerra2=1",26,1.67021739130435,0.26,0.0439932318104907,NA,NA,NA,NA,NA,NA,NA,NA
"323","fxet3=1,alcool=1,tipores3=1  encerra2=1",29,1.6341533180778,0.254385964912281,0.0490693739424704,NA,NA,NA,NA,NA,NA,NA,NA
"324","alcool=1,ppl=0,tipores3=1  encerra2=1",30,1.55417251051893,0.241935483870968,0.050761421319797,NA,NA,NA,NA,NA,NA,NA,NA
"325","alcool=1,pdres5=1,tipores3=1  encerra2=1",30,1.55417251051893,0.241935483870968,0.050761421319797,NA,NA,NA,NA,NA,NA,NA,NA
"326","alcool=1,comtabagis=0,ppl=0  encerra2=1",18,1.65186335403727,0.257142857142857,0.0304568527918782,NA,NA,NA,NA,NA,NA,NA,NA
"327","alcool=1,comtabagis=0,pdres5=1  encerra2=1",18,1.65186335403727,0.257142857142857,0.0304568527918782,NA,NA,NA,NA,NA,NA,NA,NA
"328","hiv3=0,alcool=1,cavitacao=1  encerra2=1",26,1.60597826086957,0.25,0.0439932318104907,NA,NA,NA,NA,NA,NA,NA,NA
"329","fxet3=1,alcool=1,cavitacao=1  encerra2=1",29,1.60597826086957,0.25,0.0490693739424704,NA,NA,NA,NA,NA,NA,NA,NA
"330","alcool=1,pdres5=1,cavitacao=1  encerra2=1",30,1.55417251051893,0.241935483870968,0.050761421319797,NA,NA,NA,NA,NA,NA,NA,NA
"331","fxet3=1,alcool=1,pdres5=1  encerra2=1",34,1.57131685955583,0.244604316546763,0.0575296108291032,NA,NA,NA,NA,NA,NA,NA,NA
"332","escol4=1,mumigual=0,bilateral=0  encerra2=1",19,1.37139716658525,0.213483146067416,0.0321489001692047,NA,NA,NA,NA,NA,NA,NA,NA
"333","sexo2=1,mumigual=0,bilateral=0  encerra2=1",18,1.42753623188406,0.222222222222222,0.0304568527918782,NA,NA,NA,NA,NA,NA,NA,NA
"334","mumigual=0,hiv3=0,bilateral=0  encerra2=1",20,1.117202268431,0.173913043478261,0.0338409475465313,NA,NA,NA,NA,NA,NA,NA,NA
"335","sexo2=1,escol4=1,bilateral=0  encerra2=1",22,1.37209793161672,0.213592233009709,0.0372250423011844,NA,NA,NA,NA,NA,NA,NA,NA
"336","escol4=1,comtabagis=0,bilateral=0  encerra2=1",25,1.43390916149068,0.223214285714286,0.0423011844331641,NA,NA,NA,NA,NA,NA,NA,NA
"337","escol4=1,hiv3=0,bilateral=0  encerra2=1",23,1.34318181818182,0.209090909090909,0.038917089678511,NA,NA,NA,NA,NA,NA,NA,NA
"338","escol4=1,cavitacao=1,bilateral=0  encerra2=1",23,1.36805555555556,0.212962962962963,0.038917089678511,NA,NA,NA,NA,NA,NA,NA,NA
"339","escol4=1,comdiab=0,bilateral=0  encerra2=1",29,1.49034782608696,0.232,0.0490693739424704,NA,NA,NA,NA,NA,NA,NA,NA
"340","fxet3=1,escol4=1,bilateral=0  encerra2=1",29,1.40070284406669,0.218045112781955,0.0490693739424704,NA,NA,NA,NA,NA,NA,NA,NA
"341","escol4=1,pdres5=1,bilateral=0  encerra2=1",31,1.35470275066548,0.210884353741497,0.0524534686971235,NA,NA,NA,NA,NA,NA,NA,NA
"342","sexo2=1,alcool=0,bilateral=0  encerra2=1",20,1.42753623188406,0.222222222222222,0.0338409475465313,NA,NA,NA,NA,NA,NA,NA,NA
"343","sexo2=1,comtabagis=0,bilateral=0  encerra2=1",22,1.39926818768833,0.217821782178218,0.0372250423011844,NA,NA,NA,NA,NA,NA,NA,NA
"344","sexo2=1,comdiab=0,bilateral=0  encerra2=1",25,1.3383152173913,0.208333333333333,0.0423011844331641,NA,NA,NA,NA,NA,NA,NA,NA
"345","sexo2=1,fxet3=1,bilateral=0  encerra2=1",27,1.43343514193317,0.223140495867769,0.0456852791878173,NA,NA,NA,NA,NA,NA,NA,NA
"346","sexo2=1,pdres5=1,bilateral=0  encerra2=1",28,1.33236714975845,0.207407407407407,0.0473773265651438,NA,NA,NA,NA,NA,NA,NA,NA
"347","alcool=0,bilateral=0,tipores3=1  encerra2=1",20,1.17869964100519,0.18348623853211,0.0338409475465313,NA,NA,NA,NA,NA,NA,NA,NA
"348","alcool=0,comdiab=0,bilateral=0  encerra2=1",28,1.27567067530065,0.198581560283688,0.0473773265651438,NA,NA,NA,NA,NA,NA,NA,NA
"349","fxet3=1,alcool=0,bilateral=0  encerra2=1",28,1.15301003344482,0.179487179487179,0.0473773265651438,NA,NA,NA,NA,NA,NA,NA,NA
"350","alcool=0,pdres5=1,bilateral=0  encerra2=1",30,1.14712732919255,0.178571428571429,0.050761421319797,NA,NA,NA,NA,NA,NA,NA,NA
"351","comtabagis=0,bilateral=0,tipores3=1  encerra2=1",25,1.30567338282078,0.203252032520325,0.0423011844331641,NA,NA,NA,NA,NA,NA,NA,NA
"352","cavitacao=1,bilateral=0,tipores3=1  encerra2=1",19,1.16242236024845,0.180952380952381,0.0321489001692047,NA,NA,NA,NA,NA,NA,NA,NA
"353","fxet3=1,bilateral=0,tipores3=1  encerra2=1",26,1.23719806763285,0.192592592592593,0.0439932318104907,NA,NA,NA,NA,NA,NA,NA,NA
"354","pdres5=1,bilateral=0,tipores3=1  encerra2=1",27,1.16406477969069,0.181208053691275,0.0456852791878173,NA,NA,NA,NA,NA,NA,NA,NA
"355","comtabagis=0,cavitacao=1,bilateral=0  encerra2=1",23,1.182,0.184,0.038917089678511,NA,NA,NA,NA,NA,NA,NA,NA
"356","comdiab=0,comtabagis=0,bilateral=0  encerra2=1",29,1.25873971797885,0.195945945945946,0.0490693739424704,NA,NA,NA,NA,NA,NA,NA,NA
"357","fxet3=1,comtabagis=0,bilateral=0  encerra2=1",31,1.23690251147718,0.192546583850932,0.0524534686971235,NA,NA,NA,NA,NA,NA,NA,NA
"358","comtabagis=0,pdres5=1,bilateral=0  encerra2=1",32,1.18823825081679,0.184971098265896,0.0541455160744501,NA,NA,NA,NA,NA,NA,NA,NA
"359","comdiab=0,cavitacao=1,bilateral=0  encerra2=1",25,1.18086636828645,0.183823529411765,0.0423011844331641,NA,NA,NA,NA,NA,NA,NA,NA
"360","pdres5=1,cavitacao=1,bilateral=0  encerra2=1",28,1.14566602049294,0.178343949044586,0.0473773265651438,NA,NA,NA,NA,NA,NA,NA,NA
"361","fxet3=1,comdiab=0,bilateral=0  encerra2=1",33,1.21136645962733,0.188571428571429,0.0558375634517767,NA,NA,NA,NA,NA,NA,NA,NA
"362","comdiab=0,pdres5=1,bilateral=0  encerra2=1",34,1.16177150786309,0.180851063829787,0.0575296108291032,NA,NA,NA,NA,NA,NA,NA,NA
"363","fxet3=1,pdres5=1,bilateral=0  encerra2=1",36,1.16798418972332,0.181818181818182,0.0609137055837563,NA,NA,NA,NA,NA,NA,NA,NA
"364","sexo2=1,raca3=0,escol4=1  encerra2=1",22,1.47214673913043,0.229166666666667,0.0372250423011844,NA,NA,NA,NA,NA,NA,NA,NA
"365","raca3=0,escol4=1,alcool=0  encerra2=1",19,1.35615942028986,0.211111111111111,0.0321489001692047,NA,NA,NA,NA,NA,NA,NA,NA
"366","raca3=0,escol4=1,comdiab=0  encerra2=1",25,1.50091426249492,0.233644859813084,0.0423011844331641,NA,NA,NA,NA,NA,NA,NA,NA
"367","raca3=0,fxet3=1,escol4=1  encerra2=1",25,1.39650283553875,0.217391304347826,0.0423011844331641,NA,NA,NA,NA,NA,NA,NA,NA
"368","raca3=0,escol4=1,pdres5=1  encerra2=1",27,1.36571379664498,0.21259842519685,0.0456852791878173,NA,NA,NA,NA,NA,NA,NA,NA
"369","sexo2=1,raca3=0,tipores3=1  encerra2=1",21,1.23763462305544,0.192660550458716,0.0355329949238579,NA,NA,NA,NA,NA,NA,NA,NA
"370","sexo2=1,raca3=0,comdiab=0  encerra2=1",25,1.21665019762846,0.189393939393939,0.0423011844331641,NA,NA,NA,NA,NA,NA,NA,NA
"371","sexo2=1,raca3=0,fxet3=1  encerra2=1",27,1.23889751552795,0.192857142857143,0.0456852791878173,NA,NA,NA,NA,NA,NA,NA,NA
"372","sexo2=1,raca3=0,pdres5=1  encerra2=1",29,1.1941889632107,0.185897435897436,0.0490693739424704,NA,NA,NA,NA,NA,NA,NA,NA
"373","raca3=1,mumigual=0,tipores3=1  encerra2=1",28,1.183352402746,0.184210526315789,0.0473773265651438,NA,NA,NA,NA,NA,NA,NA,NA
"374","mumigual=0,cavitacao=1,bilateral=1  encerra2=1",31,1.20691699604743,0.187878787878788,0.0524534686971235,NA,NA,NA,NA,NA,NA,NA,NA
"375","sexo2=1,escol4=1,mumigual=0  encerra2=1",29,1.32123034227567,0.205673758865248,0.0490693739424704,NA,NA,NA,NA,NA,NA,NA,NA
"376","escol4=1,mumigual=0,cavitacao=1  encerra2=1",36,1.34453993933266,0.209302325581395,0.0609137055837563,NA,NA,NA,NA,NA,NA,NA,NA
"377","escol4=1,mumigual=0,comdiab=0  encerra2=1",35,1.2921664167916,0.201149425287356,0.0592216582064298,NA,NA,NA,NA,NA,NA,NA,NA
"378","fxet3=1,escol4=1,mumigual=0  encerra2=1",39,1.32556935817805,0.206349206349206,0.065989847715736,NA,NA,NA,NA,NA,NA,NA,NA
"379","escol4=1,mumigual=0,pdres5=1  encerra2=1",40,1.2473617560152,0.194174757281553,0.0676818950930626,NA,NA,NA,NA,NA,NA,NA,NA
"380","sexo2=1,mumigual=0,tipores3=1  encerra2=1",33,1.37655279503106,0.214285714285714,0.0558375634517767,NA,NA,NA,NA,NA,NA,NA,NA
"381","sexo2=1,mumigual=0,hiv3=0  encerra2=1",34,1.29238487265243,0.201183431952663,0.0575296108291032,NA,NA,NA,NA,NA,NA,NA,NA
"382","sexo2=1,mumigual=0,comdiab=0  encerra2=1",38,1.29845050878816,0.202127659574468,0.0642978003384095,NA,NA,NA,NA,NA,NA,NA,NA
"383","sexo2=1,mumigual=0,pdres5=1  encerra2=1",42,1.27869359159283,0.199052132701422,0.0710659898477157,NA,NA,NA,NA,NA,NA,NA,NA
"384","mumigual=0,hiv3=0,tipores3=1  encerra2=1",32,1.14840903570561,0.17877094972067,0.0541455160744501,NA,NA,NA,NA,NA,NA,NA,NA
"385","mumigual=0,cavitacao=1,tipores3=1  encerra2=1",37,1.24442294559527,0.193717277486911,0.0626057529610829,NA,NA,NA,NA,NA,NA,NA,NA
"386","fxet3=1,mumigual=0,tipores3=1  encerra2=1",40,1.19514661274014,0.186046511627907,0.0676818950930626,NA,NA,NA,NA,NA,NA,NA,NA
"387","mumigual=0,pdres5=1,tipores3=1  encerra2=1",41,1.13526049475262,0.176724137931034,0.0693739424703892,NA,NA,NA,NA,NA,NA,NA,NA
"388","fxet3=1,mumigual=0,cavitacao=1  encerra2=1",48,1.21876611101564,0.189723320158103,0.0812182741116751,NA,NA,NA,NA,NA,NA,NA,NA
"389","mumigual=0,pdres5=1,cavitacao=1  encerra2=1",49,1.20141885164288,0.187022900763359,0.0829103214890017,NA,NA,NA,NA,NA,NA,NA,NA
"390","fxet3=1,mumigual=0,comdiab=0  encerra2=1",49,1.17015516405366,0.182156133828996,0.0829103214890017,NA,NA,NA,NA,NA,NA,NA,NA
"391","fxet3=1,mumigual=0,pdres5=1  encerra2=1",54,1.13734853884533,0.177049180327869,0.0913705583756345,NA,NA,NA,NA,NA,NA,NA,NA
"392","sexo2=1,raca3=1,comtabagis=0  encerra2=1",31,1.17141943734015,0.182352941176471,0.0524534686971235,NA,NA,NA,NA,NA,NA,NA,NA
"393","raca3=1,comtabagis=0,tipores3=1  encerra2=1",36,1.10651133763262,0.172248803827751,0.0609137055837563,NA,NA,NA,NA,NA,NA,NA,NA
"394","raca3=1,cavitacao=1,tipores3=1  encerra2=1",39,1.13363171355499,0.176470588235294,0.065989847715736,NA,NA,NA,NA,NA,NA,NA,NA
"395","raca3=1,comdiab=0,tipores3=1  encerra2=1",42,1.10575552387741,0.172131147540984,0.0710659898477157,NA,NA,NA,NA,NA,NA,NA,NA
"396","raca3=1,fxet3=1,tipores3=1  encerra2=1",46,1.19635627530364,0.186234817813765,0.077834179357022,NA,NA,NA,NA,NA,NA,NA,NA
"397","raca3=1,pdres5=1,tipores3=1  encerra2=1",47,1.10191209139956,0.171532846715328,0.0795262267343486,NA,NA,NA,NA,NA,NA,NA,NA
"398","raca3=1,comdiab=0,comtabagis=0  encerra2=1",40,1.11236589497459,0.173160173160173,0.0676818950930626,NA,NA,NA,NA,NA,NA,NA,NA
"399","raca3=1,comdiab=0,cavitacao=1  encerra2=1",42,1.11952011546094,0.174273858921162,0.0710659898477157,NA,NA,NA,NA,NA,NA,NA,NA
"400","raca3=1,fxet3=1,cavitacao=1  encerra2=1",47,1.15679660169915,0.18007662835249,0.0795262267343486,NA,NA,NA,NA,NA,NA,NA,NA
"401","raca3=1,fxet3=1,comdiab=0  encerra2=1",51,1.16177150786309,0.180851063829787,0.0862944162436548,NA,NA,NA,NA,NA,NA,NA,NA
"402","raca3=1,fxet3=1,pdres5=1  encerra2=1",55,1.12880261147382,0.175718849840256,0.0930626057529611,NA,NA,NA,NA,NA,NA,NA,NA
"403","sexo2=1,escol4=1,tipores3=1  encerra2=1",41,1.2193538647343,0.189814814814815,0.0693739424703892,NA,NA,NA,NA,NA,NA,NA,NA
"404","sexo2=1,escol4=1,comdiab=0  encerra2=1",47,1.25279631968248,0.195020746887967,0.0795262267343486,NA,NA,NA,NA,NA,NA,NA,NA
"405","sexo2=1,escol4=1,pdres5=1  encerra2=1",50,1.20297997068881,0.187265917602996,0.0846023688663283,NA,NA,NA,NA,NA,NA,NA,NA
"406","escol4=1,alcool=0,comdiab=0  encerra2=1",41,1.266252090301,0.197115384615385,0.0693739424703892,NA,NA,NA,NA,NA,NA,NA,NA
"407","escol4=1,comtabagis=0,cavitacao=1  encerra2=1",40,1.20636864666258,0.187793427230047,0.0676818950930626,NA,NA,NA,NA,NA,NA,NA,NA
"408","escol4=1,comdiab=0,comtabagis=0  encerra2=1",46,1.31333333333333,0.204444444444444,0.077834179357022,NA,NA,NA,NA,NA,NA,NA,NA
"409","fxet3=1,escol4=1,comtabagis=0  encerra2=1",49,1.3061068013711,0.203319502074689,0.0829103214890017,NA,NA,NA,NA,NA,NA,NA,NA
"410","escol4=1,comtabagis=0,pdres5=1  encerra2=1",50,1.1984912394549,0.186567164179104,0.0846023688663283,NA,NA,NA,NA,NA,NA,NA,NA
"411","escol4=1,pdres5=1,cavitacao=1  encerra2=1",55,1.19363249118684,0.185810810810811,0.0930626057529611,NA,NA,NA,NA,NA,NA,NA,NA
"412","escol4=1,comdiab=0,pdres5=1  encerra2=1",63,1.25296136761341,0.195046439628483,0.106598984771574,NA,NA,NA,NA,NA,NA,NA,NA
"413","sexo2=1,comtabagis=0,tipores3=1  encerra2=1",43,1.28478260869565,0.2,0.0727580372250423,NA,NA,NA,NA,NA,NA,NA,NA
"414","sexo2=1,fxet3=1,tipores3=1  encerra2=1",55,1.32327796775769,0.205992509363296,0.0930626057529611,NA,NA,NA,NA,NA,NA,NA,NA
"415","sexo2=1,pdres5=1,tipores3=1  encerra2=1",56,1.22360248447205,0.19047619047619,0.0947546531302876,NA,NA,NA,NA,NA,NA,NA,NA
"416","sexo2=1,comdiab=0,cavitacao=1  encerra2=1",49,1.19231719367589,0.185606060606061,0.0829103214890017,NA,NA,NA,NA,NA,NA,NA,NA
"417","sexo2=1,pdres5=1,cavitacao=1  encerra2=1",53,1.14635485287659,0.178451178451178,0.089678510998308,NA,NA,NA,NA,NA,NA,NA,NA
"418","sexo2=1,comdiab=0,pdres5=1  encerra2=1",62,1.1853649068323,0.18452380952381,0.104906937394247,NA,NA,NA,NA,NA,NA,NA,NA
"419","sexo2=1,fxet3=1,pdres5=1  encerra2=1",66,1.23608822410952,0.192419825072886,0.111675126903553,NA,NA,NA,NA,NA,NA,NA,NA
"420","fxet3=1,comtabagis=0,tipores3=1  encerra2=1",53,1.13489130434783,0.176666666666667,0.089678510998308,NA,NA,NA,NA,NA,NA,NA,NA
"421","fxet3=1,cavitacao=1,tipores3=1  encerra2=1",56,1.1312551271534,0.176100628930818,0.0947546531302876,NA,NA,NA,NA,NA,NA,NA,NA
"422","fxet3=1,comdiab=0,tipores3=1  encerra2=1",63,1.13046514452271,0.175977653631285,0.106598984771574,NA,NA,NA,NA,NA,NA,NA,NA
"423","fxet3=1,pdres5=1,tipores3=1  encerra2=1",70,1.14130434782609,0.177664974619289,0.11844331641286,NA,NA,NA,NA,NA,NA,NA,NA
"424","fxet3=1,comdiab=0,cavitacao=1  encerra2=1",64,1.13571943310113,0.176795580110497,0.1082910321489,NA,NA,NA,NA,NA,NA,NA,NA
"425","fxet3=1,comdiab=0,pdres5=1  encerra2=1",80,1.12453620017125,0.175054704595186,0.135363790186125,NA,NA,NA,NA,NA,NA,NA,NA
"426","sexo2=1,cavitacao=0,tipores3=0  encerra2=0",21,1.27619537275064,0.84,0.0355329949238579,NA,NA,NA,NA,NA,NA,NA,NA
"427","alcool=0,cavitacao=0,tipores3=0  encerra2=0",28,1.28908623510166,0.848484848484849,0.0473773265651438,NA,NA,NA,NA,NA,NA,NA,NA
"428","comtabagis=0,cavitacao=0,tipores3=0  encerra2=0",25,1.30972431522028,0.862068965517241,0.0423011844331641,NA,NA,NA,NA,NA,NA,NA,NA
"429","hiv3=0,cavitacao=0,tipores3=0  encerra2=0",24,1.35047129391602,0.888888888888889,0.0406091370558376,NA,NA,NA,NA,NA,NA,NA,NA
"430","comdrogas=0,cavitacao=0,tipores3=0  encerra2=0",28,1.37225308897919,0.903225806451613,0.0473773265651438,NA,NA,NA,NA,NA,NA,NA,NA
"431","ppl=0,cavitacao=0,tipores3=0  encerra2=0",28,1.28908623510166,0.848484848484849,0.0473773265651438,NA,NA,NA,NA,NA,NA,NA,NA
"432","raca3=0,escol4=0,cavitacao=0  encerra2=0",23,1.29420165666952,0.851851851851852,0.038917089678511,NA,NA,NA,NA,NA,NA,NA,NA
"433","escol4=0,cavitacao=0,bilateral=1  encerra2=0",21,1.32937017994859,0.875,0.0355329949238579,NA,NA,NA,NA,NA,NA,NA,NA
"434","sexo2=0,alcool=0,cavitacao=0  encerra2=0",31,1.1213734851267,0.738095238095238,0.0524534686971235,NA,NA,NA,NA,NA,NA,NA,NA
"435","sexo2=0,hiv3=0,cavitacao=0  encerra2=0",22,1.19372016158649,0.785714285714286,0.0372250423011844,NA,NA,NA,NA,NA,NA,NA,NA
"436","sexo2=0,comdrogas=0,cavitacao=0  encerra2=0",32,1.13062712979016,0.744186046511628,0.0541455160744501,NA,NA,NA,NA,NA,NA,NA,NA
"437","sexo2=0,fxet3=1,cavitacao=0  encerra2=0",30,1.13946015424165,0.75,0.050761421319797,NA,NA,NA,NA,NA,NA,NA,NA
"438","raca3=0,mumigual=1,cavitacao=0  encerra2=0",23,1.20494637000266,0.793103448275862,0.038917089678511,NA,NA,NA,NA,NA,NA,NA,NA
"439","raca3=0,comtabagis=0,cavitacao=0  encerra2=0",32,1.13062712979016,0.744186046511628,0.0541455160744501,NA,NA,NA,NA,NA,NA,NA,NA
"440","raca3=0,hiv3=0,cavitacao=0  encerra2=0",32,1.24658888669171,0.82051282051282,0.0541455160744501,NA,NA,NA,NA,NA,NA,NA,NA
"441","raca3=0,comdrogas=0,cavitacao=0  encerra2=0",38,1.1782173023451,0.775510204081633,0.0642978003384095,NA,NA,NA,NA,NA,NA,NA,NA
"442","raca3=0,fxet3=1,cavitacao=0  encerra2=0",41,1.13255433512503,0.745454545454545,0.0693739424703892,NA,NA,NA,NA,NA,NA,NA,NA
"443","raca3=0,ppl=0,cavitacao=0  encerra2=0",41,1.11233015056923,0.732142857142857,0.0693739424703892,NA,NA,NA,NA,NA,NA,NA,NA
"444","mumigual=1,alcool=0,cavitacao=0  encerra2=0",35,1.13137887655199,0.74468085106383,0.0592216582064298,NA,NA,NA,NA,NA,NA,NA,NA
"445","mumigual=1,comtabagis=0,cavitacao=0  encerra2=0",33,1.11413881748072,0.733333333333333,0.0558375634517767,NA,NA,NA,NA,NA,NA,NA,NA
"446","mumigual=1,comdrogas=0,cavitacao=0  encerra2=0",41,1.17529223456371,0.773584905660377,0.0693739424703892,NA,NA,NA,NA,NA,NA,NA,NA
"447","raca3=1,mumigual=0,cavitacao=0  encerra2=0",32,1.15754682335659,0.761904761904762,0.0541455160744501,NA,NA,NA,NA,NA,NA,NA,NA
"448","mumigual=0,cavitacao=0,bilateral=1  encerra2=0",25,1.18693766066838,0.78125,0.0423011844331641,NA,NA,NA,NA,NA,NA,NA,NA
"449","sexo2=1,mumigual=0,cavitacao=0  encerra2=0",34,1.12294623896278,0.739130434782609,0.0575296108291032,NA,NA,NA,NA,NA,NA,NA,NA
"450","mumigual=0,hiv3=0,cavitacao=0  encerra2=0",40,1.1915923181612,0.784313725490196,0.0676818950930626,NA,NA,NA,NA,NA,NA,NA,NA
"451","fxet3=1,mumigual=0,cavitacao=0  encerra2=0",43,1.10727201429132,0.728813559322034,0.0727580372250423,NA,NA,NA,NA,NA,NA,NA,NA
"452","mumigual=0,ppl=0,cavitacao=0  encerra2=0",51,1.10690414983474,0.728571428571429,0.0862944162436548,NA,NA,NA,NA,NA,NA,NA,NA
"453","raca3=1,cavitacao=0,bilateral=1  encerra2=0",29,1.15945068326343,0.763157894736842,0.0490693739424704,NA,NA,NA,NA,NA,NA,NA,NA
"454","sexo2=1,raca3=1,cavitacao=0  encerra2=0",35,1.15597406952051,0.760869565217391,0.0592216582064298,NA,NA,NA,NA,NA,NA,NA,NA
"455","raca3=1,alcool=0,cavitacao=0  encerra2=0",42,1.11946962521986,0.736842105263158,0.0710659898477157,NA,NA,NA,NA,NA,NA,NA,NA
"456","sexo2=1,cavitacao=0,bilateral=1  encerra2=0",37,1.14721158386234,0.755102040816326,0.0626057529610829,NA,NA,NA,NA,NA,NA,NA,NA
"457","alcool=0,cavitacao=0,bilateral=1  encerra2=0",44,1.19372016158649,0.785714285714286,0.0744500846023689,NA,NA,NA,NA,NA,NA,NA,NA
"458","comtabagis=0,cavitacao=0,bilateral=1  encerra2=0",42,1.20395789882136,0.792452830188679,0.0710659898477157,NA,NA,NA,NA,NA,NA,NA,NA
"459","hiv3=0,cavitacao=0,bilateral=1  encerra2=0",40,1.29300443034513,0.851063829787234,0.0676818950930626,NA,NA,NA,NA,NA,NA,NA,NA
"460","comdrogas=0,cavitacao=0,bilateral=1  encerra2=0",43,1.16659015791407,0.767857142857143,0.0727580372250423,NA,NA,NA,NA,NA,NA,NA,NA
"461","fxet3=1,cavitacao=0,bilateral=1  encerra2=0",46,1.14568671246154,0.754098360655738,0.077834179357022,NA,NA,NA,NA,NA,NA,NA,NA
"462","escol4=1,hiv3=0,cavitacao=0  encerra2=0",45,1.199431741307,0.789473684210526,0.0761421319796954,NA,NA,NA,NA,NA,NA,NA,NA
"463","sexo2=1,comtabagis=0,cavitacao=0  encerra2=0",49,1.12795045571395,0.742424242424242,0.0829103214890017,NA,NA,NA,NA,NA,NA,NA,NA
"464","alcool=0,comtabagis=0,cavitacao=0  encerra2=0",68,1.12294623896278,0.739130434782609,0.115059221658206,NA,NA,NA,NA,NA,NA,NA,NA
"465","alcool=0,comdrogas=0,cavitacao=0  encerra2=0",72,1.16370398731062,0.765957446808511,0.121827411167513,NA,NA,NA,NA,NA,NA,NA,NA
"466","fxet3=1,alcool=0,cavitacao=0  encerra2=0",67,1.14372779526877,0.752808988764045,0.11336717428088,NA,NA,NA,NA,NA,NA,NA,NA
"467","comtabagis=0,comdrogas=0,cavitacao=0  encerra2=0",68,1.13528630752281,0.747252747252747,0.115059221658206,NA,NA,NA,NA,NA,NA,NA,NA
"468","fxet3=1,comtabagis=0,cavitacao=0  encerra2=0",65,1.12219560645011,0.738636363636364,0.109983079526227,NA,NA,NA,NA,NA,NA,NA,NA
"469","hiv3=0,comdrogas=0,cavitacao=0  encerra2=0",62,1.2076329839826,0.794871794871795,0.104906937394247,NA,NA,NA,NA,NA,NA,NA,NA
"470","fxet3=1,comdrogas=0,cavitacao=0  encerra2=0",71,1.13546204843729,0.747368421052632,0.120135363790186,NA,NA,NA,NA,NA,NA,NA,NA
"471","comdrogas=0,ppl=0,cavitacao=0  encerra2=0",82,1.1223511429167,0.738738738738739,0.138747884940778,NA,NA,NA,NA,NA,NA,NA,NA
"472","comtabagis=1,comdrogas=0,tipores3=0  encerra2=0",19,1.20276349614396,0.791666666666667,0.0321489001692047,NA,NA,NA,NA,NA,NA,NA,NA
"473","alcool=1,comtabagis=1,bilateral=0  encerra2=0",20,1.21542416452442,0.8,0.0338409475465313,NA,NA,NA,NA,NA,NA,NA,NA
"474","sexo2=0,comtabagis=1,comdrogas=0  encerra2=0",19,1.1546529562982,0.76,0.0321489001692047,NA,NA,NA,NA,NA,NA,NA,NA
"475","comtabagis=1,comdrogas=0,bilateral=0  encerra2=0",26,1.16180251020717,0.764705882352941,0.0439932318104907,NA,NA,NA,NA,NA,NA,NA,NA
"476","fxet3=1,comtabagis=1,bilateral=0  encerra2=0",29,1.10147814910026,0.725,0.0490693739424704,NA,NA,NA,NA,NA,NA,NA,NA
"477","raca3=0,comtabagis=1,comdrogas=0  encerra2=0",32,1.13062712979016,0.744186046511628,0.0541455160744501,NA,NA,NA,NA,NA,NA,NA,NA
"478","mumigual=1,comtabagis=1,comdrogas=0  encerra2=0",35,1.13137887655199,0.74468085106383,0.0592216582064298,NA,NA,NA,NA,NA,NA,NA,NA
"479","sexo2=0,escol4=0,tipores3=0  encerra2=0",26,1.41076019096585,0.928571428571429,0.0439932318104907,NA,NA,NA,NA,NA,NA,NA,NA
"480","raca3=0,escol4=0,tipores3=0  encerra2=0",30,1.26606683804627,0.833333333333333,0.050761421319797,NA,NA,NA,NA,NA,NA,NA,NA
"481","escol4=0,comdrogas=0,tipores3=0  encerra2=0",53,1.29873953064101,0.854838709677419,0.089678510998308,NA,NA,NA,NA,NA,NA,NA,NA
"482","fxet3=1,escol4=0,tipores3=0  encerra2=0",52,1.27423501119496,0.838709677419355,0.0879864636209814,NA,NA,NA,NA,NA,NA,NA,NA
"483","escol4=0,ppl=0,tipores3=0  encerra2=0",53,1.27812461745624,0.841269841269841,0.089678510998308,NA,NA,NA,NA,NA,NA,NA,NA
"484","escol4=0,pdres5=1,tipores3=0  encerra2=0",53,1.27812461745624,0.841269841269841,0.089678510998308,NA,NA,NA,NA,NA,NA,NA,NA
"485","sexo2=0,bilateral=0,tipores3=0  encerra2=0",23,1.20494637000266,0.793103448275862,0.038917089678511,NA,NA,NA,NA,NA,NA,NA,NA
"486","sexo2=0,hiv3=0,tipores3=0  encerra2=0",32,1.18577967270675,0.780487804878049,0.0541455160744501,NA,NA,NA,NA,NA,NA,NA,NA
"487","sexo2=0,comdrogas=0,tipores3=0  encerra2=0",40,1.1915923181612,0.784313725490196,0.0676818950930626,NA,NA,NA,NA,NA,NA,NA,NA
"488","sexo2=0,comdiab=0,tipores3=0  encerra2=0",32,1.18577967270675,0.780487804878049,0.0541455160744501,NA,NA,NA,NA,NA,NA,NA,NA
"489","mumigual=0,bilateral=0,tipores3=0  encerra2=0",38,1.20276349614396,0.791666666666667,0.0642978003384095,NA,NA,NA,NA,NA,NA,NA,NA
"490","raca3=1,bilateral=0,tipores3=0  encerra2=0",34,1.22989349981638,0.80952380952381,0.0575296108291032,NA,NA,NA,NA,NA,NA,NA,NA
"491","comtabagis=0,bilateral=0,tipores3=0  encerra2=0",43,1.23262356307901,0.811320754716981,0.0727580372250423,NA,NA,NA,NA,NA,NA,NA,NA
"492","ppl=0,bilateral=0,tipores3=0  encerra2=0",55,1.22882957810374,0.808823529411765,0.0930626057529611,NA,NA,NA,NA,NA,NA,NA,NA
"493","raca3=0,comtabagis=0,tipores3=0  encerra2=0",37,1.1711118251928,0.770833333333333,0.0626057529610829,NA,NA,NA,NA,NA,NA,NA,NA
"494","raca3=0,hiv3=0,tipores3=0  encerra2=0",41,1.13255433512503,0.745454545454545,0.0693739424703892,NA,NA,NA,NA,NA,NA,NA,NA
"495","raca3=0,comdrogas=0,tipores3=0  encerra2=0",46,1.18452355017211,0.779661016949153,0.077834179357022,NA,NA,NA,NA,NA,NA,NA,NA
"496","mumigual=1,comtabagis=0,tipores3=0  encerra2=0",26,1.23441516709512,0.8125,0.0439932318104907,NA,NA,NA,NA,NA,NA,NA,NA
"497","mumigual=1,comdrogas=0,tipores3=0  encerra2=0",32,1.27939385739413,0.842105263157895,0.0541455160744501,NA,NA,NA,NA,NA,NA,NA,NA
"498","fxet3=1,mumigual=1,tipores3=0  encerra2=0",31,1.23941279935056,0.815789473684211,0.0524534686971235,NA,NA,NA,NA,NA,NA,NA,NA
"499","sexo2=1,raca3=1,tipores3=0  encerra2=0",34,1.17398924982473,0.772727272727273,0.0575296108291032,NA,NA,NA,NA,NA,NA,NA,NA
"500","raca3=1,alcool=0,tipores3=0  encerra2=0",45,1.15877303821184,0.76271186440678,0.0761421319796954,NA,NA,NA,NA,NA,NA,NA,NA
"501","raca3=1,ppl=0,tipores3=0  encerra2=0",58,1.17491002570694,0.773333333333333,0.0981387478849408,NA,NA,NA,NA,NA,NA,NA,NA
"502","raca3=1,pdres5=1,tipores3=0  encerra2=0",57,1.17025637462655,0.77027027027027,0.0964467005076142,NA,NA,NA,NA,NA,NA,NA,NA
"503","alcool=0,comtabagis=0,tipores3=0  encerra2=0",79,1.17669741418418,0.774509803921569,0.133671742808799,NA,NA,NA,NA,NA,NA,NA,NA
"504","hiv3=0,alcool=0,tipores3=0  encerra2=0",71,1.17248798479937,0.771739130434783,0.120135363790186,NA,NA,NA,NA,NA,NA,NA,NA
"505","alcool=0,ppl=0,tipores3=0  encerra2=0",86,1.17709997915653,0.774774774774775,0.145516074450085,NA,NA,NA,NA,NA,NA,NA,NA
"506","alcool=0,pdres5=1,tipores3=0  encerra2=0",87,1.15945068326343,0.763157894736842,0.147208121827411,NA,NA,NA,NA,NA,NA,NA,NA
"507","hiv3=0,comtabagis=0,tipores3=0  encerra2=0",70,1.16867708127348,0.769230769230769,0.11844331641286,NA,NA,NA,NA,NA,NA,NA,NA
"508","comtabagis=0,ppl=0,tipores3=0  encerra2=0",83,1.1675949728649,0.768518518518518,0.140439932318105,NA,NA,NA,NA,NA,NA,NA,NA
"509","comtabagis=0,pdres5=1,tipores3=0  encerra2=0",84,1.16017761159149,0.763636363636364,0.142131979695431,NA,NA,NA,NA,NA,NA,NA,NA
"510","hiv3=0,comdrogas=0,tipores3=0  encerra2=0",79,1.18834788363155,0.782178217821782,0.133671742808799,NA,NA,NA,NA,NA,NA,NA,NA
"511","hiv3=0,ppl=0,tipores3=0  encerra2=0",84,1.14972556103662,0.756756756756757,0.142131979695431,NA,NA,NA,NA,NA,NA,NA,NA
"512","comdrogas=0,ppl=0,tipores3=0  encerra2=0",96,1.18577967270675,0.780487804878049,0.16243654822335,NA,NA,NA,NA,NA,NA,NA,NA
"513","comdrogas=0,pdres5=1,tipores3=0  encerra2=0",96,1.19549917822074,0.786885245901639,0.16243654822335,NA,NA,NA,NA,NA,NA,NA,NA
"514","ppl=0,pdres5=1,tipores3=0  encerra2=0",102,1.1564670222154,0.761194029850746,0.17258883248731,NA,NA,NA,NA,NA,NA,NA,NA
"515","mumigual=1,alcool=1,bilateral=0  encerra2=0",19,1.31210563215705,0.863636363636364,0.0321489001692047,NA,NA,NA,NA,NA,NA,NA,NA
"516","raca3=1,alcool=1,bilateral=0  encerra2=0",27,1.17201615864855,0.771428571428571,0.0456852791878173,NA,NA,NA,NA,NA,NA,NA,NA
"517","escol4=1,alcool=1,bilateral=0  encerra2=0",35,1.20851834540781,0.795454545454545,0.0592216582064298,NA,NA,NA,NA,NA,NA,NA,NA
"518","alcool=1,comdrogas=0,bilateral=0  encerra2=0",30,1.199431741307,0.789473684210526,0.050761421319797,NA,NA,NA,NA,NA,NA,NA,NA
"519","alcool=1,comdiab=0,bilateral=0  encerra2=0",40,1.24022873931063,0.816326530612245,0.0676818950930626,NA,NA,NA,NA,NA,NA,NA,NA
"520","alcool=1,ppl=0,bilateral=0  encerra2=0",40,1.1915923181612,0.784313725490196,0.0676818950930626,NA,NA,NA,NA,NA,NA,NA,NA
"521","alcool=1,pdres5=1,bilateral=0  encerra2=0",40,1.1915923181612,0.784313725490196,0.0676818950930626,NA,NA,NA,NA,NA,NA,NA,NA
"522","mumigual=1,hiv3=0,alcool=1  encerra2=0",40,1.12539274493002,0.740740740740741,0.0676818950930626,NA,NA,NA,NA,NA,NA,NA,NA
"523","sexo2=0,escol4=0,mumigual=1  encerra2=0",25,1.26606683804627,0.833333333333333,0.0423011844331641,NA,NA,NA,NA,NA,NA,NA,NA
"524","sexo2=0,escol4=0,hiv3=0  encerra2=0",55,1.26606683804627,0.833333333333333,0.0930626057529611,NA,NA,NA,NA,NA,NA,NA,NA
"525","raca3=0,escol4=0,bilateral=0  encerra2=0",33,1.28554478940083,0.846153846153846,0.0558375634517767,NA,NA,NA,NA,NA,NA,NA,NA
"526","escol4=0,mumigual=0,bilateral=0  encerra2=0",44,1.23793201942302,0.814814814814815,0.0744500846023689,NA,NA,NA,NA,NA,NA,NA,NA
"527","escol4=0,alcool=0,bilateral=0  encerra2=0",52,1.23441516709512,0.8125,0.0879864636209814,NA,NA,NA,NA,NA,NA,NA,NA
"528","escol4=0,comtabagis=0,bilateral=0  encerra2=0",52,1.23441516709512,0.8125,0.0879864636209814,NA,NA,NA,NA,NA,NA,NA,NA
"529","escol4=0,cavitacao=1,bilateral=0  encerra2=0",42,1.25117193406926,0.823529411764706,0.0710659898477157,NA,NA,NA,NA,NA,NA,NA,NA
"530","escol4=0,comdrogas=0,bilateral=0  encerra2=0",55,1.21102045378339,0.797101449275362,0.0930626057529611,NA,NA,NA,NA,NA,NA,NA,NA
"531","escol4=0,comdiab=0,bilateral=0  encerra2=0",52,1.21542416452442,0.8,0.0879864636209814,NA,NA,NA,NA,NA,NA,NA,NA
"532","raca3=0,escol4=0,mumigual=0  encerra2=0",56,1.25117193406926,0.823529411764706,0.0947546531302876,NA,NA,NA,NA,NA,NA,NA,NA
"533","raca3=0,escol4=0,comtabagis=0  encerra2=0",75,1.22522597230284,0.806451612903226,0.126903553299492,NA,NA,NA,NA,NA,NA,NA,NA
"534","raca3=0,escol4=0,hiv3=0  encerra2=0",69,1.21895737430502,0.802325581395349,0.116751269035533,NA,NA,NA,NA,NA,NA,NA,NA
"535","raca3=0,escol4=0,comdiab=0  encerra2=0",71,1.23987235174187,0.816091954022989,0.120135363790186,NA,NA,NA,NA,NA,NA,NA,NA
"536","raca3=0,escol4=0,ppl=0  encerra2=0",84,1.22711093533716,0.807692307692308,0.142131979695431,NA,NA,NA,NA,NA,NA,NA,NA
"537","escol4=0,mumigual=1,bilateral=1  encerra2=0",40,1.12539274493002,0.740740740740741,0.0676818950930626,NA,NA,NA,NA,NA,NA,NA,NA
"538","escol4=0,mumigual=1,hiv3=0  encerra2=0",38,1.1546529562982,0.76,0.0642978003384095,NA,NA,NA,NA,NA,NA,NA,NA
"539","escol4=0,mumigual=1,comdiab=0  encerra2=0",46,1.16478149100257,0.766666666666667,0.077834179357022,NA,NA,NA,NA,NA,NA,NA,NA
"540","fxet3=1,escol4=0,mumigual=1  encerra2=0",51,1.1564670222154,0.761194029850746,0.0862944162436548,NA,NA,NA,NA,NA,NA,NA,NA
"541","escol4=0,mumigual=0,alcool=0  encerra2=0",90,1.22085016525891,0.803571428571429,0.152284263959391,NA,NA,NA,NA,NA,NA,NA,NA
"542","escol4=0,mumigual=0,comtabagis=0  encerra2=0",85,1.16341277009657,0.765765765765766,0.143824027072758,NA,NA,NA,NA,NA,NA,NA,NA
"543","escol4=0,mumigual=0,ppl=0  encerra2=0",94,1.13343126453666,0.746031746031746,0.159052453468697,NA,NA,NA,NA,NA,NA,NA,NA
"544","escol4=0,mumigual=0,pdres5=1  encerra2=0",95,1.13646944517539,0.748031496062992,0.160744500846024,NA,NA,NA,NA,NA,NA,NA,NA
"545","escol4=0,alcool=0,comtabagis=0  encerra2=0",127,1.22119358302691,0.80379746835443,0.214890016920474,NA,NA,NA,NA,NA,NA,NA,NA
"546","escol4=0,hiv3=0,alcool=0  encerra2=0",112,1.19830551431985,0.788732394366197,0.189509306260575,NA,NA,NA,NA,NA,NA,NA,NA
"547","escol4=0,alcool=0,comdrogas=0  encerra2=0",131,1.20621640570227,0.793939393939394,0.22165820642978,NA,NA,NA,NA,NA,NA,NA,NA
"548","fxet3=1,escol4=0,alcool=0  encerra2=0",134,1.23383968216873,0.812121212121212,0.22673434856176,NA,NA,NA,NA,NA,NA,NA,NA
"549","escol4=0,alcool=0,ppl=0  encerra2=0",137,1.20312941141507,0.791907514450867,0.231810490693739,NA,NA,NA,NA,NA,NA,NA,NA
"550","escol4=0,comdiab=0,comtabagis=0  encerra2=0",111,1.16303519191561,0.76551724137931,0.187817258883249,NA,NA,NA,NA,NA,NA,NA,NA
"551","fxet3=1,escol4=0,comtabagis=0  encerra2=0",128,1.17149317062595,0.771084337349398,0.2165820642978,NA,NA,NA,NA,NA,NA,NA,NA
"552","fxet3=1,escol4=0,comdrogas=0  encerra2=0",136,1.20129132540204,0.790697674418605,0.230118443316413,NA,NA,NA,NA,NA,NA,NA,NA
"553","escol4=0,comdrogas=0,pdres5=1  encerra2=0",140,1.17513386072803,0.773480662983425,0.236886632825719,NA,NA,NA,NA,NA,NA,NA,NA
"554","fxet3=1,escol4=0,ppl=0  encerra2=0",143,1.15562270962096,0.76063829787234,0.241962774957699,NA,NA,NA,NA,NA,NA,NA,NA
"555","fxet3=1,escol4=0,pdres5=1  encerra2=0",144,1.15754682335659,0.761904761904762,0.243654822335025,NA,NA,NA,NA,NA,NA,NA,NA
"556","escol4=0,ppl=0,pdres5=1  encerra2=0",147,1.13367609254499,0.746192893401015,0.248730964467005,NA,NA,NA,NA,NA,NA,NA,NA
"557","sexo2=0,mumigual=0,bilateral=0  encerra2=0",50,1.22522597230284,0.806451612903226,0.0846023688663283,NA,NA,NA,NA,NA,NA,NA,NA
"558","sexo2=0,cavitacao=1,bilateral=0  encerra2=0",47,1.17059294534114,0.770491803278688,0.0795262267343486,NA,NA,NA,NA,NA,NA,NA,NA
"559","sexo2=0,comdrogas=0,bilateral=0  encerra2=0",64,1.18577967270675,0.780487804878049,0.1082910321489,NA,NA,NA,NA,NA,NA,NA,NA
"560","sexo2=0,fxet3=1,bilateral=0  encerra2=0",61,1.15845115681234,0.7625,0.10321489001692,NA,NA,NA,NA,NA,NA,NA,NA
"561","sexo2=0,pdres5=1,bilateral=0  encerra2=0",64,1.15754682335659,0.761904761904762,0.1082910321489,NA,NA,NA,NA,NA,NA,NA,NA
"562","sexo2=0,raca3=0,mumigual=0  encerra2=0",41,1.2712344577934,0.836734693877551,0.0693739424703892,NA,NA,NA,NA,NA,NA,NA,NA
"563","sexo2=0,raca3=0,hiv3=0  encerra2=0",51,1.27021787685954,0.836065573770492,0.0862944162436548,NA,NA,NA,NA,NA,NA,NA,NA
"564","sexo2=0,raca3=0,fxet3=1  encerra2=0",61,1.23568123393316,0.813333333333333,0.10321489001692,NA,NA,NA,NA,NA,NA,NA,NA
"565","sexo2=0,raca3=0,pdres5=1  encerra2=0",62,1.22331652922913,0.805194805194805,0.104906937394247,NA,NA,NA,NA,NA,NA,NA,NA
"566","raca3=0,mumigual=0,bilateral=0  encerra2=0",43,1.18780088805796,0.781818181818182,0.0727580372250423,NA,NA,NA,NA,NA,NA,NA,NA
"567","raca3=0,comtabagis=0,bilateral=0  encerra2=0",49,1.14530353964801,0.753846153846154,0.0829103214890017,NA,NA,NA,NA,NA,NA,NA,NA
"568","raca3=0,hiv3=0,bilateral=0  encerra2=0",53,1.15031215571061,0.757142857142857,0.089678510998308,NA,NA,NA,NA,NA,NA,NA,NA
"569","raca3=0,cavitacao=1,bilateral=0  encerra2=0",45,1.13946015424165,0.75,0.0761421319796954,NA,NA,NA,NA,NA,NA,NA,NA
"570","raca3=0,fxet3=1,bilateral=0  encerra2=0",62,1.16290583642769,0.765432098765432,0.104906937394247,NA,NA,NA,NA,NA,NA,NA,NA
"571","raca3=0,ppl=0,bilateral=0  encerra2=0",63,1.13946015424165,0.75,0.106598984771574,NA,NA,NA,NA,NA,NA,NA,NA
"572","raca3=0,pdres5=1,bilateral=0  encerra2=0",65,1.14829317869313,0.755813953488372,0.109983079526227,NA,NA,NA,NA,NA,NA,NA,NA
"573","sexo2=1,mumigual=1,bilateral=0  encerra2=0",42,1.13946015424165,0.75,0.0710659898477157,NA,NA,NA,NA,NA,NA,NA,NA
"574","mumigual=1,hiv3=0,bilateral=0  encerra2=0",44,1.11413881748072,0.733333333333333,0.0744500846023689,NA,NA,NA,NA,NA,NA,NA,NA
"575","mumigual=0,alcool=0,bilateral=0  encerra2=0",82,1.10248652091817,0.725663716814159,0.138747884940778,NA,NA,NA,NA,NA,NA,NA,NA
"576","mumigual=0,comtabagis=0,bilateral=0  encerra2=0",83,1.10614260587201,0.728070175438597,0.140439932318105,NA,NA,NA,NA,NA,NA,NA,NA
"577","mumigual=0,cavitacao=1,bilateral=0  encerra2=0",76,1.12102228766816,0.737864077669903,0.128595600676819,NA,NA,NA,NA,NA,NA,NA,NA
"578","fxet3=1,mumigual=0,bilateral=0  encerra2=0",95,1.11024322720981,0.730769230769231,0.160744500846024,NA,NA,NA,NA,NA,NA,NA,NA
"579","mumigual=0,ppl=0,bilateral=0  encerra2=0",99,1.11413881748072,0.733333333333333,0.16751269035533,NA,NA,NA,NA,NA,NA,NA,NA
"580","hiv3=0,comtabagis=0,bilateral=0  encerra2=0",103,1.11775615130371,0.735714285714286,0.174280879864636,NA,NA,NA,NA,NA,NA,NA,NA
"581","comtabagis=0,cavitacao=1,bilateral=0  encerra2=0",93,1.13034447300771,0.744,0.157360406091371,NA,NA,NA,NA,NA,NA,NA,NA
"582","comtabagis=0,ppl=0,bilateral=0  encerra2=0",122,1.10989332389206,0.730538922155689,0.206429780033841,NA,NA,NA,NA,NA,NA,NA,NA
"583","comtabagis=0,pdres5=1,bilateral=0  encerra2=0",126,1.1065277798416,0.728323699421965,0.213197969543147,NA,NA,NA,NA,NA,NA,NA,NA
"584","hiv3=0,cavitacao=1,bilateral=0  encerra2=0",95,1.1017680880708,0.725190839694656,0.160744500846024,NA,NA,NA,NA,NA,NA,NA,NA
"585","hiv3=0,comdrogas=0,bilateral=0  encerra2=0",112,1.13439588688946,0.746666666666667,0.189509306260575,NA,NA,NA,NA,NA,NA,NA,NA
"586","fxet3=1,hiv3=0,bilateral=0  encerra2=0",116,1.11542091048127,0.734177215189873,0.196277495769882,NA,NA,NA,NA,NA,NA,NA,NA
"587","hiv3=0,ppl=0,bilateral=0  encerra2=0",122,1.10328681601175,0.726190476190476,0.206429780033841,NA,NA,NA,NA,NA,NA,NA,NA
"588","comdrogas=0,cavitacao=1,bilateral=0  encerra2=0",100,1.1423159441019,0.75187969924812,0.169204737732657,NA,NA,NA,NA,NA,NA,NA,NA
"589","fxet3=1,cavitacao=1,bilateral=0  encerra2=0",108,1.10866393385674,0.72972972972973,0.182741116751269,NA,NA,NA,NA,NA,NA,NA,NA
"590","ppl=0,cavitacao=1,bilateral=0  encerra2=0",109,1.11892934065171,0.736486486486487,0.184433164128596,NA,NA,NA,NA,NA,NA,NA,NA
"591","pdres5=1,cavitacao=1,bilateral=0  encerra2=0",115,1.11284855828271,0.732484076433121,0.194585448392555,NA,NA,NA,NA,NA,NA,NA,NA
"592","fxet3=1,comdrogas=0,bilateral=0  encerra2=0",127,1.13499168304854,0.747058823529412,0.214890016920474,NA,NA,NA,NA,NA,NA,NA,NA
"593","comdrogas=0,ppl=0,bilateral=0  encerra2=0",136,1.12294623896278,0.739130434782609,0.230118443316413,NA,NA,NA,NA,NA,NA,NA,NA
"594","comdrogas=0,pdres5=1,bilateral=0  encerra2=0",140,1.13137887655199,0.74468085106383,0.236886632825719,NA,NA,NA,NA,NA,NA,NA,NA
"595","fxet3=1,ppl=0,bilateral=0  encerra2=0",139,1.11147341361115,0.731578947368421,0.235194585448393,NA,NA,NA,NA,NA,NA,NA,NA
"596","fxet3=1,pdres5=1,bilateral=0  encerra2=0",144,1.10493105865857,0.727272727272727,0.243654822335025,NA,NA,NA,NA,NA,NA,NA,NA
"597","ppl=0,pdres5=1,bilateral=0  encerra2=0",152,1.11024322720981,0.730769230769231,0.257191201353638,NA,NA,NA,NA,NA,NA,NA,NA
"598","raca3=0,mumigual=1,comdrogas=0  encerra2=0",67,1.13101970865467,0.744444444444444,0.11336717428088,NA,NA,NA,NA,NA,NA,NA,NA
"599","raca3=0,mumigual=0,alcool=0  encerra2=0",79,1.10112969033749,0.724770642201835,0.133671742808799,NA,NA,NA,NA,NA,NA,NA,NA
"600","raca3=0,alcool=0,comtabagis=0  encerra2=0",113,1.10760427896177,0.729032258064516,0.191201353637902,NA,NA,NA,NA,NA,NA,NA,NA
"601","raca3=0,hiv3=0,alcool=0  encerra2=0",105,1.12341141967486,0.73943661971831,0.177664974619289,NA,NA,NA,NA,NA,NA,NA,NA
"602","raca3=0,alcool=0,comdrogas=0  encerra2=0",123,1.16794665809769,0.76875,0.208121827411168,NA,NA,NA,NA,NA,NA,NA,NA
"603","raca3=0,fxet3=1,alcool=0  encerra2=0",122,1.10328681601175,0.726190476190476,0.206429780033841,NA,NA,NA,NA,NA,NA,NA,NA
"604","raca3=0,alcool=0,pdres5=1  encerra2=0",133,1.11024322720981,0.730769230769231,0.225042301184433,NA,NA,NA,NA,NA,NA,NA,NA
"605","raca3=0,hiv3=0,comdrogas=0  encerra2=0",115,1.15706770629394,0.76158940397351,0.194585448392555,NA,NA,NA,NA,NA,NA,NA,NA
"606","raca3=0,fxet3=1,hiv3=0  encerra2=0",121,1.10079583763065,0.724550898203593,0.204737732656514,NA,NA,NA,NA,NA,NA,NA,NA
"607","raca3=0,comdiab=0,comdrogas=0  encerra2=0",112,1.12688333134715,0.741721854304636,0.189509306260575,NA,NA,NA,NA,NA,NA,NA,NA
"608","raca3=0,comdrogas=0,pdres5=1  encerra2=0",142,1.13546204843729,0.747368421052632,0.240270727580372,NA,NA,NA,NA,NA,NA,NA,NA
"609","sexo2=1,raca3=1,mumigual=1  encerra2=0",70,1.10780848329049,0.729166666666667,0.11844331641286,NA,NA,NA,NA,NA,NA,NA,NA
"610","raca3=1,mumigual=1,hiv3=0  encerra2=0",80,1.10493105865857,0.727272727272727,0.135363790186125,NA,NA,NA,NA,NA,NA,NA,NA
"611","sexo2=1,mumigual=1,hiv3=0  encerra2=0",101,1.12005329030079,0.737226277372263,0.170896785109983,NA,NA,NA,NA,NA,NA,NA,NA
"612","sexo2=1,mumigual=1,comdrogas=0  encerra2=0",104,1.13672763588615,0.748201438848921,0.175972927241963,NA,NA,NA,NA,NA,NA,NA,NA
"613","mumigual=1,alcool=0,comdrogas=0  encerra2=0",121,1.1209323468556,0.73780487804878,0.204737732656514,NA,NA,NA,NA,NA,NA,NA,NA
"614","mumigual=1,hiv3=0,comdrogas=0  encerra2=0",119,1.14426800299372,0.753164556962025,0.201353637901861,NA,NA,NA,NA,NA,NA,NA,NA
"615","fxet3=1,mumigual=1,hiv3=0  encerra2=0",121,1.10742713785734,0.728915662650602,0.204737732656514,NA,NA,NA,NA,NA,NA,NA,NA
"616","fxet3=1,mumigual=1,comdrogas=0  encerra2=0",133,1.11024322720981,0.730769230769231,0.225042301184433,NA,NA,NA,NA,NA,NA,NA,NA
"617","mumigual=1,comdrogas=0,pdres5=1  encerra2=0",150,1.10092768525763,0.72463768115942,0.253807106598985,NA,NA,NA,NA,NA,NA,NA,NA
"618","sexo2=1,alcool=0,comdrogas=0  encerra2=0",159,1.10303905342114,0.726027397260274,0.269035532994924,NA,NA,NA,NA,NA,NA,NA,NA
"619","hiv3=0,alcool=0,comdrogas=0  encerra2=0",218,1.10770262485921,0.729096989966555,0.368866328257191,NA,NA,NA,NA,NA,NA,NA,NA
"620","fxet3=1,alcool=0,comdrogas=0  encerra2=0",249,1.10291770031553,0.725947521865889,0.421319796954315,NA,NA,NA,NA,NA,NA,NA,NA
"621","escol4=0,ppl=0,pdres5=1,cavitacao=1  encerra2=2",18,1.48908174692049,0.118421052631579,0.0304568527918782,NA,NA,NA,NA,NA,NA,NA,NA
"622","escol4=0,comdiab=0,ppl=0,pdres5=1  encerra2=2",18,1.35533188941266,0.107784431137725,0.0304568527918782,NA,NA,NA,NA,NA,NA,NA,NA
"623","raca3=1,fxet3=1,mumigual=0,comdrogas=0  encerra2=2",18,1.44165876134978,0.114649681528662,0.0304568527918782,NA,NA,NA,NA,NA,NA,NA,NA
"624","raca3=1,mumigual=0,comdrogas=0,ppl=0  encerra2=2",19,1.38904007916873,0.11046511627907,0.0321489001692047,NA,NA,NA,NA,NA,NA,NA,NA
"625","raca3=1,mumigual=0,comdrogas=0,pdres5=1  encerra2=2",19,1.38904007916873,0.11046511627907,0.0321489001692047,NA,NA,NA,NA,NA,NA,NA,NA
"626","raca3=1,fxet3=1,mumigual=0,ppl=0  encerra2=2",19,1.31271919569792,0.104395604395604,0.0321489001692047,NA,NA,NA,NA,NA,NA,NA,NA
"627","raca3=1,fxet3=1,mumigual=0,pdres5=1  encerra2=2",19,1.28448867536033,0.102150537634409,0.0321489001692047,NA,NA,NA,NA,NA,NA,NA,NA
"628","raca3=1,mumigual=0,ppl=0,pdres5=1  encerra2=2",20,1.27659574468085,0.101522842639594,0.0338409475465313,NA,NA,NA,NA,NA,NA,NA,NA
"629","fxet3=1,mumigual=0,cavitacao=1,bilateral=1  encerra2=2",19,1.53150572831424,0.121794871794872,0.0321489001692047,NA,NA,NA,NA,NA,NA,NA,NA
"630","mumigual=0,ppl=0,cavitacao=1,bilateral=1  encerra2=2",19,1.48394343861504,0.118012422360248,0.0321489001692047,NA,NA,NA,NA,NA,NA,NA,NA
"631","mumigual=0,pdres5=1,cavitacao=1,bilateral=1  encerra2=2",19,1.49321808510638,0.11875,0.0321489001692047,NA,NA,NA,NA,NA,NA,NA,NA
"632","fxet3=1,mumigual=0,comdrogas=0,bilateral=1  encerra2=2",18,1.65211989439354,0.131386861313869,0.0304568527918782,NA,NA,NA,NA,NA,NA,NA,NA
"633","mumigual=0,comdrogas=0,ppl=0,bilateral=1  encerra2=2",18,1.49894321544315,0.119205298013245,0.0304568527918782,NA,NA,NA,NA,NA,NA,NA,NA
"634","mumigual=0,comdrogas=0,pdres5=1,bilateral=1  encerra2=2",18,1.52932719953997,0.121621621621622,0.0304568527918782,NA,NA,NA,NA,NA,NA,NA,NA
"635","fxet3=1,mumigual=0,ppl=0,bilateral=1  encerra2=2",20,1.428916827853,0.113636363636364,0.0338409475465313,NA,NA,NA,NA,NA,NA,NA,NA
"636","fxet3=1,mumigual=0,pdres5=1,bilateral=1  encerra2=2",20,1.42084385142445,0.112994350282486,0.0338409475465313,NA,NA,NA,NA,NA,NA,NA,NA
"637","mumigual=0,ppl=0,pdres5=1,bilateral=1  encerra2=2",20,1.35209334248456,0.10752688172043,0.0338409475465313,NA,NA,NA,NA,NA,NA,NA,NA
"638","escol4=1,mumigual=0,ppl=0,pdres5=1  encerra2=2",18,1.16670322439131,0.0927835051546392,0.0304568527918782,NA,NA,NA,NA,NA,NA,NA,NA
"639","mumigual=0,hiv3=0,alcool=0,comtabagis=0  encerra2=2",19,1.35747098646035,0.107954545454545,0.0321489001692047,NA,NA,NA,NA,NA,NA,NA,NA
"640","mumigual=0,hiv3=0,alcool=0,comdrogas=0  encerra2=2",19,1.34980165885323,0.107344632768362,0.0321489001692047,NA,NA,NA,NA,NA,NA,NA,NA
"641","mumigual=0,hiv3=0,alcool=0,ppl=0  encerra2=2",20,1.31669822880695,0.104712041884817,0.0338409475465313,NA,NA,NA,NA,NA,NA,NA,NA
"642","mumigual=0,hiv3=0,alcool=0,pdres5=1  encerra2=2",20,1.28310898827616,0.102040816326531,0.0338409475465313,NA,NA,NA,NA,NA,NA,NA,NA
"643","fxet3=1,mumigual=0,alcool=0,cavitacao=1  encerra2=2",18,1.21037660712254,0.0962566844919786,0.0304568527918782,NA,NA,NA,NA,NA,NA,NA,NA
"644","mumigual=0,alcool=0,ppl=0,cavitacao=1  encerra2=2",18,1.2168840082361,0.0967741935483871,0.0304568527918782,NA,NA,NA,NA,NA,NA,NA,NA
"645","mumigual=0,alcool=0,pdres5=1,cavitacao=1  encerra2=2",18,1.17885638297872,0.09375,0.0304568527918782,NA,NA,NA,NA,NA,NA,NA,NA
"646","mumigual=0,alcool=0,comdrogas=0,ppl=0  encerra2=2",21,1.22251773049645,0.0972222222222222,0.0355329949238579,NA,NA,NA,NA,NA,NA,NA,NA
"647","mumigual=0,alcool=0,comdrogas=0,pdres5=1  encerra2=2",21,1.21130197150107,0.0963302752293578,0.0355329949238579,NA,NA,NA,NA,NA,NA,NA,NA
"648","mumigual=0,alcool=0,ppl=0,pdres5=1  encerra2=2",23,1.22030702935632,0.0970464135021097,0.038917089678511,NA,NA,NA,NA,NA,NA,NA,NA
"649","mumigual=0,comdrogas=0,ppl=0,tipores3=1  encerra2=2",18,1.2168840082361,0.0967741935483871,0.0304568527918782,NA,NA,NA,NA,NA,NA,NA,NA
"650","mumigual=0,comdrogas=0,pdres5=1,tipores3=1  encerra2=2",18,1.2039384336804,0.0957446808510638,0.0304568527918782,NA,NA,NA,NA,NA,NA,NA,NA
"651","mumigual=0,ppl=0,pdres5=1,tipores3=1  encerra2=2",20,1.12272036474164,0.0892857142857143,0.0338409475465313,NA,NA,NA,NA,NA,NA,NA,NA
"652","mumigual=0,hiv3=0,comtabagis=0,comdrogas=0  encerra2=2",20,1.38944398730457,0.110497237569061,0.0338409475465313,NA,NA,NA,NA,NA,NA,NA,NA
"653","mumigual=0,hiv3=0,comtabagis=0,ppl=0  encerra2=2",21,1.30724668211502,0.103960396039604,0.0355329949238579,NA,NA,NA,NA,NA,NA,NA,NA
"654","mumigual=0,hiv3=0,comtabagis=0,pdres5=1  encerra2=2",21,1.28811624286456,0.102439024390244,0.0355329949238579,NA,NA,NA,NA,NA,NA,NA,NA
"655","mumigual=0,comtabagis=0,comdrogas=0,cavitacao=1  encerra2=2",18,1.30080704328687,0.103448275862069,0.0304568527918782,NA,NA,NA,NA,NA,NA,NA,NA
"656","fxet3=1,mumigual=0,comtabagis=0,cavitacao=1  encerra2=2",19,1.25744680851064,0.1,0.0321489001692047,NA,NA,NA,NA,NA,NA,NA,NA
"657","mumigual=0,comtabagis=0,ppl=0,cavitacao=1  encerra2=2",19,1.23152007019083,0.0979381443298969,0.0321489001692047,NA,NA,NA,NA,NA,NA,NA,NA
"658","mumigual=0,comtabagis=0,pdres5=1,cavitacao=1  encerra2=2",19,1.21276595744681,0.0964467005076142,0.0321489001692047,NA,NA,NA,NA,NA,NA,NA,NA
"659","fxet3=1,mumigual=0,comtabagis=0,comdrogas=0  encerra2=2",21,1.30724668211502,0.103960396039604,0.0355329949238579,NA,NA,NA,NA,NA,NA,NA,NA
"660","mumigual=0,comtabagis=0,comdrogas=0,ppl=0  encerra2=2",23,1.31460348162476,0.104545454545455,0.038917089678511,NA,NA,NA,NA,NA,NA,NA,NA
"661","mumigual=0,comtabagis=0,comdrogas=0,pdres5=1  encerra2=2",23,1.30865504958121,0.104072398190045,0.038917089678511,NA,NA,NA,NA,NA,NA,NA,NA
"662","fxet3=1,mumigual=0,comtabagis=0,ppl=0  encerra2=2",22,1.21867091573718,0.0969162995594714,0.0372250423011844,NA,NA,NA,NA,NA,NA,NA,NA
"663","fxet3=1,mumigual=0,comtabagis=0,pdres5=1  encerra2=2",22,1.19756838905775,0.0952380952380952,0.0372250423011844,NA,NA,NA,NA,NA,NA,NA,NA
"664","mumigual=0,comtabagis=0,ppl=0,pdres5=1  encerra2=2",24,1.23178462874511,0.0979591836734694,0.0406091370558376,NA,NA,NA,NA,NA,NA,NA,NA
"665","mumigual=0,hiv3=0,comdrogas=0,ppl=0  encerra2=2",21,1.20029013539652,0.0954545454545455,0.0355329949238579,NA,NA,NA,NA,NA,NA,NA,NA
"666","mumigual=0,hiv3=0,comdrogas=0,pdres5=1  encerra2=2",21,1.21130197150107,0.0963302752293578,0.0355329949238579,NA,NA,NA,NA,NA,NA,NA,NA
"667","mumigual=0,hiv3=0,ppl=0,pdres5=1  encerra2=2",22,1.10655319148936,0.088,0.0372250423011844,NA,NA,NA,NA,NA,NA,NA,NA
"668","mumigual=0,comdiab=0,comdrogas=0,ppl=0  encerra2=2",21,1.20577091227047,0.0958904109589041,0.0355329949238579,NA,NA,NA,NA,NA,NA,NA,NA
"669","fxet3=1,mumigual=0,comdrogas=0,ppl=0  encerra2=2",24,1.23178462874511,0.0979591836734694,0.0406091370558376,NA,NA,NA,NA,NA,NA,NA,NA
"670","fxet3=1,mumigual=0,comdrogas=0,pdres5=1  encerra2=2",24,1.23178462874511,0.0979591836734694,0.0406091370558376,NA,NA,NA,NA,NA,NA,NA,NA
"671","mumigual=0,comdrogas=0,ppl=0,pdres5=1  encerra2=2",26,1.22448003825006,0.0973782771535581,0.0439932318104907,NA,NA,NA,NA,NA,NA,NA,NA
"672","fxet3=1,mumigual=0,ppl=0,pdres5=1  encerra2=2",26,1.1234919938583,0.0893470790378007,0.0439932318104907,NA,NA,NA,NA,NA,NA,NA,NA
"673","raca3=1,hiv3=0,alcool=0,comdrogas=0  encerra2=2",19,1.37307410124725,0.109195402298851,0.0321489001692047,NA,NA,NA,NA,NA,NA,NA,NA
"674","raca3=1,hiv3=0,alcool=0,ppl=0  encerra2=2",19,1.2914318573893,0.102702702702703,0.0321489001692047,NA,NA,NA,NA,NA,NA,NA,NA
"675","raca3=1,hiv3=0,alcool=0,pdres5=1  encerra2=2",19,1.26409996622763,0.100529100529101,0.0321489001692047,NA,NA,NA,NA,NA,NA,NA,NA
"676","raca3=1,fxet3=1,alcool=0,comdrogas=0  encerra2=2",18,1.13170212765957,0.09,0.0304568527918782,NA,NA,NA,NA,NA,NA,NA,NA
"677","raca3=1,alcool=0,comdrogas=0,ppl=0  encerra2=2",20,1.15362092523912,0.0917431192660551,0.0338409475465313,NA,NA,NA,NA,NA,NA,NA,NA
"678","raca3=1,alcool=0,comdrogas=0,pdres5=1  encerra2=2",20,1.13796091267931,0.0904977375565611,0.0338409475465313,NA,NA,NA,NA,NA,NA,NA,NA
"679","raca3=1,fxet3=1,alcool=0,ppl=0  encerra2=2",19,1.11123206333498,0.0883720930232558,0.0321489001692047,NA,NA,NA,NA,NA,NA,NA,NA
"680","raca3=1,alcool=0,ppl=0,pdres5=1  encerra2=2",21,1.11891453299675,0.0889830508474576,0.0355329949238579,NA,NA,NA,NA,NA,NA,NA,NA
"681","raca3=1,hiv3=0,comtabagis=0,comdrogas=0  encerra2=2",18,1.22346175963197,0.0972972972972973,0.0304568527918782,NA,NA,NA,NA,NA,NA,NA,NA
"682","raca3=1,fxet3=1,hiv3=0,comdrogas=0  encerra2=2",19,1.19457446808511,0.095,0.0321489001692047,NA,NA,NA,NA,NA,NA,NA,NA
"683","raca3=1,hiv3=0,comdrogas=0,ppl=0  encerra2=2",21,1.1736170212766,0.0933333333333333,0.0355329949238579,NA,NA,NA,NA,NA,NA,NA,NA
"684","raca3=1,hiv3=0,comdrogas=0,pdres5=1  encerra2=2",21,1.17885638297872,0.09375,0.0355329949238579,NA,NA,NA,NA,NA,NA,NA,NA
"685","raca3=1,fxet3=1,comdiab=0,comdrogas=0  encerra2=2",20,1.10788265067017,0.0881057268722467,0.0338409475465313,NA,NA,NA,NA,NA,NA,NA,NA
"686","raca3=1,fxet3=1,comdrogas=0,ppl=0  encerra2=2",23,1.13863293684034,0.0905511811023622,0.038917089678511,NA,NA,NA,NA,NA,NA,NA,NA
"687","raca3=1,fxet3=1,comdrogas=0,pdres5=1  encerra2=2",23,1.13416770963705,0.0901960784313725,0.038917089678511,NA,NA,NA,NA,NA,NA,NA,NA
"688","raca3=1,comdrogas=0,ppl=0,pdres5=1  encerra2=2",25,1.11475780896333,0.0886524822695035,0.0423011844331641,NA,NA,NA,NA,NA,NA,NA,NA
"689","fxet3=1,alcool=0,bilateral=1,tipores3=1  encerra2=2",19,1.2708239022182,0.101063829787234,0.0321489001692047,NA,NA,NA,NA,NA,NA,NA,NA
"690","alcool=0,ppl=0,bilateral=1,tipores3=1  encerra2=2",21,1.28186325139434,0.101941747572816,0.0355329949238579,NA,NA,NA,NA,NA,NA,NA,NA
"691","alcool=0,pdres5=1,bilateral=1,tipores3=1  encerra2=2",21,1.27567067530065,0.101449275362319,0.0355329949238579,NA,NA,NA,NA,NA,NA,NA,NA
"692","hiv3=0,alcool=0,cavitacao=1,bilateral=1  encerra2=2",19,1.46573554366271,0.116564417177914,0.0321489001692047,NA,NA,NA,NA,NA,NA,NA,NA
"693","hiv3=0,alcool=0,comdrogas=0,bilateral=1  encerra2=2",19,1.32730496453901,0.105555555555556,0.0321489001692047,NA,NA,NA,NA,NA,NA,NA,NA
"694","hiv3=0,alcool=0,comdiab=0,bilateral=1  encerra2=2",19,1.47478329393223,0.117283950617284,0.0321489001692047,NA,NA,NA,NA,NA,NA,NA,NA
"695","fxet3=1,hiv3=0,alcool=0,bilateral=1  encerra2=2",20,1.4049685011292,0.111731843575419,0.0338409475465313,NA,NA,NA,NA,NA,NA,NA,NA
"696","hiv3=0,alcool=0,ppl=0,bilateral=1  encerra2=2",21,1.34726443768997,0.107142857142857,0.0355329949238579,NA,NA,NA,NA,NA,NA,NA,NA
"697","hiv3=0,alcool=0,pdres5=1,bilateral=1  encerra2=2",21,1.33365570599613,0.106060606060606,0.0355329949238579,NA,NA,NA,NA,NA,NA,NA,NA
"698","fxet3=1,alcool=0,cavitacao=1,bilateral=1  encerra2=2",22,1.44836805168765,0.115183246073298,0.0372250423011844,NA,NA,NA,NA,NA,NA,NA,NA
"699","alcool=0,ppl=0,cavitacao=1,bilateral=1  encerra2=2",23,1.40394546581285,0.111650485436893,0.038917089678511,NA,NA,NA,NA,NA,NA,NA,NA
"700","alcool=0,pdres5=1,cavitacao=1,bilateral=1  encerra2=2",23,1.40394546581285,0.111650485436893,0.038917089678511,NA,NA,NA,NA,NA,NA,NA,NA
"701","alcool=0,comdiab=0,comdrogas=0,bilateral=1  encerra2=2",19,1.31271919569792,0.104395604395604,0.0321489001692047,NA,NA,NA,NA,NA,NA,NA,NA
"702","alcool=0,comdiab=0,ppl=0,bilateral=1  encerra2=2",21,1.28186325139434,0.101941747572816,0.0355329949238579,NA,NA,NA,NA,NA,NA,NA,NA
"703","fxet3=1,alcool=0,ppl=0,bilateral=1  encerra2=2",24,1.31784818359194,0.104803493449782,0.0406091370558376,NA,NA,NA,NA,NA,NA,NA,NA
"704","fxet3=1,alcool=0,pdres5=1,bilateral=1  encerra2=2",24,1.30080704328687,0.103448275862069,0.0406091370558376,NA,NA,NA,NA,NA,NA,NA,NA
"705","alcool=0,ppl=0,pdres5=1,bilateral=1  encerra2=2",26,1.29736575481256,0.103174603174603,0.0439932318104907,NA,NA,NA,NA,NA,NA,NA,NA
"706","hiv3=0,comdiab=0,bilateral=1,tipores3=1  encerra2=2",18,1.2039384336804,0.0957446808510638,0.0304568527918782,NA,NA,NA,NA,NA,NA,NA,NA
"707","hiv3=0,comdiab=0,comtabagis=0,bilateral=1  encerra2=2",18,1.35533188941266,0.107784431137725,0.0304568527918782,NA,NA,NA,NA,NA,NA,NA,NA
"708","fxet3=1,hiv3=0,comtabagis=0,bilateral=1  encerra2=2",21,1.4045948392938,0.111702127659574,0.0355329949238579,NA,NA,NA,NA,NA,NA,NA,NA
"709","comtabagis=0,comdrogas=0,cavitacao=1,bilateral=1  encerra2=2",25,1.66328942924688,0.132275132275132,0.0423011844331641,NA,NA,NA,NA,NA,NA,NA,NA
"710","comdiab=0,comtabagis=0,cavitacao=1,bilateral=1  encerra2=2",22,1.5629282365669,0.124293785310734,0.0372250423011844,NA,NA,NA,NA,NA,NA,NA,NA
"711","comtabagis=0,pdres5=1,cavitacao=1,bilateral=1  encerra2=2",27,1.5718085106383,0.125,0.0456852791878173,NA,NA,NA,NA,NA,NA,NA,NA
"712","comdiab=0,comtabagis=0,comdrogas=0,bilateral=1  encerra2=2",21,1.4589161866698,0.116022099447514,0.0355329949238579,NA,NA,NA,NA,NA,NA,NA,NA
"713","comtabagis=0,comdrogas=0,ppl=0,bilateral=1  encerra2=2",26,1.44024744587122,0.114537444933921,0.0439932318104907,NA,NA,NA,NA,NA,NA,NA,NA
"714","comtabagis=0,comdrogas=0,pdres5=1,bilateral=1  encerra2=2",26,1.44024744587122,0.114537444933921,0.0439932318104907,NA,NA,NA,NA,NA,NA,NA,NA
"715","fxet3=1,comdiab=0,comtabagis=0,bilateral=1  encerra2=2",23,1.39716312056738,0.111111111111111,0.038917089678511,NA,NA,NA,NA,NA,NA,NA,NA
"716","comdiab=0,comtabagis=0,ppl=0,bilateral=1  encerra2=2",23,1.34517565561603,0.106976744186047,0.038917089678511,NA,NA,NA,NA,NA,NA,NA,NA
"717","comdiab=0,comtabagis=0,pdres5=1,bilateral=1  encerra2=2",23,1.32666406402499,0.105504587155963,0.038917089678511,NA,NA,NA,NA,NA,NA,NA,NA
"718","fxet3=1,comtabagis=0,ppl=0,bilateral=1  encerra2=2",27,1.42054660375679,0.112970711297071,0.0456852791878173,NA,NA,NA,NA,NA,NA,NA,NA
"719","fxet3=1,comtabagis=0,pdres5=1,bilateral=1  encerra2=2",27,1.41462765957447,0.1125,0.0456852791878173,NA,NA,NA,NA,NA,NA,NA,NA
"720","comtabagis=0,ppl=0,pdres5=1,bilateral=1  encerra2=2",28,1.34898508192712,0.10727969348659,0.0473773265651438,NA,NA,NA,NA,NA,NA,NA,NA
"721","hiv3=0,comdiab=0,ppl=0,bilateral=1  encerra2=2",22,1.22950354609929,0.0977777777777778,0.0372250423011844,NA,NA,NA,NA,NA,NA,NA,NA
"722","comdiab=0,comdrogas=0,cavitacao=1,bilateral=1  encerra2=2",22,1.42597060758938,0.11340206185567,0.0372250423011844,NA,NA,NA,NA,NA,NA,NA,NA
"723","fxet3=1,comdrogas=0,cavitacao=1,bilateral=1  encerra2=2",26,1.51359338061466,0.12037037037037,0.0439932318104907,NA,NA,NA,NA,NA,NA,NA,NA
"724","comdrogas=0,ppl=0,cavitacao=1,bilateral=1  encerra2=2",27,1.41462765957447,0.1125,0.0456852791878173,NA,NA,NA,NA,NA,NA,NA,NA
"725","comdrogas=0,pdres5=1,cavitacao=1,bilateral=1  encerra2=2",27,1.43253433880959,0.113924050632911,0.0456852791878173,NA,NA,NA,NA,NA,NA,NA,NA
"726","fxet3=1,pdres5=1,cavitacao=1,bilateral=1  encerra2=2",31,1.45995696868276,0.116104868913858,0.0524534686971235,NA,NA,NA,NA,NA,NA,NA,NA
"727","ppl=0,pdres5=1,cavitacao=1,bilateral=1  encerra2=2",32,1.40693349203987,0.111888111888112,0.0541455160744501,NA,NA,NA,NA,NA,NA,NA,NA
"728","fxet3=1,comdiab=0,comdrogas=0,bilateral=1  encerra2=2",24,1.37176015473888,0.109090909090909,0.0406091370558376,NA,NA,NA,NA,NA,NA,NA,NA
"729","comdiab=0,comdrogas=0,ppl=0,bilateral=1  encerra2=2",25,1.337709370756,0.106382978723404,0.0423011844331641,NA,NA,NA,NA,NA,NA,NA,NA
"730","comdiab=0,comdrogas=0,pdres5=1,bilateral=1  encerra2=2",25,1.33204111071042,0.105932203389831,0.0423011844331641,NA,NA,NA,NA,NA,NA,NA,NA
"731","fxet3=1,comdrogas=0,ppl=0,bilateral=1  encerra2=2",28,1.36467095497279,0.108527131782946,0.0473773265651438,NA,NA,NA,NA,NA,NA,NA,NA
"732","fxet3=1,comdrogas=0,pdres5=1,bilateral=1  encerra2=2",28,1.36998095868863,0.108949416342412,0.0473773265651438,NA,NA,NA,NA,NA,NA,NA,NA
"733","comdrogas=0,ppl=0,pdres5=1,bilateral=1  encerra2=2",30,1.31440432945363,0.104529616724739,0.050761421319797,NA,NA,NA,NA,NA,NA,NA,NA
"734","fxet3=1,ppl=0,pdres5=1,bilateral=1  encerra2=2",33,1.31315647724212,0.104430379746835,0.0558375634517767,NA,NA,NA,NA,NA,NA,NA,NA
"735","fxet3=1,escol4=1,comdrogas=0,ppl=0  encerra2=2",22,1.1109971802102,0.0883534136546185,0.0372250423011844,NA,NA,NA,NA,NA,NA,NA,NA
"736","hiv3=0,alcool=0,ppl=0,tipores3=1  encerra2=2",22,1.17718424626528,0.0936170212765957,0.0372250423011844,NA,NA,NA,NA,NA,NA,NA,NA
"737","hiv3=0,alcool=0,pdres5=1,tipores3=1  encerra2=2",22,1.15265957446808,0.0916666666666667,0.0372250423011844,NA,NA,NA,NA,NA,NA,NA,NA
"738","alcool=0,comdrogas=0,ppl=0,tipores3=1  encerra2=2",24,1.1177304964539,0.0888888888888889,0.0406091370558376,NA,NA,NA,NA,NA,NA,NA,NA
"739","hiv3=0,alcool=0,comtabagis=0,cavitacao=1  encerra2=2",21,1.1841427344719,0.0941704035874439,0.0355329949238579,NA,NA,NA,NA,NA,NA,NA,NA
"740","fxet3=1,hiv3=0,alcool=0,comtabagis=0  encerra2=2",24,1.1431334622824,0.0909090909090909,0.0406091370558376,NA,NA,NA,NA,NA,NA,NA,NA
"741","hiv3=0,alcool=0,comdrogas=0,cavitacao=1  encerra2=2",22,1.20277520814061,0.0956521739130435,0.0372250423011844,NA,NA,NA,NA,NA,NA,NA,NA
"742","hiv3=0,alcool=0,comdiab=0,cavitacao=1  encerra2=2",21,1.23973629008091,0.0985915492957746,0.0355329949238579,NA,NA,NA,NA,NA,NA,NA,NA
"743","fxet3=1,hiv3=0,alcool=0,cavitacao=1  encerra2=2",23,1.21517968889684,0.0966386554621849,0.038917089678511,NA,NA,NA,NA,NA,NA,NA,NA
"744","hiv3=0,alcool=0,ppl=0,cavitacao=1  encerra2=2",24,1.20714893617021,0.096,0.0406091370558376,NA,NA,NA,NA,NA,NA,NA,NA
"745","hiv3=0,alcool=0,pdres5=1,cavitacao=1  encerra2=2",24,1.17426939316169,0.0933852140077821,0.0406091370558376,NA,NA,NA,NA,NA,NA,NA,NA
"746","hiv3=0,alcool=0,comdiab=0,comdrogas=0  encerra2=2",24,1.27875946628201,0.101694915254237,0.0406091370558376,NA,NA,NA,NA,NA,NA,NA,NA
"747","hiv3=0,alcool=0,comdrogas=0,ppl=0  encerra2=2",28,1.20577091227047,0.0958904109589041,0.0473773265651438,NA,NA,NA,NA,NA,NA,NA,NA
"748","hiv3=0,alcool=0,comdrogas=0,pdres5=1  encerra2=2",28,1.19756838905775,0.0952380952380952,0.0473773265651438,NA,NA,NA,NA,NA,NA,NA,NA
"749","hiv3=0,alcool=0,comdiab=0,ppl=0  encerra2=2",26,1.25744680851064,0.1,0.0439932318104907,NA,NA,NA,NA,NA,NA,NA,NA
"750","hiv3=0,alcool=0,comdiab=0,pdres5=1  encerra2=2",26,1.21991108288346,0.0970149253731343,0.0439932318104907,NA,NA,NA,NA,NA,NA,NA,NA
"751","hiv3=0,alcool=0,ppl=0,pdres5=1  encerra2=2",30,1.18627057406664,0.0943396226415094,0.050761421319797,NA,NA,NA,NA,NA,NA,NA,NA
"752","alcool=0,comdiab=0,comdrogas=0,cavitacao=1  encerra2=2",21,1.13820616287601,0.0905172413793103,0.0355329949238579,NA,NA,NA,NA,NA,NA,NA,NA
"753","alcool=0,comdrogas=0,ppl=0,cavitacao=1  encerra2=2",26,1.15525148485076,0.0918727915194346,0.0439932318104907,NA,NA,NA,NA,NA,NA,NA,NA
"754","fxet3=1,alcool=0,ppl=0,cavitacao=1  encerra2=2",27,1.17072633895818,0.0931034482758621,0.0456852791878173,NA,NA,NA,NA,NA,NA,NA,NA
"755","alcool=0,comdiab=0,comdrogas=0,ppl=0  encerra2=2",27,1.14699539965497,0.0912162162162162,0.0456852791878173,NA,NA,NA,NA,NA,NA,NA,NA
"756","hiv3=0,comdiab=0,comtabagis=0,tipores3=1  encerra2=2",19,1.11642473652814,0.088785046728972,0.0321489001692047,NA,NA,NA,NA,NA,NA,NA,NA
"757","comdiab=0,comtabagis=0,comdrogas=0,tipores3=1  encerra2=2",22,1.17718424626528,0.0936170212765957,0.0372250423011844,NA,NA,NA,NA,NA,NA,NA,NA
"758","comdiab=0,comtabagis=0,ppl=0,tipores3=1  encerra2=2",24,1.10951188986233,0.0882352941176471,0.0406091370558376,NA,NA,NA,NA,NA,NA,NA,NA
"759","fxet3=1,comdiab=0,comdrogas=0,tipores3=1  encerra2=2",25,1.12272036474164,0.0892857142857143,0.0423011844331641,NA,NA,NA,NA,NA,NA,NA,NA
"760","comdiab=0,comdrogas=0,ppl=0,tipores3=1  encerra2=2",27,1.14699539965497,0.0912162162162162,0.0456852791878173,NA,NA,NA,NA,NA,NA,NA,NA
"761","hiv3=0,comdiab=0,comtabagis=0,comdrogas=0  encerra2=2",23,1.22547782185359,0.0974576271186441,0.038917089678511,NA,NA,NA,NA,NA,NA,NA,NA
"762","fxet3=1,hiv3=0,comtabagis=0,comdrogas=0  encerra2=2",26,1.21991108288346,0.0970149253731343,0.0439932318104907,NA,NA,NA,NA,NA,NA,NA,NA
"763","hiv3=0,comtabagis=0,comdrogas=0,pdres5=1  encerra2=2",28,1.19756838905775,0.0952380952380952,0.0473773265651438,NA,NA,NA,NA,NA,NA,NA,NA
"764","fxet3=1,hiv3=0,comdiab=0,comtabagis=0  encerra2=2",24,1.13881975110397,0.0905660377358491,0.0406091370558376,NA,NA,NA,NA,NA,NA,NA,NA
"765","hiv3=0,comdiab=0,comtabagis=0,ppl=0  encerra2=2",25,1.15150806640168,0.0915750915750916,0.0423011844331641,NA,NA,NA,NA,NA,NA,NA,NA
"766","hiv3=0,comdiab=0,comtabagis=0,pdres5=1  encerra2=2",25,1.12272036474164,0.0892857142857143,0.0423011844331641,NA,NA,NA,NA,NA,NA,NA,NA
"767","fxet3=1,hiv3=0,comtabagis=0,ppl=0  encerra2=2",28,1.14685702404879,0.0912052117263844,0.0473773265651438,NA,NA,NA,NA,NA,NA,NA,NA
"768","fxet3=1,hiv3=0,comtabagis=0,pdres5=1  encerra2=2",28,1.13210645139221,0.090032154340836,0.0473773265651438,NA,NA,NA,NA,NA,NA,NA,NA
"769","hiv3=0,comtabagis=0,ppl=0,pdres5=1  encerra2=2",30,1.1328349626222,0.0900900900900901,0.050761421319797,NA,NA,NA,NA,NA,NA,NA,NA
"770","comdiab=0,comtabagis=0,comdrogas=0,cavitacao=1  encerra2=2",24,1.27875946628201,0.101694915254237,0.0406091370558376,NA,NA,NA,NA,NA,NA,NA,NA
"771","comtabagis=0,comdrogas=0,ppl=0,cavitacao=1  encerra2=2",30,1.30080704328687,0.103448275862069,0.050761421319797,NA,NA,NA,NA,NA,NA,NA,NA
"772","comdiab=0,comtabagis=0,ppl=0,cavitacao=1  encerra2=2",26,1.21087470449173,0.0962962962962963,0.0439932318104907,NA,NA,NA,NA,NA,NA,NA,NA
"773","fxet3=1,comtabagis=0,ppl=0,cavitacao=1  encerra2=2",31,1.26973456233973,0.100977198697068,0.0524534686971235,NA,NA,NA,NA,NA,NA,NA,NA
"774","fxet3=1,comdiab=0,comtabagis=0,comdrogas=0  encerra2=2",28,1.22677737415672,0.0975609756097561,0.0473773265651438,NA,NA,NA,NA,NA,NA,NA,NA
"775","comdiab=0,comtabagis=0,comdrogas=0,ppl=0  encerra2=2",29,1.21553191489362,0.0966666666666667,0.0490693739424704,NA,NA,NA,NA,NA,NA,NA,NA
"776","fxet3=1,comtabagis=0,comdrogas=0,ppl=0  encerra2=2",33,1.23867894569705,0.0985074626865672,0.0558375634517767,NA,NA,NA,NA,NA,NA,NA,NA
"777","fxet3=1,comdiab=0,comtabagis=0,ppl=0  encerra2=2",30,1.1431334622824,0.0909090909090909,0.050761421319797,NA,NA,NA,NA,NA,NA,NA,NA
"778","hiv3=0,comdiab=0,comdrogas=0,pdres5=1  encerra2=2",27,1.11314963376352,0.0885245901639344,0.0456852791878173,NA,NA,NA,NA,NA,NA,NA,NA
"779","fxet3=1,comdiab=0,comdrogas=0,cavitacao=1  encerra2=2",26,1.15525148485076,0.0918727915194346,0.0439932318104907,NA,NA,NA,NA,NA,NA,NA,NA
"780","comdiab=0,comdrogas=0,ppl=0,cavitacao=1  encerra2=2",27,1.13929744395259,0.0906040268456376,0.0456852791878173,NA,NA,NA,NA,NA,NA,NA,NA
"781","fxet3=1,comdrogas=0,ppl=0,cavitacao=1  encerra2=2",31,1.18482829981246,0.0942249240121581,0.0524534686971235,NA,NA,NA,NA,NA,NA,NA,NA
"782","fxet3=1,comdiab=0,comdrogas=0,ppl=0  encerra2=2",32,1.13347317950255,0.0901408450704225,0.0541455160744501,NA,NA,NA,NA,NA,NA,NA,NA
"783","hiv3=1,alcool=0,comtabagis=0,comdrogas=0  encerra2=0",19,1.11024322720981,0.730769230769231,0.0321489001692047,NA,NA,NA,NA,NA,NA,NA,NA
"784","sexo2=0,escol4=1,bilateral=1,tipores3=1  encerra2=3",18,2.81428571428571,0.3,0.0304568527918782,NA,NA,NA,NA,NA,NA,NA,NA
"785","sexo2=0,escol4=1,comdrogas=0,bilateral=1  encerra2=3",18,2.81428571428571,0.3,0.0304568527918782,NA,NA,NA,NA,NA,NA,NA,NA
"786","sexo2=0,comdrogas=0,bilateral=1,tipores3=1  encerra2=3",18,2.11071428571429,0.225,0.0304568527918782,NA,NA,NA,NA,NA,NA,NA,NA
"787","sexo2=0,escol4=1,comdrogas=0,tipores3=1  encerra2=3",19,2.20047031158142,0.234567901234568,0.0321489001692047,NA,NA,NA,NA,NA,NA,NA,NA
"788","raca3=1,mumigual=1,ppl=0,tipores3=1  encerra2=3",19,1.47304210940575,0.15702479338843,0.0321489001692047,NA,NA,NA,NA,NA,NA,NA,NA
"789","mumigual=1,comdrogas=0,cavitacao=1,bilateral=1  encerra2=3",18,1.50765306122449,0.160714285714286,0.0304568527918782,NA,NA,NA,NA,NA,NA,NA,NA
"790","mumigual=1,comdrogas=0,ppl=0,bilateral=1  encerra2=3",20,1.32126089872569,0.140845070422535,0.0338409475465313,NA,NA,NA,NA,NA,NA,NA,NA
"791","escol4=1,mumigual=1,alcool=0,ppl=0  encerra2=3",18,1.49431099873578,0.15929203539823,0.0304568527918782,NA,NA,NA,NA,NA,NA,NA,NA
"792","escol4=1,mumigual=1,comdrogas=0,ppl=0  encerra2=3",20,1.34977732100034,0.143884892086331,0.0338409475465313,NA,NA,NA,NA,NA,NA,NA,NA
"793","mumigual=1,alcool=0,ppl=0,tipores3=1  encerra2=3",20,1.29392446633826,0.137931034482759,0.0338409475465313,NA,NA,NA,NA,NA,NA,NA,NA
"794","mumigual=1,alcool=0,ppl=0,cavitacao=1  encerra2=3",18,1.28898582333697,0.137404580152672,0.0304568527918782,NA,NA,NA,NA,NA,NA,NA,NA
"795","mumigual=1,comdrogas=0,cavitacao=1,tipores3=1  encerra2=3",19,1.4034495688039,0.149606299212598,0.0321489001692047,NA,NA,NA,NA,NA,NA,NA,NA
"796","mumigual=1,ppl=0,cavitacao=1,tipores3=1  encerra2=3",22,1.3577694235589,0.144736842105263,0.0372250423011844,NA,NA,NA,NA,NA,NA,NA,NA
"797","mumigual=1,comdrogas=0,ppl=0,tipores3=1  encerra2=3",22,1.22845804988662,0.130952380952381,0.0372250423011844,NA,NA,NA,NA,NA,NA,NA,NA
"798","mumigual=1,comdrogas=0,ppl=0,cavitacao=1  encerra2=3",20,1.22626828509181,0.130718954248366,0.0338409475465313,NA,NA,NA,NA,NA,NA,NA,NA
"799","raca3=1,mumigual=0,comdrogas=0,tipores3=1  encerra2=3",19,1.4034495688039,0.149606299212598,0.0321489001692047,NA,NA,NA,NA,NA,NA,NA,NA
"800","raca3=1,mumigual=0,hiv3=0,cavitacao=1  encerra2=3",18,1.27922077922078,0.136363636363636,0.0304568527918782,NA,NA,NA,NA,NA,NA,NA,NA
"801","escol4=1,mumigual=0,bilateral=1,tipores3=1  encerra2=3",21,2.07368421052632,0.221052631578947,0.0355329949238579,NA,NA,NA,NA,NA,NA,NA,NA
"802","escol4=1,mumigual=0,cavitacao=1,bilateral=1  encerra2=3",21,1.89423076923077,0.201923076923077,0.0355329949238579,NA,NA,NA,NA,NA,NA,NA,NA
"803","escol4=1,mumigual=0,comdrogas=0,bilateral=1  encerra2=3",18,1.91883116883117,0.204545454545455,0.0304568527918782,NA,NA,NA,NA,NA,NA,NA,NA
"804","escol4=1,mumigual=0,ppl=0,bilateral=1  encerra2=3",24,1.90799031476998,0.203389830508475,0.0406091370558376,NA,NA,NA,NA,NA,NA,NA,NA
"805","sexo2=1,mumigual=0,cavitacao=1,bilateral=1  encerra2=3",19,1.57732827644332,0.168141592920354,0.0321489001692047,NA,NA,NA,NA,NA,NA,NA,NA
"806","sexo2=1,mumigual=0,ppl=0,bilateral=1  encerra2=3",20,1.44322344322344,0.153846153846154,0.0338409475465313,NA,NA,NA,NA,NA,NA,NA,NA
"807","mumigual=0,ppl=0,bilateral=1,tipores3=1  encerra2=3",22,1.48475505310038,0.158273381294964,0.0372250423011844,NA,NA,NA,NA,NA,NA,NA,NA
"808","mumigual=0,hiv3=0,cavitacao=1,bilateral=1  encerra2=3",19,1.38169066076043,0.147286821705426,0.0321489001692047,NA,NA,NA,NA,NA,NA,NA,NA
"809","mumigual=0,ppl=0,cavitacao=1,bilateral=1  encerra2=3",24,1.39840283939663,0.149068322981366,0.0406091370558376,NA,NA,NA,NA,NA,NA,NA,NA
"810","sexo2=1,escol4=1,mumigual=0,cavitacao=1  encerra2=3",20,1.63146997929607,0.173913043478261,0.0338409475465313,NA,NA,NA,NA,NA,NA,NA,NA
"811","sexo2=1,escol4=1,mumigual=0,ppl=0  encerra2=3",20,1.45441122185308,0.155038759689922,0.0338409475465313,NA,NA,NA,NA,NA,NA,NA,NA
"812","escol4=1,mumigual=0,cavitacao=1,tipores3=1  encerra2=3",23,1.65970695970696,0.176923076923077,0.038917089678511,NA,NA,NA,NA,NA,NA,NA,NA
"813","escol4=1,mumigual=0,ppl=0,tipores3=1  encerra2=3",26,1.6152633238726,0.172185430463576,0.0439932318104907,NA,NA,NA,NA,NA,NA,NA,NA
"814","escol4=1,mumigual=0,hiv3=0,cavitacao=1  encerra2=3",20,1.48904006046863,0.158730158730159,0.0338409475465313,NA,NA,NA,NA,NA,NA,NA,NA
"815","escol4=1,mumigual=0,ppl=0,cavitacao=1  encerra2=3",26,1.50558495002939,0.160493827160494,0.0439932318104907,NA,NA,NA,NA,NA,NA,NA,NA
"816","sexo2=1,mumigual=0,cavitacao=1,tipores3=1  encerra2=3",19,1.4034495688039,0.149606299212598,0.0321489001692047,NA,NA,NA,NA,NA,NA,NA,NA
"817","sexo2=1,mumigual=0,comdiab=0,tipores3=1  encerra2=3",18,1.2325338894682,0.131386861313869,0.0304568527918782,NA,NA,NA,NA,NA,NA,NA,NA
"818","sexo2=1,mumigual=0,ppl=0,tipores3=1  encerra2=3",20,1.28506196999348,0.136986301369863,0.0338409475465313,NA,NA,NA,NA,NA,NA,NA,NA
"819","sexo2=1,mumigual=0,hiv3=0,ppl=0  encerra2=3",21,1.23899371069182,0.132075471698113,0.0355329949238579,NA,NA,NA,NA,NA,NA,NA,NA
"820","sexo2=1,mumigual=0,ppl=0,cavitacao=1  encerra2=3",24,1.41599281221923,0.150943396226415,0.0406091370558376,NA,NA,NA,NA,NA,NA,NA,NA
"821","raca3=1,cavitacao=1,bilateral=1,tipores3=1  encerra2=3",25,1.52288188002474,0.162337662337662,0.0423011844331641,NA,NA,NA,NA,NA,NA,NA,NA
"822","raca3=1,comdrogas=0,bilateral=1,tipores3=1  encerra2=3",25,1.57398529881751,0.167785234899329,0.0423011844331641,NA,NA,NA,NA,NA,NA,NA,NA
"823","raca3=1,ppl=0,bilateral=1,tipores3=1  encerra2=3",29,1.51137566137566,0.161111111111111,0.0490693739424704,NA,NA,NA,NA,NA,NA,NA,NA
"824","raca3=1,hiv3=0,cavitacao=1,bilateral=1  encerra2=3",22,1.46369469773725,0.156028368794326,0.0372250423011844,NA,NA,NA,NA,NA,NA,NA,NA
"825","raca3=1,comdrogas=0,cavitacao=1,bilateral=1  encerra2=3",25,1.57398529881751,0.167785234899329,0.0423011844331641,NA,NA,NA,NA,NA,NA,NA,NA
"826","raca3=1,ppl=0,cavitacao=1,bilateral=1  encerra2=3",28,1.47565543071161,0.157303370786517,0.0473773265651438,NA,NA,NA,NA,NA,NA,NA,NA
"827","raca3=1,comdrogas=0,ppl=0,bilateral=1  encerra2=3",28,1.48399246704331,0.15819209039548,0.0473773265651438,NA,NA,NA,NA,NA,NA,NA,NA
"828","raca3=1,escol4=1,alcool=0,tipores3=1  encerra2=3",24,1.64337851929093,0.175182481751825,0.0406091370558376,NA,NA,NA,NA,NA,NA,NA,NA
"829","raca3=1,escol4=1,alcool=0,cavitacao=1  encerra2=3",21,1.4812030075188,0.157894736842105,0.0355329949238579,NA,NA,NA,NA,NA,NA,NA,NA
"830","raca3=1,escol4=1,alcool=0,ppl=0  encerra2=3",25,1.45666962437149,0.15527950310559,0.0423011844331641,NA,NA,NA,NA,NA,NA,NA,NA
"831","raca3=1,escol4=1,cavitacao=1,tipores3=1  encerra2=3",30,1.68520102651839,0.179640718562874,0.050761421319797,NA,NA,NA,NA,NA,NA,NA,NA
"832","raca3=1,escol4=1,comdrogas=0,tipores3=1  encerra2=3",29,1.60028011204482,0.170588235294118,0.0490693739424704,NA,NA,NA,NA,NA,NA,NA,NA
"833","raca3=1,escol4=1,ppl=0,tipores3=1  encerra2=3",35,1.6334991708126,0.174129353233831,0.0592216582064298,NA,NA,NA,NA,NA,NA,NA,NA
"834","raca3=1,escol4=1,hiv3=0,cavitacao=1  encerra2=3",24,1.43403093721565,0.152866242038217,0.0406091370558376,NA,NA,NA,NA,NA,NA,NA,NA
"835","raca3=1,escol4=1,comdrogas=0,cavitacao=1  encerra2=3",26,1.51493640934635,0.161490683229814,0.0439932318104907,NA,NA,NA,NA,NA,NA,NA,NA
"836","raca3=1,escol4=1,ppl=0,cavitacao=1  encerra2=3",31,1.50678509745867,0.160621761658031,0.0524534686971235,NA,NA,NA,NA,NA,NA,NA,NA
"837","raca3=1,escol4=1,comdrogas=0,ppl=0  encerra2=3",30,1.4001421464108,0.149253731343284,0.050761421319797,NA,NA,NA,NA,NA,NA,NA,NA
"838","sexo2=1,raca3=1,hiv3=0,cavitacao=1  encerra2=3",20,1.25079365079365,0.133333333333333,0.0338409475465313,NA,NA,NA,NA,NA,NA,NA,NA
"839","raca3=1,alcool=0,cavitacao=1,tipores3=1  encerra2=3",24,1.47152194211018,0.156862745098039,0.0406091370558376,NA,NA,NA,NA,NA,NA,NA,NA
"840","raca3=1,alcool=0,ppl=0,tipores3=1  encerra2=3",29,1.47851966873706,0.157608695652174,0.0490693739424704,NA,NA,NA,NA,NA,NA,NA,NA
"841","raca3=1,comdrogas=0,cavitacao=1,tipores3=1  encerra2=3",29,1.50302551960011,0.160220994475138,0.0490693739424704,NA,NA,NA,NA,NA,NA,NA,NA
"842","raca3=1,ppl=0,cavitacao=1,tipores3=1  encerra2=3",34,1.51162265854209,0.161137440758294,0.0575296108291032,NA,NA,NA,NA,NA,NA,NA,NA
"843","raca3=1,comdrogas=0,ppl=0,tipores3=1  encerra2=3",34,1.43672243672244,0.153153153153153,0.0575296108291032,NA,NA,NA,NA,NA,NA,NA,NA
"844","raca3=1,comdrogas=0,ppl=0,cavitacao=1  encerra2=3",32,1.34013605442177,0.142857142857143,0.0541455160744501,NA,NA,NA,NA,NA,NA,NA,NA
"845","escol4=1,alcool=0,bilateral=1,tipores3=1  encerra2=3",26,1.89073458840901,0.201550387596899,0.0439932318104907,NA,NA,NA,NA,NA,NA,NA,NA
"846","escol4=1,alcool=0,cavitacao=1,bilateral=1  encerra2=3",25,1.90669763840496,0.203252032520325,0.0423011844331641,NA,NA,NA,NA,NA,NA,NA,NA
"847","escol4=1,alcool=0,ppl=0,bilateral=1  encerra2=3",29,1.83815958815959,0.195945945945946,0.0490693739424704,NA,NA,NA,NA,NA,NA,NA,NA
"848","escol4=1,comtabagis=0,bilateral=1,tipores3=1  encerra2=3",27,1.89019189765458,0.201492537313433,0.0456852791878173,NA,NA,NA,NA,NA,NA,NA,NA
"849","escol4=1,cavitacao=1,bilateral=1,tipores3=1  encerra2=3",34,1.92139988525531,0.204819277108434,0.0575296108291032,NA,NA,NA,NA,NA,NA,NA,NA
"850","escol4=1,comdrogas=0,bilateral=1,tipores3=1  encerra2=3",32,1.9620292561469,0.209150326797386,0.0541455160744501,NA,NA,NA,NA,NA,NA,NA,NA
"851","escol4=1,ppl=0,bilateral=1,tipores3=1  encerra2=3",40,1.93421698576338,0.206185567010309,0.0676818950930626,NA,NA,NA,NA,NA,NA,NA,NA
"852","escol4=1,comtabagis=0,cavitacao=1,bilateral=1  encerra2=3",26,1.86186841148673,0.198473282442748,0.0439932318104907,NA,NA,NA,NA,NA,NA,NA,NA
"853","escol4=1,comtabagis=0,comdrogas=0,bilateral=1  encerra2=3",26,1.83387039026137,0.195488721804511,0.0439932318104907,NA,NA,NA,NA,NA,NA,NA,NA
"854","escol4=1,comdrogas=0,cavitacao=1,bilateral=1  encerra2=3",31,1.95174177053372,0.208053691275168,0.0524534686971235,NA,NA,NA,NA,NA,NA,NA,NA
"855","escol4=1,ppl=0,cavitacao=1,bilateral=1  encerra2=3",38,1.88611740992693,0.201058201058201,0.0642978003384095,NA,NA,NA,NA,NA,NA,NA,NA
"856","escol4=1,comdrogas=0,ppl=0,bilateral=1  encerra2=3",36,1.87619047619048,0.2,0.0609137055837563,NA,NA,NA,NA,NA,NA,NA,NA
"857","comdrogas=0,cavitacao=1,bilateral=1,tipores3=1  encerra2=3",30,1.45066273932253,0.154639175257732,0.050761421319797,NA,NA,NA,NA,NA,NA,NA,NA
"858","ppl=0,cavitacao=1,bilateral=1,tipores3=1  encerra2=3",37,1.45838335334134,0.15546218487395,0.0626057529610829,NA,NA,NA,NA,NA,NA,NA,NA
"859","comdrogas=0,ppl=0,bilateral=1,tipores3=1  encerra2=3",35,1.42135642135642,0.151515151515152,0.0592216582064298,NA,NA,NA,NA,NA,NA,NA,NA
"860","hiv3=0,comdrogas=0,cavitacao=1,bilateral=1  encerra2=3",29,1.40230731467845,0.149484536082474,0.0490693739424704,NA,NA,NA,NA,NA,NA,NA,NA
"861","comdrogas=0,ppl=0,cavitacao=1,bilateral=1  encerra2=3",36,1.40714285714286,0.15,0.0609137055837563,NA,NA,NA,NA,NA,NA,NA,NA
"862","escol4=1,alcool=0,cavitacao=1,tipores3=1  encerra2=3",28,1.65199161425577,0.176100628930818,0.0473773265651438,NA,NA,NA,NA,NA,NA,NA,NA
"863","escol4=1,alcool=0,ppl=0,tipores3=1  encerra2=3",33,1.6207928197457,0.172774869109948,0.0558375634517767,NA,NA,NA,NA,NA,NA,NA,NA
"864","escol4=1,alcool=0,ppl=0,cavitacao=1  encerra2=3",31,1.55513114336644,0.165775401069519,0.0524534686971235,NA,NA,NA,NA,NA,NA,NA,NA
"865","escol4=1,ppl=0,cavitacao=1,tipores3=1  encerra2=3",42,1.71304347826087,0.182608695652174,0.0710659898477157,NA,NA,NA,NA,NA,NA,NA,NA
"866","escol4=1,comtabagis=0,comdrogas=0,cavitacao=1  encerra2=3",27,1.45566502463054,0.155172413793103,0.0456852791878173,NA,NA,NA,NA,NA,NA,NA,NA
"867","escol4=1,comdrogas=0,ppl=0,cavitacao=1  encerra2=3",36,1.50765306122449,0.160714285714286,0.0609137055837563,NA,NA,NA,NA,NA,NA,NA,NA
"868","sexo2=1,alcool=0,cavitacao=1,tipores3=1  encerra2=3",21,1.32214765100671,0.140939597315436,0.0355329949238579,NA,NA,NA,NA,NA,NA,NA,NA
"869","sexo2=1,alcool=0,comdiab=0,cavitacao=1  encerra2=3",20,1.13708513708514,0.121212121212121,0.0338409475465313,NA,NA,NA,NA,NA,NA,NA,NA
"870","sexo2=1,alcool=0,ppl=0,cavitacao=1  encerra2=3",23,1.19867724867725,0.127777777777778,0.038917089678511,NA,NA,NA,NA,NA,NA,NA,NA
"871","sexo2=1,hiv3=0,comdrogas=0,cavitacao=1  encerra2=3",23,1.12964348042882,0.120418848167539,0.038917089678511,NA,NA,NA,NA,NA,NA,NA,NA
"872","hiv3=2,ppl=0,pdres5=1,bilateral=0  encerra2=0",21,1.13946015424165,0.75,0.0355329949238579,NA,NA,NA,NA,NA,NA,NA,NA
"873","raca3=0,hiv3=2,alcool=0,ppl=0  encerra2=0",20,1.16867708127348,0.769230769230769,0.0338409475465313,NA,NA,NA,NA,NA,NA,NA,NA
"874","raca3=0,hiv3=2,alcool=0,pdres5=1  encerra2=0",20,1.16867708127348,0.769230769230769,0.0338409475465313,NA,NA,NA,NA,NA,NA,NA,NA
"875","mumigual=0,hiv3=2,comdrogas=0,ppl=0  encerra2=0",23,1.12720789451862,0.741935483870968,0.038917089678511,NA,NA,NA,NA,NA,NA,NA,NA
"876","escol4=0,hiv3=0,alcool=0,comdiab=1  encerra2=0",21,1.45022201448937,0.954545454545455,0.0355329949238579,NA,NA,NA,NA,NA,NA,NA,NA
"877","fxet3=1,escol4=0,alcool=0,comdiab=1  encerra2=0",21,1.27619537275064,0.84,0.0355329949238579,NA,NA,NA,NA,NA,NA,NA,NA
"878","escol4=0,hiv3=0,comdiab=1,comdrogas=0  encerra2=0",22,1.3926735218509,0.916666666666667,0.0372250423011844,NA,NA,NA,NA,NA,NA,NA,NA
"879","fxet3=1,escol4=0,comdiab=1,comdrogas=0  encerra2=0",22,1.23793201942302,0.814814814814815,0.0372250423011844,NA,NA,NA,NA,NA,NA,NA,NA
"880","sexo2=0,fxet3=1,hiv3=0,comdiab=1  encerra2=0",20,1.16867708127348,0.769230769230769,0.0338409475465313,NA,NA,NA,NA,NA,NA,NA,NA
"881","sexo2=0,hiv3=0,comdiab=1,pdres5=1  encerra2=0",24,1.10493105865857,0.727272727272727,0.0406091370558376,NA,NA,NA,NA,NA,NA,NA,NA
"882","escol4=1,comdiab=1,pdres5=1,bilateral=0  encerra2=0",19,1.20276349614396,0.791666666666667,0.0321489001692047,NA,NA,NA,NA,NA,NA,NA,NA
"883","alcool=0,comdiab=1,comtabagis=0,bilateral=0  encerra2=0",22,1.28554478940083,0.846153846153846,0.0372250423011844,NA,NA,NA,NA,NA,NA,NA,NA
"884","alcool=0,comdiab=1,comdrogas=0,bilateral=0  encerra2=0",24,1.30224017627617,0.857142857142857,0.0406091370558376,NA,NA,NA,NA,NA,NA,NA,NA
"885","fxet3=1,alcool=0,comdiab=1,bilateral=0  encerra2=0",20,1.32111322230915,0.869565217391304,0.0338409475465313,NA,NA,NA,NA,NA,NA,NA,NA
"886","comdiab=1,comtabagis=0,comdrogas=0,bilateral=0  encerra2=0",22,1.23793201942302,0.814814814814815,0.0372250423011844,NA,NA,NA,NA,NA,NA,NA,NA
"887","fxet3=1,comdiab=1,comtabagis=0,bilateral=0  encerra2=0",18,1.24304744099089,0.818181818181818,0.0304568527918782,NA,NA,NA,NA,NA,NA,NA,NA
"888","comdiab=1,comtabagis=0,pdres5=1,bilateral=0  encerra2=0",22,1.23793201942302,0.814814814814815,0.0372250423011844,NA,NA,NA,NA,NA,NA,NA,NA
"889","fxet3=1,comdiab=1,comdrogas=0,bilateral=0  encerra2=0",20,1.26606683804627,0.833333333333333,0.0338409475465313,NA,NA,NA,NA,NA,NA,NA,NA
"890","comdiab=1,comdrogas=0,pdres5=1,bilateral=0  encerra2=0",24,1.25733534261147,0.827586206896552,0.0406091370558376,NA,NA,NA,NA,NA,NA,NA,NA
"891","fxet3=1,comdiab=1,pdres5=1,bilateral=0  encerra2=0",20,1.21542416452442,0.8,0.0338409475465313,NA,NA,NA,NA,NA,NA,NA,NA
"892","raca3=0,hiv3=0,alcool=0,comdiab=1  encerra2=0",24,1.25733534261147,0.827586206896552,0.0406091370558376,NA,NA,NA,NA,NA,NA,NA,NA
"893","raca3=0,fxet3=1,alcool=0,comdiab=1  encerra2=0",23,1.24798016893133,0.821428571428571,0.038917089678511,NA,NA,NA,NA,NA,NA,NA,NA
"894","raca3=0,comdiab=1,cavitacao=1,tipores3=1  encerra2=0",19,1.11024322720981,0.730769230769231,0.0321489001692047,NA,NA,NA,NA,NA,NA,NA,NA
"895","raca3=0,fxet3=1,comdiab=1,comtabagis=0  encerra2=0",22,1.15255739739385,0.758620689655172,0.0372250423011844,NA,NA,NA,NA,NA,NA,NA,NA
"896","raca3=0,hiv3=0,comdiab=1,comdrogas=0  encerra2=0",26,1.16180251020717,0.764705882352941,0.0439932318104907,NA,NA,NA,NA,NA,NA,NA,NA
"897","raca3=0,fxet3=1,hiv3=0,comdiab=1  encerra2=0",24,1.17621693341073,0.774193548387097,0.0406091370558376,NA,NA,NA,NA,NA,NA,NA,NA
"898","raca3=0,fxet3=1,comdiab=1,comdrogas=0  encerra2=0",25,1.18693766066838,0.78125,0.0423011844331641,NA,NA,NA,NA,NA,NA,NA,NA
"899","escol4=1,mumigual=1,comdiab=1,comdrogas=0  encerra2=0",18,1.18900190007824,0.782608695652174,0.0304568527918782,NA,NA,NA,NA,NA,NA,NA,NA
"900","mumigual=1,alcool=0,comdiab=1,comtabagis=0  encerra2=0",22,1.11413881748072,0.733333333333333,0.0372250423011844,NA,NA,NA,NA,NA,NA,NA,NA
"901","mumigual=1,hiv3=0,alcool=0,comdiab=1  encerra2=0",20,1.21542416452442,0.8,0.0338409475465313,NA,NA,NA,NA,NA,NA,NA,NA
"902","fxet3=1,mumigual=1,alcool=0,comdiab=1  encerra2=0",19,1.11024322720981,0.730769230769231,0.0321489001692047,NA,NA,NA,NA,NA,NA,NA,NA
"903","mumigual=1,hiv3=0,comdiab=1,comtabagis=0  encerra2=0",19,1.2550575611937,0.826086956521739,0.0321489001692047,NA,NA,NA,NA,NA,NA,NA,NA
"904","mumigual=1,comdiab=1,comtabagis=0,comdrogas=0  encerra2=0",23,1.12720789451862,0.741935483870968,0.038917089678511,NA,NA,NA,NA,NA,NA,NA,NA
"905","mumigual=1,hiv3=0,comdiab=1,comdrogas=0  encerra2=0",21,1.27619537275064,0.84,0.0355329949238579,NA,NA,NA,NA,NA,NA,NA,NA
"906","fxet3=1,mumigual=1,hiv3=0,comdiab=1  encerra2=0",18,1.24304744099089,0.818181818181818,0.0304568527918782,NA,NA,NA,NA,NA,NA,NA,NA
"907","fxet3=1,mumigual=1,comdiab=1,comdrogas=0  encerra2=0",20,1.16867708127348,0.769230769230769,0.0338409475465313,NA,NA,NA,NA,NA,NA,NA,NA
"908","sexo2=1,hiv3=0,alcool=0,comdiab=1  encerra2=0",25,1.22522597230284,0.806451612903226,0.0423011844331641,NA,NA,NA,NA,NA,NA,NA,NA
"909","sexo2=1,alcool=0,comdiab=1,comdrogas=0  encerra2=0",31,1.23941279935056,0.815789473684211,0.0524534686971235,NA,NA,NA,NA,NA,NA,NA,NA
"910","sexo2=1,comdiab=1,comtabagis=0,comdrogas=0  encerra2=0",29,1.12972117856437,0.743589743589744,0.0490693739424704,NA,NA,NA,NA,NA,NA,NA,NA
"911","sexo2=1,comdiab=1,comtabagis=0,pdres5=1  encerra2=0",29,1.10147814910026,0.725,0.0490693739424704,NA,NA,NA,NA,NA,NA,NA,NA
"912","sexo2=1,fxet3=1,comdiab=1,comdrogas=0  encerra2=0",25,1.11711779827612,0.735294117647059,0.0423011844331641,NA,NA,NA,NA,NA,NA,NA,NA
"913","sexo2=1,comdiab=1,comdrogas=0,pdres5=1  encerra2=0",32,1.10493105865857,0.727272727272727,0.0541455160744501,NA,NA,NA,NA,NA,NA,NA,NA
"914","hiv3=0,alcool=0,comdiab=1,comtabagis=0  encerra2=0",44,1.15255739739385,0.758620689655172,0.0744500846023689,NA,NA,NA,NA,NA,NA,NA,NA
"915","fxet3=1,alcool=0,comdiab=1,comtabagis=0  encerra2=0",41,1.13255433512503,0.745454545454545,0.0693739424703892,NA,NA,NA,NA,NA,NA,NA,NA
"916","alcool=0,comdiab=1,comtabagis=0,pdres5=1  encerra2=0",51,1.10690414983474,0.728571428571429,0.0862944162436548,NA,NA,NA,NA,NA,NA,NA,NA
"917","hiv3=0,alcool=0,comdiab=1,comdrogas=0  encerra2=0",48,1.15754682335659,0.761904761904762,0.0812182741116751,NA,NA,NA,NA,NA,NA,NA,NA
"918","fxet3=1,hiv3=0,alcool=0,comdiab=1  encerra2=0",39,1.18503856041131,0.78,0.065989847715736,NA,NA,NA,NA,NA,NA,NA,NA
"919","hiv3=0,alcool=0,comdiab=1,pdres5=1  encerra2=0",47,1.15171241396467,0.758064516129032,0.0795262267343486,NA,NA,NA,NA,NA,NA,NA,NA
"920","fxet3=1,alcool=0,comdiab=1,comdrogas=0  encerra2=0",45,1.13946015424165,0.75,0.0761421319796954,NA,NA,NA,NA,NA,NA,NA,NA
"921","alcool=0,comdiab=1,comdrogas=0,pdres5=1  encerra2=0",56,1.10493105865857,0.727272727272727,0.0947546531302876,NA,NA,NA,NA,NA,NA,NA,NA
"922","fxet3=1,alcool=0,comdiab=1,pdres5=1  encerra2=0",44,1.11413881748072,0.733333333333333,0.0744500846023689,NA,NA,NA,NA,NA,NA,NA,NA
"923","fxet3=1,hiv3=0,comdiab=1,comtabagis=0  encerra2=0",38,1.11024322720981,0.730769230769231,0.0642978003384095,NA,NA,NA,NA,NA,NA,NA,NA
"924","fxet3=1,comdiab=1,comtabagis=0,comdrogas=0  encerra2=0",43,1.10727201429132,0.728813559322034,0.0727580372250423,NA,NA,NA,NA,NA,NA,NA,NA
"925","fxet3=1,comdiab=1,comtabagis=0,pdres5=1  encerra2=0",42,1.10016842478504,0.724137931034483,0.0710659898477157,NA,NA,NA,NA,NA,NA,NA,NA
"926","fxet3=1,hiv3=0,comdiab=1,comdrogas=0  encerra2=0",42,1.13946015424165,0.75,0.0710659898477157,NA,NA,NA,NA,NA,NA,NA,NA
"927","hiv3=0,comdiab=1,comdrogas=0,pdres5=1  encerra2=0",50,1.10092768525763,0.72463768115942,0.0846023688663283,NA,NA,NA,NA,NA,NA,NA,NA
"928","fxet3=1,hiv3=0,comdiab=1,pdres5=1  encerra2=0",41,1.11233015056923,0.732142857142857,0.0693739424703892,NA,NA,NA,NA,NA,NA,NA,NA
"929","fxet3=1,comdiab=1,comdrogas=0,pdres5=1  encerra2=0",47,1.11572140102828,0.734375,0.0795262267343486,NA,NA,NA,NA,NA,NA,NA,NA
"930","sexo2=1,comdrogas=1,ppl=0,bilateral=1  encerra2=1",18,2.22366220735786,0.346153846153846,0.0304568527918782,NA,NA,NA,NA,NA,NA,NA,NA
"931","sexo2=1,comdrogas=1,pdres5=1,bilateral=1  encerra2=1",19,2.14130434782609,0.333333333333333,0.0321489001692047,NA,NA,NA,NA,NA,NA,NA,NA
"932","comdrogas=1,ppl=0,cavitacao=1,bilateral=1  encerra2=1",19,2.34719899665552,0.365384615384615,0.0321489001692047,NA,NA,NA,NA,NA,NA,NA,NA
"933","comdrogas=1,pdres5=1,cavitacao=1,bilateral=1  encerra2=1",20,2.29425465838509,0.357142857142857,0.0338409475465313,NA,NA,NA,NA,NA,NA,NA,NA
"934","comdrogas=1,ppl=0,pdres5=1,bilateral=1  encerra2=1",22,2.20822010869565,0.34375,0.0372250423011844,NA,NA,NA,NA,NA,NA,NA,NA
"935","sexo2=1,comtabagis=0,comdrogas=1,pdres5=1  encerra2=1",18,2.31260869565217,0.36,0.0304568527918782,NA,NA,NA,NA,NA,NA,NA,NA
"936","comtabagis=0,comdrogas=1,pdres5=1,tipores3=1  encerra2=1",18,2.35980479148181,0.36734693877551,0.0304568527918782,NA,NA,NA,NA,NA,NA,NA,NA
"937","comtabagis=0,comdrogas=1,pdres5=1,cavitacao=1  encerra2=1",18,2.46022201665125,0.382978723404255,0.0304568527918782,NA,NA,NA,NA,NA,NA,NA,NA
"938","fxet3=1,comdiab=0,comtabagis=1,bilateral=1  encerra2=1",18,1.41012725344645,0.219512195121951,0.0304568527918782,NA,NA,NA,NA,NA,NA,NA,NA
"939","comdiab=0,comtabagis=1,pdres5=1,bilateral=1  encerra2=1",18,1.34453993933266,0.209302325581395,0.0304568527918782,NA,NA,NA,NA,NA,NA,NA,NA
"940","fxet3=1,comtabagis=1,pdres5=1,bilateral=1  encerra2=1",19,1.40292353823088,0.218390804597701,0.0321489001692047,NA,NA,NA,NA,NA,NA,NA,NA
"941","sexo2=1,comdiab=0,comtabagis=1,pdres5=1  encerra2=1",19,1.2084588893672,0.188118811881188,0.0321489001692047,NA,NA,NA,NA,NA,NA,NA,NA
"942","sexo2=1,fxet3=1,comtabagis=1,pdres5=1  encerra2=1",19,1.27139945652174,0.197916666666667,0.0321489001692047,NA,NA,NA,NA,NA,NA,NA,NA
"943","fxet3=1,comtabagis=1,pdres5=1,cavitacao=1  encerra2=1",20,1.27206198880758,0.198019801980198,0.0338409475465313,NA,NA,NA,NA,NA,NA,NA,NA
"944","mumigual=0,alcool=1,ppl=0,bilateral=1  encerra2=1",18,2.10237154150198,0.327272727272727,0.0304568527918782,NA,NA,NA,NA,NA,NA,NA,NA
"945","mumigual=0,alcool=1,pdres5=1,bilateral=1  encerra2=1",18,2.10237154150198,0.327272727272727,0.0304568527918782,NA,NA,NA,NA,NA,NA,NA,NA
"946","sexo2=1,mumigual=0,hiv3=0,alcool=1  encerra2=1",19,2.10438530734633,0.327586206896552,0.0321489001692047,NA,NA,NA,NA,NA,NA,NA,NA
"947","sexo2=1,mumigual=0,alcool=1,cavitacao=1  encerra2=1",20,2.14130434782609,0.333333333333333,0.0338409475465313,NA,NA,NA,NA,NA,NA,NA,NA
"948","sexo2=1,fxet3=1,mumigual=0,alcool=1  encerra2=1",20,1.94664031620553,0.303030303030303,0.0338409475465313,NA,NA,NA,NA,NA,NA,NA,NA
"949","sexo2=1,mumigual=0,alcool=1,pdres5=1  encerra2=1",21,1.90003061849357,0.295774647887324,0.0355329949238579,NA,NA,NA,NA,NA,NA,NA,NA
"950","mumigual=0,alcool=1,cavitacao=1,tipores3=1  encerra2=1",18,2.14130434782609,0.333333333333333,0.0304568527918782,NA,NA,NA,NA,NA,NA,NA,NA
"951","mumigual=0,alcool=1,pdres5=1,tipores3=1  encerra2=1",18,1.77892976588629,0.276923076923077,0.0304568527918782,NA,NA,NA,NA,NA,NA,NA,NA
"952","mumigual=0,hiv3=0,alcool=1,cavitacao=1  encerra2=1",20,2.21514242878561,0.344827586206897,0.0338409475465313,NA,NA,NA,NA,NA,NA,NA,NA
"953","fxet3=1,mumigual=0,hiv3=0,alcool=1  encerra2=1",19,1.96861851332398,0.306451612903226,0.0321489001692047,NA,NA,NA,NA,NA,NA,NA,NA
"954","mumigual=0,hiv3=0,alcool=1,pdres5=1  encerra2=1",20,2.00747282608696,0.3125,0.0338409475465313,NA,NA,NA,NA,NA,NA,NA,NA
"955","fxet3=1,mumigual=0,alcool=1,cavitacao=1  encerra2=1",21,2.04397233201581,0.318181818181818,0.0355329949238579,NA,NA,NA,NA,NA,NA,NA,NA
"956","mumigual=0,alcool=1,pdres5=1,cavitacao=1  encerra2=1",22,2.01894409937888,0.314285714285714,0.0372250423011844,NA,NA,NA,NA,NA,NA,NA,NA
"957","fxet3=1,mumigual=0,alcool=1,pdres5=1  encerra2=1",22,1.85955377574371,0.289473684210526,0.0372250423011844,NA,NA,NA,NA,NA,NA,NA,NA
"958","raca3=1,fxet3=1,alcool=1,bilateral=1  encerra2=1",18,1.77892976588629,0.276923076923077,0.0304568527918782,NA,NA,NA,NA,NA,NA,NA,NA
"959","raca3=1,alcool=1,pdres5=1,bilateral=1  encerra2=1",18,1.72582738481506,0.26865671641791,0.0304568527918782,NA,NA,NA,NA,NA,NA,NA,NA
"960","sexo2=1,raca3=1,fxet3=1,alcool=1  encerra2=1",20,1.64715719063545,0.256410256410256,0.0338409475465313,NA,NA,NA,NA,NA,NA,NA,NA
"961","raca3=1,fxet3=1,alcool=1,tipores3=1  encerra2=1",20,1.69050343249428,0.263157894736842,0.0338409475465313,NA,NA,NA,NA,NA,NA,NA,NA
"962","raca3=1,hiv3=0,alcool=1,pdres5=1  encerra2=1",18,1.48244147157191,0.230769230769231,0.0304568527918782,NA,NA,NA,NA,NA,NA,NA,NA
"963","raca3=1,fxet3=1,alcool=1,pdres5=1  encerra2=1",23,1.60597826086957,0.25,0.038917089678511,NA,NA,NA,NA,NA,NA,NA,NA
"964","sexo2=1,alcool=1,bilateral=1,tipores3=1  encerra2=1",21,1.92717391304348,0.3,0.0355329949238579,NA,NA,NA,NA,NA,NA,NA,NA
"965","sexo2=1,alcool=1,cavitacao=1,bilateral=1  encerra2=1",21,1.82300235017626,0.283783783783784,0.0355329949238579,NA,NA,NA,NA,NA,NA,NA,NA
"966","sexo2=1,fxet3=1,alcool=1,bilateral=1  encerra2=1",23,1.846875,0.2875,0.038917089678511,NA,NA,NA,NA,NA,NA,NA,NA
"967","sexo2=1,alcool=1,ppl=0,bilateral=1  encerra2=1",24,1.83540372670807,0.285714285714286,0.0406091370558376,NA,NA,NA,NA,NA,NA,NA,NA
"968","sexo2=1,alcool=1,pdres5=1,bilateral=1  encerra2=1",24,1.81381074168798,0.282352941176471,0.0406091370558376,NA,NA,NA,NA,NA,NA,NA,NA
"969","alcool=1,cavitacao=1,bilateral=1,tipores3=1  encerra2=1",20,1.80955296999388,0.28169014084507,0.0338409475465313,NA,NA,NA,NA,NA,NA,NA,NA
"970","fxet3=1,alcool=1,bilateral=1,tipores3=1  encerra2=1",22,1.83540372670807,0.285714285714286,0.0372250423011844,NA,NA,NA,NA,NA,NA,NA,NA
"971","alcool=1,ppl=0,bilateral=1,tipores3=1  encerra2=1",23,1.80182926829268,0.280487804878049,0.038917089678511,NA,NA,NA,NA,NA,NA,NA,NA
"972","hiv3=0,alcool=1,cavitacao=1,bilateral=1  encerra2=1",19,1.74363354037267,0.271428571428571,0.0321489001692047,NA,NA,NA,NA,NA,NA,NA,NA
"973","fxet3=1,alcool=1,comdiab=0,bilateral=1  encerra2=1",25,1.78442028985507,0.277777777777778,0.0423011844331641,NA,NA,NA,NA,NA,NA,NA,NA
"974","alcool=1,comdiab=0,ppl=0,bilateral=1  encerra2=1",25,1.74562854442344,0.271739130434783,0.0423011844331641,NA,NA,NA,NA,NA,NA,NA,NA
"975","alcool=1,comdiab=0,pdres5=1,bilateral=1  encerra2=1",25,1.72685834502104,0.268817204301075,0.0423011844331641,NA,NA,NA,NA,NA,NA,NA,NA
"976","fxet3=1,alcool=1,ppl=0,bilateral=1  encerra2=1",26,1.7768270120259,0.276595744680851,0.0439932318104907,NA,NA,NA,NA,NA,NA,NA,NA
"977","fxet3=1,alcool=1,pdres5=1,bilateral=1  encerra2=1",26,1.75812356979405,0.273684210526316,0.0439932318104907,NA,NA,NA,NA,NA,NA,NA,NA
"978","alcool=1,ppl=0,pdres5=1,bilateral=1  encerra2=1",27,1.75197628458498,0.272727272727273,0.0456852791878173,NA,NA,NA,NA,NA,NA,NA,NA
"979","sexo2=1,hiv3=0,alcool=1,tipores3=1  encerra2=1",23,1.71802325581395,0.267441860465116,0.038917089678511,NA,NA,NA,NA,NA,NA,NA,NA
"980","sexo2=1,alcool=1,cavitacao=1,tipores3=1  encerra2=1",25,1.86741658240647,0.290697674418605,0.0423011844331641,NA,NA,NA,NA,NA,NA,NA,NA
"981","sexo2=1,fxet3=1,alcool=1,tipores3=1  encerra2=1",27,1.75197628458498,0.272727272727273,0.0456852791878173,NA,NA,NA,NA,NA,NA,NA,NA
"982","sexo2=1,alcool=1,ppl=0,tipores3=1  encerra2=1",28,1.66545893719807,0.259259259259259,0.0473773265651438,NA,NA,NA,NA,NA,NA,NA,NA
"983","sexo2=1,alcool=1,pdres5=1,tipores3=1  encerra2=1",28,1.66545893719807,0.259259259259259,0.0473773265651438,NA,NA,NA,NA,NA,NA,NA,NA
"984","sexo2=1,alcool=1,comtabagis=0,ppl=0  encerra2=1",18,1.92717391304348,0.3,0.0304568527918782,NA,NA,NA,NA,NA,NA,NA,NA
"985","sexo2=1,alcool=1,comtabagis=0,pdres5=1  encerra2=1",18,1.92717391304348,0.3,0.0304568527918782,NA,NA,NA,NA,NA,NA,NA,NA
"986","sexo2=1,hiv3=0,alcool=1,cavitacao=1  encerra2=1",25,1.76481127568084,0.274725274725275,0.0423011844331641,NA,NA,NA,NA,NA,NA,NA,NA
"987","sexo2=1,hiv3=0,alcool=1,pdres5=1  encerra2=1",26,1.59068322981366,0.247619047619048,0.0439932318104907,NA,NA,NA,NA,NA,NA,NA,NA
"988","sexo2=1,fxet3=1,alcool=1,cavitacao=1  encerra2=1",27,1.75197628458498,0.272727272727273,0.0456852791878173,NA,NA,NA,NA,NA,NA,NA,NA
"989","sexo2=1,alcool=1,pdres5=1,cavitacao=1  encerra2=1",28,1.69688269073011,0.264150943396226,0.0473773265651438,NA,NA,NA,NA,NA,NA,NA,NA
"990","sexo2=1,fxet3=1,alcool=1,pdres5=1  encerra2=1",31,1.67345633905736,0.260504201680672,0.0524534686971235,NA,NA,NA,NA,NA,NA,NA,NA
"991","hiv3=0,alcool=1,cavitacao=1,tipores3=1  encerra2=1",22,1.76657608695652,0.275,0.0372250423011844,NA,NA,NA,NA,NA,NA,NA,NA
"992","hiv3=0,alcool=1,pdres5=1,tipores3=1  encerra2=1",23,1.5718085106383,0.24468085106383,0.038917089678511,NA,NA,NA,NA,NA,NA,NA,NA
"993","fxet3=1,alcool=1,cavitacao=1,tipores3=1  encerra2=1",25,1.74562854442344,0.271739130434783,0.0423011844331641,NA,NA,NA,NA,NA,NA,NA,NA
"994","alcool=1,ppl=0,cavitacao=1,tipores3=1  encerra2=1",26,1.6870882740448,0.262626262626263,0.0439932318104907,NA,NA,NA,NA,NA,NA,NA,NA
"995","alcool=1,pdres5=1,cavitacao=1,tipores3=1  encerra2=1",26,1.6870882740448,0.262626262626263,0.0439932318104907,NA,NA,NA,NA,NA,NA,NA,NA
"996","fxet3=1,alcool=1,ppl=0,tipores3=1  encerra2=1",29,1.6486148518661,0.256637168141593,0.0490693739424704,NA,NA,NA,NA,NA,NA,NA,NA
"997","fxet3=1,alcool=1,pdres5=1,tipores3=1  encerra2=1",29,1.6486148518661,0.256637168141593,0.0490693739424704,NA,NA,NA,NA,NA,NA,NA,NA
"998","alcool=1,ppl=0,pdres5=1,tipores3=1  encerra2=1",30,1.56680805938494,0.24390243902439,0.050761421319797,NA,NA,NA,NA,NA,NA,NA,NA
"999","alcool=1,comtabagis=0,ppl=0,pdres5=1  encerra2=1",18,1.6758034026465,0.260869565217391,0.0304568527918782,NA,NA,NA,NA,NA,NA,NA,NA
"1000","fxet3=1,hiv3=0,alcool=1,cavitacao=1  encerra2=1",25,1.67289402173913,0.260416666666667,0.0423011844331641,NA,NA,NA,NA,NA,NA,NA,NA
"1001","hiv3=0,alcool=1,pdres5=1,cavitacao=1  encerra2=1",26,1.63746803069054,0.254901960784314,0.0439932318104907,NA,NA,NA,NA,NA,NA,NA,NA
"1002","fxet3=1,alcool=1,pdres5=1,cavitacao=1  encerra2=1",29,1.6341533180778,0.254385964912281,0.0490693739424704,NA,NA,NA,NA,NA,NA,NA,NA
"1003","escol4=1,mumigual=0,comdiab=0,bilateral=0  encerra2=1",18,1.54173913043478,0.24,0.0304568527918782,NA,NA,NA,NA,NA,NA,NA,NA
"1004","fxet3=1,escol4=1,mumigual=0,bilateral=0  encerra2=1",18,1.46367638965327,0.227848101265823,0.0304568527918782,NA,NA,NA,NA,NA,NA,NA,NA
"1005","escol4=1,mumigual=0,pdres5=1,bilateral=0  encerra2=1",19,1.40292353823088,0.218390804597701,0.0321489001692047,NA,NA,NA,NA,NA,NA,NA,NA
"1006","sexo2=1,mumigual=0,pdres5=1,bilateral=0  encerra2=1",18,1.46367638965327,0.227848101265823,0.0304568527918782,NA,NA,NA,NA,NA,NA,NA,NA
"1007","mumigual=0,hiv3=0,comdiab=0,bilateral=0  encerra2=1",18,1.16798418972332,0.181818181818182,0.0304568527918782,NA,NA,NA,NA,NA,NA,NA,NA
"1008","fxet3=1,mumigual=0,hiv3=0,bilateral=0  encerra2=1",19,1.15145611156686,0.179245283018868,0.0321489001692047,NA,NA,NA,NA,NA,NA,NA,NA
"1009","mumigual=0,hiv3=0,pdres5=1,bilateral=0  encerra2=1",20,1.13697575990766,0.176991150442478,0.0338409475465313,NA,NA,NA,NA,NA,NA,NA,NA
"1010","mumigual=0,comdiab=0,cavitacao=1,bilateral=0  encerra2=1",18,1.28478260869565,0.2,0.0304568527918782,NA,NA,NA,NA,NA,NA,NA,NA
"1011","raca3=1,comdiab=0,comtabagis=0,bilateral=0  encerra2=1",19,1.28478260869565,0.2,0.0321489001692047,NA,NA,NA,NA,NA,NA,NA,NA
"1012","raca3=1,fxet3=1,comdiab=0,bilateral=0  encerra2=1",20,1.22360248447205,0.19047619047619,0.0338409475465313,NA,NA,NA,NA,NA,NA,NA,NA
"1013","sexo2=1,fxet3=1,escol4=1,bilateral=0  encerra2=1",21,1.48244147157191,0.230769230769231,0.0355329949238579,NA,NA,NA,NA,NA,NA,NA,NA
"1014","sexo2=1,escol4=1,pdres5=1,bilateral=0  encerra2=1",22,1.39926818768833,0.217821782178218,0.0372250423011844,NA,NA,NA,NA,NA,NA,NA,NA
"1015","escol4=1,alcool=0,comtabagis=0,bilateral=0  encerra2=1",23,1.62362637362637,0.252747252747253,0.038917089678511,NA,NA,NA,NA,NA,NA,NA,NA
"1016","escol4=1,alcool=0,cavitacao=1,bilateral=0  encerra2=1",19,1.58512140033879,0.246753246753247,0.0321489001692047,NA,NA,NA,NA,NA,NA,NA,NA
"1017","fxet3=1,escol4=1,alcool=0,bilateral=0  encerra2=1",24,1.60597826086957,0.25,0.0406091370558376,NA,NA,NA,NA,NA,NA,NA,NA
"1018","escol4=1,comtabagis=0,bilateral=0,tipores3=1  encerra2=1",19,1.43593350383632,0.223529411764706,0.0321489001692047,NA,NA,NA,NA,NA,NA,NA,NA
"1019","escol4=1,comdiab=0,comtabagis=0,bilateral=0  encerra2=1",24,1.69421882465361,0.263736263736264,0.0406091370558376,NA,NA,NA,NA,NA,NA,NA,NA
"1020","fxet3=1,escol4=1,comtabagis=0,bilateral=0  encerra2=1",24,1.55731225296443,0.242424242424242,0.0406091370558376,NA,NA,NA,NA,NA,NA,NA,NA
"1021","escol4=1,comtabagis=0,pdres5=1,bilateral=0  encerra2=1",25,1.47337455125648,0.229357798165138,0.0423011844331641,NA,NA,NA,NA,NA,NA,NA,NA
"1022","escol4=1,hiv3=0,cavitacao=1,bilateral=0  encerra2=1",18,1.37655279503106,0.214285714285714,0.0304568527918782,NA,NA,NA,NA,NA,NA,NA,NA
"1023","escol4=1,hiv3=0,comdiab=0,bilateral=0  encerra2=1",21,1.49891304347826,0.233333333333333,0.0355329949238579,NA,NA,NA,NA,NA,NA,NA,NA
"1024","escol4=1,hiv3=0,pdres5=1,bilateral=0  encerra2=1",23,1.36805555555556,0.212962962962963,0.038917089678511,NA,NA,NA,NA,NA,NA,NA,NA
"1025","escol4=1,comdiab=0,cavitacao=1,bilateral=0  encerra2=1",21,1.5157547630679,0.235955056179775,0.0355329949238579,NA,NA,NA,NA,NA,NA,NA,NA
"1026","escol4=1,pdres5=1,cavitacao=1,bilateral=0  encerra2=1",23,1.3938679245283,0.216981132075472,0.038917089678511,NA,NA,NA,NA,NA,NA,NA,NA
"1027","fxet3=1,escol4=1,comdiab=0,bilateral=0  encerra2=1",28,1.57780320366133,0.245614035087719,0.0473773265651438,NA,NA,NA,NA,NA,NA,NA,NA
"1028","escol4=1,comdiab=0,pdres5=1,bilateral=0  encerra2=1",29,1.51458112407211,0.235772357723577,0.0490693739424704,NA,NA,NA,NA,NA,NA,NA,NA
"1029","fxet3=1,escol4=1,pdres5=1,bilateral=0  encerra2=1",29,1.43302675585284,0.223076923076923,0.0490693739424704,NA,NA,NA,NA,NA,NA,NA,NA
"1030","sexo2=1,alcool=0,comdiab=0,bilateral=0  encerra2=1",19,1.60597826086957,0.25,0.0321489001692047,NA,NA,NA,NA,NA,NA,NA,NA
"1031","sexo2=1,fxet3=1,alcool=0,bilateral=0  encerra2=1",19,1.52567934782609,0.2375,0.0321489001692047,NA,NA,NA,NA,NA,NA,NA,NA
"1032","sexo2=1,alcool=0,pdres5=1,bilateral=0  encerra2=1",20,1.44357596482658,0.224719101123595,0.0338409475465313,NA,NA,NA,NA,NA,NA,NA,NA
"1033","sexo2=1,comtabagis=0,bilateral=0,tipores3=1  encerra2=1",19,1.67197736748064,0.26027397260274,0.0321489001692047,NA,NA,NA,NA,NA,NA,NA,NA
"1034","sexo2=1,comdrogas=0,bilateral=0,tipores3=1  encerra2=1",18,1.52145308924485,0.236842105263158,0.0304568527918782,NA,NA,NA,NA,NA,NA,NA,NA
"1035","sexo2=1,pdres5=1,bilateral=0,tipores3=1  encerra2=1",21,1.43512950971323,0.223404255319149,0.0355329949238579,NA,NA,NA,NA,NA,NA,NA,NA
"1036","sexo2=1,comdiab=0,comtabagis=0,bilateral=0  encerra2=1",20,1.4767616191904,0.229885057471264,0.0338409475465313,NA,NA,NA,NA,NA,NA,NA,NA
"1037","sexo2=1,fxet3=1,comtabagis=0,bilateral=0  encerra2=1",22,1.55303392259914,0.241758241758242,0.0372250423011844,NA,NA,NA,NA,NA,NA,NA,NA
"1038","sexo2=1,comtabagis=0,pdres5=1,bilateral=0  encerra2=1",22,1.42753623188406,0.222222222222222,0.0372250423011844,NA,NA,NA,NA,NA,NA,NA,NA
"1039","sexo2=1,comdiab=0,cavitacao=1,bilateral=0  encerra2=1",18,1.34453993933266,0.209302325581395,0.0304568527918782,NA,NA,NA,NA,NA,NA,NA,NA
"1040","sexo2=1,fxet3=1,comdiab=0,bilateral=0  encerra2=1",24,1.45447087776866,0.226415094339623,0.0406091370558376,NA,NA,NA,NA,NA,NA,NA,NA
"1041","sexo2=1,comdiab=0,pdres5=1,bilateral=0  encerra2=1",25,1.34956156375594,0.210084033613445,0.0423011844331641,NA,NA,NA,NA,NA,NA,NA,NA
"1042","sexo2=1,fxet3=1,pdres5=1,bilateral=0  encerra2=1",27,1.45752648885641,0.226890756302521,0.0456852791878173,NA,NA,NA,NA,NA,NA,NA,NA
"1043","fxet3=1,alcool=0,bilateral=0,tipores3=1  encerra2=1",19,1.24545252883762,0.193877551020408,0.0321489001692047,NA,NA,NA,NA,NA,NA,NA,NA
"1044","alcool=0,pdres5=1,bilateral=0,tipores3=1  encerra2=1",20,1.18961352657005,0.185185185185185,0.0338409475465313,NA,NA,NA,NA,NA,NA,NA,NA
"1045","alcool=0,comdiab=0,comtabagis=0,bilateral=0  encerra2=1",25,1.30567338282078,0.203252032520325,0.0423011844331641,NA,NA,NA,NA,NA,NA,NA,NA
"1046","fxet3=1,alcool=0,comdiab=0,bilateral=0  encerra2=1",27,1.30410264792416,0.203007518796992,0.0456852791878173,NA,NA,NA,NA,NA,NA,NA,NA
"1047","alcool=0,comdiab=0,pdres5=1,bilateral=0  encerra2=1",28,1.29402564904598,0.201438848920863,0.0473773265651438,NA,NA,NA,NA,NA,NA,NA,NA
"1048","comdiab=0,comtabagis=0,bilateral=0,tipores3=1  encerra2=1",22,1.33326497128794,0.207547169811321,0.0372250423011844,NA,NA,NA,NA,NA,NA,NA,NA
"1049","fxet3=1,comtabagis=0,bilateral=0,tipores3=1  encerra2=1",24,1.41443956920622,0.220183486238532,0.0406091370558376,NA,NA,NA,NA,NA,NA,NA,NA
"1050","comtabagis=0,pdres5=1,bilateral=0,tipores3=1  encerra2=1",25,1.32725476104923,0.206611570247934,0.0423011844331641,NA,NA,NA,NA,NA,NA,NA,NA
"1051","pdres5=1,cavitacao=1,bilateral=0,tipores3=1  encerra2=1",19,1.18499366821444,0.184466019417476,0.0321489001692047,NA,NA,NA,NA,NA,NA,NA,NA
"1052","fxet3=1,pdres5=1,bilateral=0,tipores3=1  encerra2=1",26,1.25580254985289,0.195488721804511,0.0439932318104907,NA,NA,NA,NA,NA,NA,NA,NA
"1053","comdiab=0,comtabagis=0,cavitacao=1,bilateral=0  encerra2=1",21,1.28478260869565,0.2,0.0355329949238579,NA,NA,NA,NA,NA,NA,NA,NA
"1054","comtabagis=0,pdres5=1,cavitacao=1,bilateral=0  encerra2=1",23,1.20121951219512,0.186991869918699,0.038917089678511,NA,NA,NA,NA,NA,NA,NA,NA
"1055","fxet3=1,comdiab=0,comtabagis=0,bilateral=0  encerra2=1",29,1.34024085079762,0.20863309352518,0.0490693739424704,NA,NA,NA,NA,NA,NA,NA,NA
"1056","comdiab=0,comtabagis=0,pdres5=1,bilateral=0  encerra2=1",29,1.27598272781417,0.198630136986301,0.0490693739424704,NA,NA,NA,NA,NA,NA,NA,NA
"1057","fxet3=1,comtabagis=0,pdres5=1,bilateral=0  encerra2=1",31,1.26038800220143,0.19620253164557,0.0524534686971235,NA,NA,NA,NA,NA,NA,NA,NA
"1058","comdiab=0,pdres5=1,cavitacao=1,bilateral=0  encerra2=1",25,1.18961352657005,0.185185185185185,0.0423011844331641,NA,NA,NA,NA,NA,NA,NA,NA
"1059","fxet3=1,comdiab=0,pdres5=1,bilateral=0  encerra2=1",33,1.22537069615481,0.190751445086705,0.0558375634517767,NA,NA,NA,NA,NA,NA,NA,NA
"1060","sexo2=1,raca3=0,escol4=1,comdiab=0  encerra2=1",20,1.54793085385018,0.240963855421687,0.0338409475465313,NA,NA,NA,NA,NA,NA,NA,NA
"1061","sexo2=1,raca3=0,fxet3=1,escol4=1  encerra2=1",20,1.52950310559006,0.238095238095238,0.0338409475465313,NA,NA,NA,NA,NA,NA,NA,NA
"1062","sexo2=1,raca3=0,escol4=1,pdres5=1  encerra2=1",22,1.50346901017576,0.234042553191489,0.0372250423011844,NA,NA,NA,NA,NA,NA,NA,NA
"1063","raca3=0,escol4=1,alcool=0,comdiab=0  encerra2=1",18,1.62859767299449,0.253521126760563,0.0304568527918782,NA,NA,NA,NA,NA,NA,NA,NA
"1064","raca3=0,fxet3=1,escol4=1,alcool=0  encerra2=1",18,1.46367638965327,0.227848101265823,0.0304568527918782,NA,NA,NA,NA,NA,NA,NA,NA
"1065","raca3=0,escol4=1,alcool=0,pdres5=1  encerra2=1",19,1.40292353823088,0.218390804597701,0.0321489001692047,NA,NA,NA,NA,NA,NA,NA,NA
"1066","raca3=0,fxet3=1,escol4=1,comdiab=0  encerra2=1",24,1.54173913043478,0.24,0.0406091370558376,NA,NA,NA,NA,NA,NA,NA,NA
"1067","raca3=0,escol4=1,comdiab=0,pdres5=1  encerra2=1",25,1.54420986622074,0.240384615384615,0.0423011844331641,NA,NA,NA,NA,NA,NA,NA,NA
"1068","raca3=0,fxet3=1,escol4=1,pdres5=1  encerra2=1",25,1.43390916149068,0.223214285714286,0.0423011844331641,NA,NA,NA,NA,NA,NA,NA,NA
"1069","sexo2=1,raca3=0,fxet3=1,tipores3=1  encerra2=1",20,1.32451815329449,0.206185567010309,0.0338409475465313,NA,NA,NA,NA,NA,NA,NA,NA
"1070","sexo2=1,raca3=0,pdres5=1,tipores3=1  encerra2=1",21,1.26076798049573,0.196261682242991,0.0355329949238579,NA,NA,NA,NA,NA,NA,NA,NA
"1071","sexo2=1,raca3=0,hiv3=0,cavitacao=1  encerra2=1",19,1.31241234221599,0.204301075268817,0.0321489001692047,NA,NA,NA,NA,NA,NA,NA,NA
"1072","sexo2=1,raca3=0,fxet3=1,comdiab=0  encerra2=1",24,1.28478260869565,0.2,0.0406091370558376,NA,NA,NA,NA,NA,NA,NA,NA
"1073","sexo2=1,raca3=0,comdiab=0,pdres5=1  encerra2=1",25,1.23536789297659,0.192307692307692,0.0423011844331641,NA,NA,NA,NA,NA,NA,NA,NA
"1074","sexo2=1,raca3=0,fxet3=1,pdres5=1  encerra2=1",27,1.25685255198488,0.195652173913043,0.0456852791878173,NA,NA,NA,NA,NA,NA,NA,NA
"1075","escol4=1,mumigual=1,comtabagis=0,tipores3=1  encerra2=1",20,1.18961352657005,0.185185185185185,0.0338409475465313,NA,NA,NA,NA,NA,NA,NA,NA
"1076","fxet3=1,escol4=1,mumigual=1,tipores3=1  encerra2=1",26,1.27497510786591,0.198473282442748,0.0439932318104907,NA,NA,NA,NA,NA,NA,NA,NA
"1077","fxet3=1,escol4=1,mumigual=1,comdiab=0  encerra2=1",29,1.34024085079762,0.20863309352518,0.0490693739424704,NA,NA,NA,NA,NA,NA,NA,NA
"1078","raca3=1,escol4=1,mumigual=0,cavitacao=1  encerra2=1",27,1.43343514193317,0.223140495867769,0.0456852791878173,NA,NA,NA,NA,NA,NA,NA,NA
"1079","raca3=1,fxet3=1,escol4=1,mumigual=0  encerra2=1",28,1.34231018818949,0.208955223880597,0.0473773265651438,NA,NA,NA,NA,NA,NA,NA,NA
"1080","sexo2=1,raca3=1,mumigual=0,cavitacao=1  encerra2=1",25,1.43390916149068,0.223214285714286,0.0423011844331641,NA,NA,NA,NA,NA,NA,NA,NA
"1081","sexo2=1,raca3=1,fxet3=1,mumigual=0  encerra2=1",26,1.34694950911641,0.209677419354839,0.0439932318104907,NA,NA,NA,NA,NA,NA,NA,NA
"1082","raca3=1,mumigual=0,cavitacao=1,tipores3=1  encerra2=1",27,1.3875652173913,0.216,0.0456852791878173,NA,NA,NA,NA,NA,NA,NA,NA
"1083","raca3=1,mumigual=0,comdiab=0,tipores3=1  encerra2=1",25,1.20750245178163,0.18796992481203,0.0423011844331641,NA,NA,NA,NA,NA,NA,NA,NA
"1084","raca3=1,fxet3=1,mumigual=0,tipores3=1  encerra2=1",28,1.32257033248082,0.205882352941176,0.0473773265651438,NA,NA,NA,NA,NA,NA,NA,NA
"1085","raca3=1,mumigual=0,pdres5=1,tipores3=1  encerra2=1",28,1.19913043478261,0.186666666666667,0.0473773265651438,NA,NA,NA,NA,NA,NA,NA,NA
"1086","raca3=1,mumigual=0,hiv3=0,pdres5=1  encerra2=1",28,1.1312551271534,0.176100628930818,0.0473773265651438,NA,NA,NA,NA,NA,NA,NA,NA
"1087","raca3=1,fxet3=1,mumigual=0,comdiab=0  encerra2=1",33,1.2618400621118,0.196428571428571,0.0558375634517767,NA,NA,NA,NA,NA,NA,NA,NA
"1088","fxet3=1,mumigual=0,cavitacao=1,bilateral=1  encerra2=1",30,1.23536789297659,0.192307692307692,0.050761421319797,NA,NA,NA,NA,NA,NA,NA,NA
"1089","sexo2=1,escol4=1,mumigual=0,comtabagis=0  encerra2=1",20,1.39650283553875,0.217391304347826,0.0338409475465313,NA,NA,NA,NA,NA,NA,NA,NA
"1090","sexo2=1,escol4=1,mumigual=0,hiv3=0  encerra2=1",21,1.33566508824796,0.207920792079208,0.0355329949238579,NA,NA,NA,NA,NA,NA,NA,NA
"1091","sexo2=1,escol4=1,mumigual=0,cavitacao=1  encerra2=1",25,1.39650283553875,0.217391304347826,0.0423011844331641,NA,NA,NA,NA,NA,NA,NA,NA
"1092","sexo2=1,fxet3=1,escol4=1,mumigual=0  encerra2=1",27,1.36571379664498,0.21259842519685,0.0456852791878173,NA,NA,NA,NA,NA,NA,NA,NA
"1093","sexo2=1,escol4=1,mumigual=0,pdres5=1  encerra2=1",28,1.32257033248082,0.205882352941176,0.0473773265651438,NA,NA,NA,NA,NA,NA,NA,NA
"1094","escol4=1,mumigual=0,alcool=0,comdiab=0  encerra2=1",23,1.33108108108108,0.207207207207207,0.038917089678511,NA,NA,NA,NA,NA,NA,NA,NA
"1095","escol4=1,mumigual=0,comdiab=0,comtabagis=0  encerra2=1",25,1.34956156375594,0.210084033613445,0.0423011844331641,NA,NA,NA,NA,NA,NA,NA,NA
"1096","fxet3=1,escol4=1,mumigual=0,comtabagis=0  encerra2=1",28,1.38361204013378,0.215384615384615,0.0473773265651438,NA,NA,NA,NA,NA,NA,NA,NA
"1097","escol4=1,mumigual=0,comtabagis=0,pdres5=1  encerra2=1",28,1.24909420289855,0.194444444444444,0.0473773265651438,NA,NA,NA,NA,NA,NA,NA,NA
"1098","escol4=1,mumigual=0,comdiab=0,cavitacao=1  encerra2=1",30,1.37655279503106,0.214285714285714,0.050761421319797,NA,NA,NA,NA,NA,NA,NA,NA
"1099","fxet3=1,escol4=1,mumigual=0,cavitacao=1  encerra2=1",34,1.37366694011485,0.213836477987421,0.0575296108291032,NA,NA,NA,NA,NA,NA,NA,NA
"1100","escol4=1,mumigual=0,pdres5=1,cavitacao=1  encerra2=1",35,1.3463290809685,0.209580838323353,0.0592216582064298,NA,NA,NA,NA,NA,NA,NA,NA
"1101","fxet3=1,escol4=1,mumigual=0,pdres5=1  encerra2=1",38,1.33392729864576,0.207650273224044,0.0642978003384095,NA,NA,NA,NA,NA,NA,NA,NA
"1102","sexo2=1,mumigual=0,comtabagis=0,tipores3=1  encerra2=1",25,1.44682726204465,0.225225225225225,0.0423011844331641,NA,NA,NA,NA,NA,NA,NA,NA
"1103","sexo2=1,mumigual=0,hiv3=0,tipores3=1  encerra2=1",27,1.49522113943028,0.232758620689655,0.0456852791878173,NA,NA,NA,NA,NA,NA,NA,NA
"1104","sexo2=1,mumigual=0,cavitacao=1,tipores3=1  encerra2=1",29,1.46687778158165,0.228346456692913,0.0490693739424704,NA,NA,NA,NA,NA,NA,NA,NA
"1105","sexo2=1,fxet3=1,mumigual=0,tipores3=1  encerra2=1",32,1.45790934320074,0.226950354609929,0.0541455160744501,NA,NA,NA,NA,NA,NA,NA,NA
"1106","sexo2=1,mumigual=0,pdres5=1,tipores3=1  encerra2=1",33,1.40390152605816,0.218543046357616,0.0558375634517767,NA,NA,NA,NA,NA,NA,NA,NA
"1107","sexo2=1,mumigual=0,hiv3=0,cavitacao=1  encerra2=1",31,1.46427429667519,0.227941176470588,0.0524534686971235,NA,NA,NA,NA,NA,NA,NA,NA
"1108","sexo2=1,mumigual=0,hiv3=0,comdiab=0  encerra2=1",29,1.30275159622986,0.202797202797203,0.0490693739424704,NA,NA,NA,NA,NA,NA,NA,NA
"1109","sexo2=1,mumigual=0,hiv3=0,pdres5=1  encerra2=1",34,1.32371541501976,0.206060606060606,0.0575296108291032,NA,NA,NA,NA,NA,NA,NA,NA
"1110","sexo2=1,mumigual=0,comdiab=0,cavitacao=1  encerra2=1",33,1.42274584184418,0.221476510067114,0.0558375634517767,NA,NA,NA,NA,NA,NA,NA,NA
"1111","sexo2=1,mumigual=0,pdres5=1,cavitacao=1  encerra2=1",36,1.39313776846516,0.216867469879518,0.0609137055837563,NA,NA,NA,NA,NA,NA,NA,NA
"1112","sexo2=1,fxet3=1,mumigual=0,comdiab=0  encerra2=1",37,1.35819875776398,0.211428571428571,0.0626057529610829,NA,NA,NA,NA,NA,NA,NA,NA
"1113","sexo2=1,mumigual=0,comdiab=0,pdres5=1  encerra2=1",37,1.2988239486814,0.202185792349727,0.0626057529610829,NA,NA,NA,NA,NA,NA,NA,NA
"1114","sexo2=1,fxet3=1,mumigual=0,pdres5=1  encerra2=1",40,1.3383152173913,0.208333333333333,0.0676818950930626,NA,NA,NA,NA,NA,NA,NA,NA
"1115","mumigual=0,comdiab=0,comtabagis=0,tipores3=1  encerra2=1",27,1.16406477969069,0.181208053691275,0.0456852791878173,NA,NA,NA,NA,NA,NA,NA,NA
"1116","fxet3=1,mumigual=0,comtabagis=0,tipores3=1  encerra2=1",30,1.20448369565217,0.1875,0.050761421319797,NA,NA,NA,NA,NA,NA,NA,NA
"1117","mumigual=0,hiv3=0,cavitacao=1,tipores3=1  encerra2=1",29,1.25029180040852,0.194630872483221,0.0490693739424704,NA,NA,NA,NA,NA,NA,NA,NA
"1118","mumigual=0,hiv3=0,comdiab=0,tipores3=1  encerra2=1",27,1.16406477969069,0.181208053691275,0.0456852791878173,NA,NA,NA,NA,NA,NA,NA,NA
"1119","fxet3=1,mumigual=0,hiv3=0,tipores3=1  encerra2=1",31,1.21427624602333,0.189024390243902,0.0524534686971235,NA,NA,NA,NA,NA,NA,NA,NA
"1120","mumigual=0,hiv3=0,pdres5=1,tipores3=1  encerra2=1",32,1.16798418972332,0.181818181818182,0.0541455160744501,NA,NA,NA,NA,NA,NA,NA,NA
"1121","mumigual=0,comdiab=0,cavitacao=1,tipores3=1  encerra2=1",32,1.26113630301414,0.196319018404908,0.0541455160744501,NA,NA,NA,NA,NA,NA,NA,NA
"1122","fxet3=1,mumigual=0,cavitacao=1,tipores3=1  encerra2=1",36,1.28478260869565,0.2,0.0609137055837563,NA,NA,NA,NA,NA,NA,NA,NA
"1123","mumigual=0,pdres5=1,cavitacao=1,tipores3=1  encerra2=1",37,1.27104161822832,0.197860962566845,0.0626057529610829,NA,NA,NA,NA,NA,NA,NA,NA
"1124","mumigual=0,comdiab=0,pdres5=1,tipores3=1  encerra2=1",35,1.13554018445323,0.176767676767677,0.0592216582064298,NA,NA,NA,NA,NA,NA,NA,NA
"1125","fxet3=1,mumigual=0,pdres5=1,tipores3=1  encerra2=1",40,1.2178034205646,0.18957345971564,0.0676818950930626,NA,NA,NA,NA,NA,NA,NA,NA
"1126","fxet3=1,mumigual=0,pdres5=1,cavitacao=1  encerra2=1",47,1.22236402041894,0.190283400809717,0.0795262267343486,NA,NA,NA,NA,NA,NA,NA,NA
"1127","sexo2=1,raca3=1,bilateral=1,tipores3=1  encerra2=1",23,1.22107438016529,0.190082644628099,0.038917089678511,NA,NA,NA,NA,NA,NA,NA,NA
"1128","sexo2=1,raca3=1,cavitacao=1,bilateral=1  encerra2=1",22,1.17771739130435,0.183333333333333,0.0372250423011844,NA,NA,NA,NA,NA,NA,NA,NA
"1129","sexo2=1,raca3=1,ppl=0,bilateral=1  encerra2=1",25,1.15538004379105,0.179856115107914,0.0423011844331641,NA,NA,NA,NA,NA,NA,NA,NA
"1130","raca3=1,comdiab=0,bilateral=1,tipores3=1  encerra2=1",28,1.117202268431,0.173913043478261,0.0473773265651438,NA,NA,NA,NA,NA,NA,NA,NA
"1131","raca3=1,ppl=0,bilateral=1,tipores3=1  encerra2=1",31,1.10634057971014,0.172222222222222,0.0524534686971235,NA,NA,NA,NA,NA,NA,NA,NA
"1132","raca3=1,fxet3=1,cavitacao=1,bilateral=1  encerra2=1",31,1.1853649068323,0.18452380952381,0.0524534686971235,NA,NA,NA,NA,NA,NA,NA,NA
"1133","raca3=1,ppl=0,cavitacao=1,bilateral=1  encerra2=1",31,1.1187713727406,0.174157303370787,0.0524534686971235,NA,NA,NA,NA,NA,NA,NA,NA
"1134","raca3=1,fxet3=1,ppl=0,bilateral=1  encerra2=1",35,1.15301003344482,0.179487179487179,0.0592216582064298,NA,NA,NA,NA,NA,NA,NA,NA
"1135","raca3=1,escol4=1,comtabagis=0,cavitacao=1  encerra2=1",28,1.20717829004961,0.187919463087248,0.0473773265651438,NA,NA,NA,NA,NA,NA,NA,NA
"1136","sexo2=1,raca3=1,comdiab=0,tipores3=1  encerra2=1",33,1.22537069615481,0.190751445086705,0.0558375634517767,NA,NA,NA,NA,NA,NA,NA,NA
"1137","sexo2=1,raca3=1,comdiab=0,comtabagis=0  encerra2=1",30,1.27627411459833,0.198675496688742,0.050761421319797,NA,NA,NA,NA,NA,NA,NA,NA
"1138","sexo2=1,raca3=1,fxet3=1,comtabagis=0  encerra2=1",31,1.29312535290796,0.201298701298701,0.0524534686971235,NA,NA,NA,NA,NA,NA,NA,NA
"1139","sexo2=1,raca3=1,comdiab=0,cavitacao=1  encerra2=1",31,1.19246290028638,0.18562874251497,0.0524534686971235,NA,NA,NA,NA,NA,NA,NA,NA
"1140","raca3=1,comtabagis=0,cavitacao=1,tipores3=1  encerra2=1",29,1.13593584305408,0.176829268292683,0.0490693739424704,NA,NA,NA,NA,NA,NA,NA,NA
"1141","raca3=1,comdiab=0,comtabagis=0,tipores3=1  encerra2=1",33,1.15841054882395,0.180327868852459,0.0558375634517767,NA,NA,NA,NA,NA,NA,NA,NA
"1142","raca3=1,fxet3=1,comtabagis=0,tipores3=1  encerra2=1",35,1.21533490011751,0.189189189189189,0.0592216582064298,NA,NA,NA,NA,NA,NA,NA,NA
"1143","raca3=1,comtabagis=0,pdres5=1,tipores3=1  encerra2=1",36,1.12262558041368,0.174757281553398,0.0609137055837563,NA,NA,NA,NA,NA,NA,NA,NA
"1144","raca3=1,fxet3=1,cavitacao=1,tipores3=1  encerra2=1",38,1.20250588991219,0.187192118226601,0.0642978003384095,NA,NA,NA,NA,NA,NA,NA,NA
"1145","raca3=1,pdres5=1,cavitacao=1,tipores3=1  encerra2=1",39,1.14923214998006,0.178899082568807,0.065989847715736,NA,NA,NA,NA,NA,NA,NA,NA
"1146","raca3=1,comdiab=0,pdres5=1,tipores3=1  encerra2=1",42,1.11030595813204,0.172839506172839,0.0710659898477157,NA,NA,NA,NA,NA,NA,NA,NA
"1147","raca3=1,fxet3=1,pdres5=1,tipores3=1  encerra2=1",46,1.21106557377049,0.188524590163934,0.077834179357022,NA,NA,NA,NA,NA,NA,NA,NA
"1148","raca3=1,comdiab=0,comtabagis=0,cavitacao=1  encerra2=1",32,1.14840903570561,0.17877094972067,0.0541455160744501,NA,NA,NA,NA,NA,NA,NA,NA
"1149","raca3=1,fxet3=1,comdiab=0,comtabagis=0  encerra2=1",40,1.20073140999594,0.186915887850467,0.0676818950930626,NA,NA,NA,NA,NA,NA,NA,NA
"1150","raca3=1,fxet3=1,comdiab=0,cavitacao=1  encerra2=1",42,1.183352402746,0.184210526315789,0.0710659898477157,NA,NA,NA,NA,NA,NA,NA,NA
"1151","sexo2=1,escol4=1,comtabagis=0,tipores3=1  encerra2=1",31,1.35470275066548,0.210884353741497,0.0524534686971235,NA,NA,NA,NA,NA,NA,NA,NA
"1152","sexo2=1,fxet3=1,escol4=1,tipores3=1  encerra2=1",40,1.33138094165353,0.207253886010363,0.0676818950930626,NA,NA,NA,NA,NA,NA,NA,NA
"1153","sexo2=1,escol4=1,pdres5=1,tipores3=1  encerra2=1",41,1.2423605414274,0.193396226415094,0.0693739424703892,NA,NA,NA,NA,NA,NA,NA,NA
"1154","sexo2=1,escol4=1,comdiab=0,comtabagis=0  encerra2=1",33,1.34170335718217,0.208860759493671,0.0558375634517767,NA,NA,NA,NA,NA,NA,NA,NA
"1155","sexo2=1,escol4=1,comtabagis=0,pdres5=1  encerra2=1",35,1.27026529108327,0.19774011299435,0.0592216582064298,NA,NA,NA,NA,NA,NA,NA,NA
"1156","sexo2=1,fxet3=1,escol4=1,comdiab=0  encerra2=1",46,1.34931506849315,0.210045662100457,0.077834179357022,NA,NA,NA,NA,NA,NA,NA,NA
"1157","sexo2=1,fxet3=1,escol4=1,pdres5=1  encerra2=1",48,1.30655858511422,0.203389830508475,0.0812182741116751,NA,NA,NA,NA,NA,NA,NA,NA
"1158","escol4=1,alcool=0,comdiab=0,comtabagis=0  encerra2=1",36,1.32908545727136,0.206896551724138,0.0609137055837563,NA,NA,NA,NA,NA,NA,NA,NA
"1159","escol4=1,alcool=0,comdiab=0,pdres5=1  encerra2=1",40,1.27206198880758,0.198019801980198,0.0676818950930626,NA,NA,NA,NA,NA,NA,NA,NA
"1160","escol4=1,comtabagis=0,pdres5=1,tipores3=1  encerra2=1",40,1.20636864666258,0.187793427230047,0.0676818950930626,NA,NA,NA,NA,NA,NA,NA,NA
"1161","escol4=1,comdiab=0,comtabagis=0,cavitacao=1  encerra2=1",35,1.31483600305111,0.204678362573099,0.0592216582064298,NA,NA,NA,NA,NA,NA,NA,NA
"1162","escol4=1,comtabagis=0,pdres5=1,cavitacao=1  encerra2=1",39,1.21617771211482,0.189320388349515,0.065989847715736,NA,NA,NA,NA,NA,NA,NA,NA
"1163","fxet3=1,escol4=1,comdiab=0,comtabagis=0  encerra2=1",46,1.43446601941748,0.223300970873786,0.077834179357022,NA,NA,NA,NA,NA,NA,NA,NA
"1164","escol4=1,comdiab=0,comtabagis=0,pdres5=1  encerra2=1",45,1.31998213222156,0.205479452054795,0.0761421319796954,NA,NA,NA,NA,NA,NA,NA,NA
"1165","fxet3=1,escol4=1,comtabagis=0,pdres5=1  encerra2=1",48,1.32908545727136,0.206896551724138,0.0812182741116751,NA,NA,NA,NA,NA,NA,NA,NA
"1166","fxet3=1,escol4=1,comdiab=0,pdres5=1  encerra2=1",62,1.34554935370153,0.209459459459459,0.104906937394247,NA,NA,NA,NA,NA,NA,NA,NA
"1167","sexo2=1,comdiab=0,comtabagis=0,tipores3=1  encerra2=1",38,1.29845050878816,0.202127659574468,0.0642978003384095,NA,NA,NA,NA,NA,NA,NA,NA
"1168","sexo2=1,fxet3=1,comtabagis=0,tipores3=1  encerra2=1",42,1.40523097826087,0.21875,0.0710659898477157,NA,NA,NA,NA,NA,NA,NA,NA
"1169","sexo2=1,comtabagis=0,pdres5=1,tipores3=1  encerra2=1",43,1.30913867710694,0.203791469194313,0.0727580372250423,NA,NA,NA,NA,NA,NA,NA,NA
"1170","sexo2=1,fxet3=1,comdiab=0,comtabagis=0  encerra2=1",44,1.2789691127287,0.199095022624434,0.0744500846023689,NA,NA,NA,NA,NA,NA,NA,NA
"1171","sexo2=1,hiv3=0,pdres5=1,cavitacao=1  encerra2=1",43,1.15576678188103,0.179916317991632,0.0727580372250423,NA,NA,NA,NA,NA,NA,NA,NA
"1172","sexo2=1,fxet3=1,comdiab=0,pdres5=1  encerra2=1",61,1.28058397271952,0.199346405228758,0.10321489001692,NA,NA,NA,NA,NA,NA,NA,NA
"1173","fxet3=1,comdiab=0,comtabagis=0,tipores3=1  encerra2=1",48,1.16357670221493,0.181132075471698,0.0812182741116751,NA,NA,NA,NA,NA,NA,NA,NA
"1174","comdiab=0,comtabagis=0,pdres5=1,tipores3=1  encerra2=1",48,1.10518934081346,0.172043010752688,0.0812182741116751,NA,NA,NA,NA,NA,NA,NA,NA
"1175","fxet3=1,comtabagis=0,pdres5=1,tipores3=1  encerra2=1",53,1.15805235137533,0.180272108843537,0.089678510998308,NA,NA,NA,NA,NA,NA,NA,NA
"1176","fxet3=1,comdiab=0,cavitacao=1,tipores3=1  encerra2=1",50,1.14304502552994,0.177935943060498,0.0846023688663283,NA,NA,NA,NA,NA,NA,NA,NA
"1177","fxet3=1,pdres5=1,cavitacao=1,tipores3=1  encerra2=1",56,1.15301003344482,0.179487179487179,0.0947546531302876,NA,NA,NA,NA,NA,NA,NA,NA
"1178","fxet3=1,comdiab=0,pdres5=1,tipores3=1  encerra2=1",63,1.14323876197494,0.177966101694915,0.106598984771574,NA,NA,NA,NA,NA,NA,NA,NA
"1179","fxet3=1,comdiab=0,pdres5=1,cavitacao=1  encerra2=1",63,1.13681607230093,0.176966292134831,0.106598984771574,NA,NA,NA,NA,NA,NA,NA,NA
"1180","sexo2=1,alcool=0,cavitacao=0,tipores3=0  encerra2=0",20,1.32111322230915,0.869565217391304,0.0338409475465313,NA,NA,NA,NA,NA,NA,NA,NA
"1181","sexo2=1,hiv3=0,cavitacao=0,tipores3=0  encerra2=0",18,1.43931808956839,0.947368421052632,0.0304568527918782,NA,NA,NA,NA,NA,NA,NA,NA
"1182","sexo2=1,comdrogas=0,cavitacao=0,tipores3=0  encerra2=0",19,1.44331619537275,0.95,0.0321489001692047,NA,NA,NA,NA,NA,NA,NA,NA
"1183","sexo2=1,ppl=0,cavitacao=0,tipores3=0  encerra2=0",19,1.31210563215705,0.863636363636364,0.0321489001692047,NA,NA,NA,NA,NA,NA,NA,NA
"1184","alcool=0,ppl=0,cavitacao=0,tipores3=0  encerra2=0",26,1.31670951156812,0.866666666666667,0.0439932318104907,NA,NA,NA,NA,NA,NA,NA,NA
"1185","comtabagis=0,ppl=0,cavitacao=0,tipores3=0  encerra2=0",23,1.3439786434645,0.884615384615385,0.038917089678511,NA,NA,NA,NA,NA,NA,NA,NA
"1186","hiv3=0,comdrogas=0,cavitacao=0,tipores3=0  encerra2=0",23,1.39773778920308,0.92,0.038917089678511,NA,NA,NA,NA,NA,NA,NA,NA
"1187","comdrogas=0,ppl=0,cavitacao=0,tipores3=0  encerra2=0",27,1.4145022604379,0.931034482758621,0.0456852791878173,NA,NA,NA,NA,NA,NA,NA,NA
"1188","raca3=0,escol4=0,comdrogas=0,cavitacao=0  encerra2=0",20,1.32111322230915,0.869565217391304,0.0338409475465313,NA,NA,NA,NA,NA,NA,NA,NA
"1189","raca3=0,escol4=0,comdiab=0,cavitacao=0  encerra2=0",20,1.32111322230915,0.869565217391304,0.0338409475465313,NA,NA,NA,NA,NA,NA,NA,NA
"1190","raca3=0,fxet3=1,escol4=0,cavitacao=0  encerra2=0",22,1.33696658097686,0.88,0.0372250423011844,NA,NA,NA,NA,NA,NA,NA,NA
"1191","escol4=0,comdrogas=0,cavitacao=0,bilateral=1  encerra2=0",18,1.36735218508997,0.9,0.0304568527918782,NA,NA,NA,NA,NA,NA,NA,NA
"1192","fxet3=1,escol4=0,cavitacao=0,bilateral=1  encerra2=0",19,1.37458685273595,0.904761904761905,0.0321489001692047,NA,NA,NA,NA,NA,NA,NA,NA
"1193","escol4=0,comtabagis=0,comdrogas=0,cavitacao=0  encerra2=0",29,1.2238646101114,0.805555555555556,0.0490693739424704,NA,NA,NA,NA,NA,NA,NA,NA
"1194","fxet3=1,escol4=0,comdrogas=0,cavitacao=0  encerra2=0",30,1.30224017627617,0.857142857142857,0.050761421319797,NA,NA,NA,NA,NA,NA,NA,NA
"1195","fxet3=1,escol4=0,comdiab=0,cavitacao=0  encerra2=0",29,1.2958566460003,0.852941176470588,0.0490693739424704,NA,NA,NA,NA,NA,NA,NA,NA
"1196","sexo2=0,alcool=0,comdrogas=0,cavitacao=0  encerra2=0",31,1.17744215938303,0.775,0.0524534686971235,NA,NA,NA,NA,NA,NA,NA,NA
"1197","sexo2=0,fxet3=1,alcool=0,cavitacao=0  encerra2=0",29,1.19078718821649,0.783783783783784,0.0490693739424704,NA,NA,NA,NA,NA,NA,NA,NA
"1198","sexo2=0,comtabagis=0,comdrogas=0,cavitacao=0  encerra2=0",27,1.13946015424165,0.75,0.0456852791878173,NA,NA,NA,NA,NA,NA,NA,NA
"1199","sexo2=0,fxet3=1,comtabagis=0,cavitacao=0  encerra2=0",25,1.15096985276934,0.757575757575758,0.0423011844331641,NA,NA,NA,NA,NA,NA,NA,NA
"1200","sexo2=0,hiv3=0,comdrogas=0,cavitacao=0  encerra2=0",22,1.23793201942302,0.814814814814815,0.0372250423011844,NA,NA,NA,NA,NA,NA,NA,NA
"1201","sexo2=0,fxet3=1,hiv3=0,cavitacao=0  encerra2=0",20,1.26606683804627,0.833333333333333,0.0338409475465313,NA,NA,NA,NA,NA,NA,NA,NA
"1202","sexo2=0,fxet3=1,comdrogas=0,cavitacao=0  encerra2=0",30,1.199431741307,0.789473684210526,0.050761421319797,NA,NA,NA,NA,NA,NA,NA,NA
"1203","raca3=0,fxet3=1,cavitacao=0,bilateral=0  encerra2=0",20,1.16867708127348,0.769230769230769,0.0338409475465313,NA,NA,NA,NA,NA,NA,NA,NA
"1204","raca3=0,mumigual=1,comdrogas=0,cavitacao=0  encerra2=0",21,1.32937017994859,0.875,0.0355329949238579,NA,NA,NA,NA,NA,NA,NA,NA
"1205","raca3=0,alcool=0,comdrogas=0,cavitacao=0  encerra2=0",33,1.19372016158649,0.785714285714286,0.0558375634517767,NA,NA,NA,NA,NA,NA,NA,NA
"1206","raca3=0,comdiab=0,cavitacao=0,tipores3=1  encerra2=0",28,1.11946962521986,0.736842105263158,0.0473773265651438,NA,NA,NA,NA,NA,NA,NA,NA
"1207","raca3=0,comtabagis=0,comdrogas=0,cavitacao=0  encerra2=0",28,1.18166238217652,0.777777777777778,0.0473773265651438,NA,NA,NA,NA,NA,NA,NA,NA
"1208","raca3=0,comdiab=0,comtabagis=0,cavitacao=0  encerra2=0",27,1.13946015424165,0.75,0.0456852791878173,NA,NA,NA,NA,NA,NA,NA,NA
"1209","raca3=0,fxet3=1,comtabagis=0,cavitacao=0  encerra2=0",31,1.17744215938303,0.775,0.0524534686971235,NA,NA,NA,NA,NA,NA,NA,NA
"1210","raca3=0,comtabagis=0,ppl=0,cavitacao=0  encerra2=0",30,1.13946015424165,0.75,0.050761421319797,NA,NA,NA,NA,NA,NA,NA,NA
"1211","raca3=0,hiv3=0,comdrogas=0,cavitacao=0  encerra2=0",28,1.32937017994859,0.875,0.0473773265651438,NA,NA,NA,NA,NA,NA,NA,NA
"1212","raca3=0,fxet3=1,hiv3=0,cavitacao=0  encerra2=0",30,1.26606683804627,0.833333333333333,0.050761421319797,NA,NA,NA,NA,NA,NA,NA,NA
"1213","raca3=0,fxet3=1,comdrogas=0,cavitacao=0  encerra2=0",36,1.21542416452442,0.8,0.0609137055837563,NA,NA,NA,NA,NA,NA,NA,NA
"1214","raca3=0,comdrogas=0,ppl=0,cavitacao=0  encerra2=0",36,1.18900190007824,0.782608695652174,0.0609137055837563,NA,NA,NA,NA,NA,NA,NA,NA
"1215","raca3=0,fxet3=1,ppl=0,cavitacao=0  encerra2=0",39,1.13946015424165,0.75,0.065989847715736,NA,NA,NA,NA,NA,NA,NA,NA
"1216","mumigual=1,alcool=0,comtabagis=0,cavitacao=0  encerra2=0",31,1.14872405793467,0.75609756097561,0.0524534686971235,NA,NA,NA,NA,NA,NA,NA,NA
"1217","fxet3=1,mumigual=1,alcool=0,cavitacao=0  encerra2=0",32,1.15754682335659,0.761904761904762,0.0541455160744501,NA,NA,NA,NA,NA,NA,NA,NA
"1218","mumigual=1,comtabagis=0,comdrogas=0,cavitacao=0  encerra2=0",31,1.2076329839826,0.794871794871795,0.0524534686971235,NA,NA,NA,NA,NA,NA,NA,NA
"1219","mumigual=1,hiv3=0,comdrogas=0,cavitacao=0  encerra2=0",28,1.25117193406926,0.823529411764706,0.0473773265651438,NA,NA,NA,NA,NA,NA,NA,NA
"1220","fxet3=1,mumigual=1,comdrogas=0,cavitacao=0  encerra2=0",37,1.19602909806924,0.787234042553192,0.0626057529610829,NA,NA,NA,NA,NA,NA,NA,NA
"1221","raca3=1,escol4=1,mumigual=0,cavitacao=0  encerra2=0",23,1.16478149100257,0.766666666666667,0.038917089678511,NA,NA,NA,NA,NA,NA,NA,NA
"1222","sexo2=1,raca3=1,mumigual=0,cavitacao=0  encerra2=0",21,1.27619537275064,0.84,0.0355329949238579,NA,NA,NA,NA,NA,NA,NA,NA
"1223","raca3=1,mumigual=0,alcool=0,cavitacao=0  encerra2=0",24,1.17621693341073,0.774193548387097,0.0406091370558376,NA,NA,NA,NA,NA,NA,NA,NA
"1224","raca3=1,mumigual=0,comtabagis=0,cavitacao=0  encerra2=0",27,1.17201615864855,0.771428571428571,0.0456852791878173,NA,NA,NA,NA,NA,NA,NA,NA
"1225","sexo2=1,mumigual=0,cavitacao=0,bilateral=1  encerra2=0",19,1.2550575611937,0.826086956521739,0.0321489001692047,NA,NA,NA,NA,NA,NA,NA,NA
"1226","mumigual=0,alcool=0,cavitacao=0,bilateral=1  encerra2=0",19,1.20276349614396,0.791666666666667,0.0321489001692047,NA,NA,NA,NA,NA,NA,NA,NA
"1227","mumigual=0,comtabagis=0,cavitacao=0,bilateral=1  encerra2=0",20,1.26606683804627,0.833333333333333,0.0338409475465313,NA,NA,NA,NA,NA,NA,NA,NA
"1228","mumigual=0,hiv3=0,cavitacao=0,bilateral=1  encerra2=0",20,1.44693352919574,0.952380952380952,0.0338409475465313,NA,NA,NA,NA,NA,NA,NA,NA
"1229","mumigual=0,ppl=0,cavitacao=0,bilateral=1  encerra2=0",24,1.21542416452442,0.8,0.0406091370558376,NA,NA,NA,NA,NA,NA,NA,NA
"1230","escol4=1,mumigual=0,hiv3=0,cavitacao=0  encerra2=0",20,1.21542416452442,0.8,0.0338409475465313,NA,NA,NA,NA,NA,NA,NA,NA
"1231","sexo2=1,mumigual=0,comtabagis=0,cavitacao=0  encerra2=0",26,1.12860815277268,0.742857142857143,0.0439932318104907,NA,NA,NA,NA,NA,NA,NA,NA
"1232","sexo2=1,mumigual=0,hiv3=0,cavitacao=0  encerra2=0",26,1.19700864688011,0.787878787878788,0.0439932318104907,NA,NA,NA,NA,NA,NA,NA,NA
"1233","sexo2=1,mumigual=0,ppl=0,cavitacao=0  encerra2=0",33,1.13946015424165,0.75,0.0558375634517767,NA,NA,NA,NA,NA,NA,NA,NA
"1234","mumigual=0,comdiab=0,comtabagis=0,cavitacao=0  encerra2=0",36,1.11620586537957,0.73469387755102,0.0609137055837563,NA,NA,NA,NA,NA,NA,NA,NA
"1235","fxet3=1,mumigual=0,comtabagis=0,cavitacao=0  encerra2=0",35,1.13137887655199,0.74468085106383,0.0592216582064298,NA,NA,NA,NA,NA,NA,NA,NA
"1236","mumigual=0,comtabagis=0,ppl=0,cavitacao=0  encerra2=0",42,1.11946962521986,0.736842105263158,0.0710659898477157,NA,NA,NA,NA,NA,NA,NA,NA
"1237","fxet3=1,mumigual=0,hiv3=0,cavitacao=0  encerra2=0",34,1.22989349981638,0.80952380952381,0.0575296108291032,NA,NA,NA,NA,NA,NA,NA,NA
"1238","fxet3=1,mumigual=0,ppl=0,cavitacao=0  encerra2=0",42,1.11946962521986,0.736842105263158,0.0710659898477157,NA,NA,NA,NA,NA,NA,NA,NA
"1239","sexo2=1,raca3=1,cavitacao=0,bilateral=1  encerra2=0",20,1.26606683804627,0.833333333333333,0.0338409475465313,NA,NA,NA,NA,NA,NA,NA,NA
"1240","raca3=1,alcool=0,cavitacao=0,bilateral=1  encerra2=0",23,1.20494637000266,0.793103448275862,0.038917089678511,NA,NA,NA,NA,NA,NA,NA,NA
"1241","raca3=1,comtabagis=0,cavitacao=0,bilateral=1  encerra2=0",26,1.23441516709512,0.8125,0.0439932318104907,NA,NA,NA,NA,NA,NA,NA,NA
"1242","raca3=1,hiv3=0,cavitacao=0,bilateral=1  encerra2=0",23,1.29420165666952,0.851851851851852,0.038917089678511,NA,NA,NA,NA,NA,NA,NA,NA
"1243","raca3=1,fxet3=1,cavitacao=0,bilateral=1  encerra2=0",25,1.18693766066838,0.78125,0.0423011844331641,NA,NA,NA,NA,NA,NA,NA,NA
"1244","sexo2=1,raca3=1,escol4=1,cavitacao=0  encerra2=0",28,1.21542416452442,0.8,0.0473773265651438,NA,NA,NA,NA,NA,NA,NA,NA
"1245","raca3=1,escol4=1,alcool=0,cavitacao=0  encerra2=0",29,1.12972117856437,0.743589743589744,0.0490693739424704,NA,NA,NA,NA,NA,NA,NA,NA
"1246","sexo2=1,raca3=1,alcool=0,cavitacao=0  encerra2=0",24,1.17621693341073,0.774193548387097,0.0406091370558376,NA,NA,NA,NA,NA,NA,NA,NA
"1247","raca3=1,alcool=0,comtabagis=0,cavitacao=0  encerra2=0",38,1.13201270225314,0.745098039215686,0.0642978003384095,NA,NA,NA,NA,NA,NA,NA,NA
"1248","raca3=1,fxet3=1,alcool=0,cavitacao=0  encerra2=0",34,1.14790059982862,0.755555555555556,0.0575296108291032,NA,NA,NA,NA,NA,NA,NA,NA
"1249","escol4=1,hiv3=0,cavitacao=0,bilateral=1  encerra2=0",27,1.32324405008707,0.870967741935484,0.0456852791878173,NA,NA,NA,NA,NA,NA,NA,NA
"1250","sexo2=1,comdrogas=0,cavitacao=0,bilateral=1  encerra2=0",28,1.18166238217652,0.777777777777778,0.0473773265651438,NA,NA,NA,NA,NA,NA,NA,NA
"1251","sexo2=1,ppl=0,cavitacao=0,bilateral=1  encerra2=0",34,1.14790059982862,0.755555555555556,0.0575296108291032,NA,NA,NA,NA,NA,NA,NA,NA
"1252","alcool=0,comtabagis=0,cavitacao=0,bilateral=1  encerra2=0",38,1.22835420882787,0.808510638297872,0.0642978003384095,NA,NA,NA,NA,NA,NA,NA,NA
"1253","alcool=0,comdrogas=0,cavitacao=0,bilateral=1  encerra2=0",40,1.26606683804627,0.833333333333333,0.0676818950930626,NA,NA,NA,NA,NA,NA,NA,NA
"1254","fxet3=1,alcool=0,cavitacao=0,bilateral=1  encerra2=0",38,1.22835420882787,0.808510638297872,0.0642978003384095,NA,NA,NA,NA,NA,NA,NA,NA
"1255","alcool=0,ppl=0,cavitacao=0,bilateral=1  encerra2=0",41,1.19789400830532,0.788461538461538,0.0693739424703892,NA,NA,NA,NA,NA,NA,NA,NA
"1256","comtabagis=0,comdrogas=0,cavitacao=0,bilateral=1  encerra2=0",36,1.27195552101393,0.837209302325581,0.0609137055837563,NA,NA,NA,NA,NA,NA,NA,NA
"1257","fxet3=1,comtabagis=0,cavitacao=0,bilateral=1  encerra2=0",37,1.22202973063597,0.804347826086957,0.0626057529610829,NA,NA,NA,NA,NA,NA,NA,NA
"1258","comtabagis=0,ppl=0,cavitacao=0,bilateral=1  encerra2=0",39,1.20922302082787,0.795918367346939,0.065989847715736,NA,NA,NA,NA,NA,NA,NA,NA
"1259","hiv3=0,comdrogas=0,cavitacao=0,bilateral=1  encerra2=0",33,1.35503369693601,0.891891891891892,0.0558375634517767,NA,NA,NA,NA,NA,NA,NA,NA
"1260","fxet3=1,comdrogas=0,cavitacao=0,bilateral=1  encerra2=0",37,1.19602909806924,0.787234042553192,0.0626057529610829,NA,NA,NA,NA,NA,NA,NA,NA
"1261","comdrogas=0,ppl=0,cavitacao=0,bilateral=1  encerra2=0",41,1.17529223456371,0.773584905660377,0.0693739424703892,NA,NA,NA,NA,NA,NA,NA,NA
"1262","fxet3=1,ppl=0,cavitacao=0,bilateral=1  encerra2=0",43,1.14612366391557,0.754385964912281,0.0727580372250423,NA,NA,NA,NA,NA,NA,NA,NA
"1263","sexo2=1,escol4=1,hiv3=0,cavitacao=0  encerra2=0",33,1.25340616966581,0.825,0.0558375634517767,NA,NA,NA,NA,NA,NA,NA,NA
"1264","escol4=1,hiv3=0,comdrogas=0,cavitacao=0  encerra2=0",38,1.22835420882787,0.808510638297872,0.0642978003384095,NA,NA,NA,NA,NA,NA,NA,NA
"1265","sexo2=1,alcool=0,comtabagis=0,cavitacao=0  encerra2=0",41,1.13255433512503,0.745454545454545,0.0693739424703892,NA,NA,NA,NA,NA,NA,NA,NA
"1266","alcool=0,comtabagis=0,comdrogas=0,cavitacao=0  encerra2=0",65,1.17563349247154,0.773809523809524,0.109983079526227,NA,NA,NA,NA,NA,NA,NA,NA
"1267","fxet3=1,alcool=0,comtabagis=0,cavitacao=0  encerra2=0",59,1.14919912991892,0.756410256410256,0.0998307952622673,NA,NA,NA,NA,NA,NA,NA,NA
"1268","hiv3=0,alcool=0,comdrogas=0,cavitacao=0  encerra2=0",55,1.21102045378339,0.797101449275362,0.0930626057529611,NA,NA,NA,NA,NA,NA,NA,NA
"1269","alcool=0,comdrogas=0,ppl=0,cavitacao=0  encerra2=0",70,1.16867708127348,0.769230769230769,0.11844331641286,NA,NA,NA,NA,NA,NA,NA,NA
"1270","fxet3=1,alcool=0,ppl=0,cavitacao=0  encerra2=0",64,1.14392862543475,0.752941176470588,0.1082910321489,NA,NA,NA,NA,NA,NA,NA,NA
"1271","fxet3=1,comtabagis=0,comdrogas=0,cavitacao=0  encerra2=0",57,1.1546529562982,0.76,0.0964467005076142,NA,NA,NA,NA,NA,NA,NA,NA
"1272","comtabagis=0,comdrogas=0,ppl=0,cavitacao=0  encerra2=0",66,1.13946015424165,0.75,0.111675126903553,NA,NA,NA,NA,NA,NA,NA,NA
"1273","fxet3=1,hiv3=0,comdrogas=0,cavitacao=0  encerra2=0",52,1.25400905863631,0.825396825396825,0.0879864636209814,NA,NA,NA,NA,NA,NA,NA,NA
"1274","fxet3=1,comdrogas=0,ppl=0,cavitacao=0  encerra2=0",69,1.13946015424165,0.75,0.116751269035533,NA,NA,NA,NA,NA,NA,NA,NA
"1275","comtabagis=1,comdrogas=0,pdres5=1,tipores3=0  encerra2=0",19,1.2550575611937,0.826086956521739,0.0321489001692047,NA,NA,NA,NA,NA,NA,NA,NA
"1276","alcool=1,comdiab=0,comtabagis=1,bilateral=0  encerra2=0",20,1.26606683804627,0.833333333333333,0.0338409475465313,NA,NA,NA,NA,NA,NA,NA,NA
"1277","alcool=1,comtabagis=1,ppl=0,bilateral=0  encerra2=0",20,1.26606683804627,0.833333333333333,0.0338409475465313,NA,NA,NA,NA,NA,NA,NA,NA
"1278","sexo2=1,mumigual=1,alcool=1,comtabagis=1  encerra2=0",26,1.12860815277268,0.742857142857143,0.0439932318104907,NA,NA,NA,NA,NA,NA,NA,NA
"1279","mumigual=1,hiv3=0,alcool=1,comtabagis=1  encerra2=0",24,1.21542416452442,0.8,0.0406091370558376,NA,NA,NA,NA,NA,NA,NA,NA
"1280","mumigual=1,alcool=1,comtabagis=1,cavitacao=1  encerra2=0",21,1.10016842478504,0.724137931034483,0.0355329949238579,NA,NA,NA,NA,NA,NA,NA,NA
"1281","escol4=1,comtabagis=1,comdrogas=0,bilateral=0  encerra2=0",21,1.22711093533716,0.807692307692308,0.0355329949238579,NA,NA,NA,NA,NA,NA,NA,NA
"1282","escol4=1,comdiab=0,comtabagis=1,bilateral=0  encerra2=0",25,1.11711779827612,0.735294117647059,0.0423011844331641,NA,NA,NA,NA,NA,NA,NA,NA
"1283","comdiab=0,comtabagis=1,comdrogas=0,bilateral=0  encerra2=0",24,1.17621693341073,0.774193548387097,0.0406091370558376,NA,NA,NA,NA,NA,NA,NA,NA
"1284","fxet3=1,comtabagis=1,comdrogas=0,bilateral=0  encerra2=0",23,1.24798016893133,0.821428571428571,0.038917089678511,NA,NA,NA,NA,NA,NA,NA,NA
"1285","fxet3=1,comdiab=0,comtabagis=1,bilateral=0  encerra2=0",27,1.13946015424165,0.75,0.0456852791878173,NA,NA,NA,NA,NA,NA,NA,NA
"1286","comdiab=0,comtabagis=1,ppl=0,bilateral=0  encerra2=0",30,1.11166844316258,0.731707317073171,0.050761421319797,NA,NA,NA,NA,NA,NA,NA,NA
"1287","fxet3=1,comtabagis=1,ppl=0,bilateral=0  encerra2=0",28,1.11946962521986,0.736842105263158,0.0473773265651438,NA,NA,NA,NA,NA,NA,NA,NA
"1288","raca3=0,hiv3=0,comtabagis=1,tipores3=1  encerra2=0",22,1.11413881748072,0.733333333333333,0.0372250423011844,NA,NA,NA,NA,NA,NA,NA,NA
"1289","raca3=0,hiv3=0,comtabagis=1,comdrogas=0  encerra2=0",28,1.18166238217652,0.777777777777778,0.0473773265651438,NA,NA,NA,NA,NA,NA,NA,NA
"1290","raca3=0,fxet3=1,hiv3=0,comtabagis=1  encerra2=0",29,1.10147814910026,0.725,0.0490693739424704,NA,NA,NA,NA,NA,NA,NA,NA
"1291","raca3=0,fxet3=1,comtabagis=1,comdrogas=0  encerra2=0",29,1.19078718821649,0.783783783783784,0.0490693739424704,NA,NA,NA,NA,NA,NA,NA,NA
"1292","escol4=1,mumigual=1,comtabagis=1,comdrogas=0  encerra2=0",29,1.15945068326343,0.763157894736842,0.0490693739424704,NA,NA,NA,NA,NA,NA,NA,NA
"1293","mumigual=1,hiv3=0,comtabagis=1,comdrogas=0  encerra2=0",30,1.16867708127348,0.769230769230769,0.050761421319797,NA,NA,NA,NA,NA,NA,NA,NA
"1294","fxet3=1,mumigual=1,hiv3=0,comtabagis=1  encerra2=0",30,1.11166844316258,0.731707317073171,0.050761421319797,NA,NA,NA,NA,NA,NA,NA,NA
"1295","mumigual=1,comtabagis=1,comdrogas=0,cavitacao=1  encerra2=0",25,1.15096985276934,0.757575757575758,0.0423011844331641,NA,NA,NA,NA,NA,NA,NA,NA
"1296","mumigual=1,comdiab=0,comtabagis=1,comdrogas=0  encerra2=0",33,1.13946015424165,0.75,0.0558375634517767,NA,NA,NA,NA,NA,NA,NA,NA
"1297","fxet3=1,mumigual=1,comtabagis=1,comdrogas=0  encerra2=0",30,1.199431741307,0.789473684210526,0.050761421319797,NA,NA,NA,NA,NA,NA,NA,NA
"1298","fxet3=1,alcool=0,comtabagis=1,comdrogas=0  encerra2=0",24,1.10493105865857,0.727272727272727,0.0406091370558376,NA,NA,NA,NA,NA,NA,NA,NA
"1299","sexo2=0,escol4=0,cavitacao=1,tipores3=0  encerra2=0",22,1.45322454454007,0.956521739130435,0.0372250423011844,NA,NA,NA,NA,NA,NA,NA,NA
"1300","escol4=0,mumigual=0,bilateral=0,tipores3=0  encerra2=0",21,1.45022201448937,0.954545454545455,0.0355329949238579,NA,NA,NA,NA,NA,NA,NA,NA
"1301","escol4=0,comtabagis=0,bilateral=0,tipores3=0  encerra2=0",24,1.40241249752818,0.923076923076923,0.0406091370558376,NA,NA,NA,NA,NA,NA,NA,NA
"1302","escol4=0,cavitacao=1,bilateral=0,tipores3=0  encerra2=0",20,1.38116382332321,0.909090909090909,0.0338409475465313,NA,NA,NA,NA,NA,NA,NA,NA
"1303","fxet3=1,escol4=0,bilateral=0,tipores3=0  encerra2=0",27,1.4145022604379,0.931034482758621,0.0456852791878173,NA,NA,NA,NA,NA,NA,NA,NA
"1304","raca3=0,escol4=0,alcool=0,tipores3=0  encerra2=0",30,1.34054135793135,0.882352941176471,0.050761421319797,NA,NA,NA,NA,NA,NA,NA,NA
"1305","raca3=0,escol4=0,comtabagis=0,tipores3=0  encerra2=0",25,1.35650018362101,0.892857142857143,0.0423011844331641,NA,NA,NA,NA,NA,NA,NA,NA
"1306","raca3=0,escol4=0,comdrogas=0,tipores3=0  encerra2=0",30,1.34054135793135,0.882352941176471,0.050761421319797,NA,NA,NA,NA,NA,NA,NA,NA
"1307","raca3=0,fxet3=1,escol4=0,tipores3=0  encerra2=0",29,1.2958566460003,0.852941176470588,0.0490693739424704,NA,NA,NA,NA,NA,NA,NA,NA
"1308","raca3=0,escol4=0,ppl=0,tipores3=0  encerra2=0",30,1.30224017627617,0.857142857142857,0.050761421319797,NA,NA,NA,NA,NA,NA,NA,NA
"1309","escol4=0,mumigual=0,alcool=0,tipores3=0  encerra2=0",39,1.34663472774013,0.886363636363636,0.065989847715736,NA,NA,NA,NA,NA,NA,NA,NA
"1310","raca3=1,escol4=0,pdres5=1,tipores3=0  encerra2=0",23,1.29420165666952,0.851851851851852,0.038917089678511,NA,NA,NA,NA,NA,NA,NA,NA
"1311","escol4=0,alcool=0,comtabagis=0,tipores3=0  encerra2=0",46,1.37033116588538,0.901960784313726,0.077834179357022,NA,NA,NA,NA,NA,NA,NA,NA
"1312","escol4=0,alcool=0,cavitacao=1,tipores3=0  encerra2=0",38,1.34261971662581,0.883720930232558,0.0642978003384095,NA,NA,NA,NA,NA,NA,NA,NA
"1313","fxet3=1,escol4=0,alcool=0,tipores3=0  encerra2=0",50,1.35650018362101,0.892857142857143,0.0846023688663283,NA,NA,NA,NA,NA,NA,NA,NA
"1314","escol4=0,alcool=0,ppl=0,tipores3=0  encerra2=0",51,1.35935597348126,0.894736842105263,0.0862944162436548,NA,NA,NA,NA,NA,NA,NA,NA
"1315","escol4=0,comtabagis=0,cavitacao=1,tipores3=0  encerra2=0",36,1.3340021317951,0.878048780487805,0.0609137055837563,NA,NA,NA,NA,NA,NA,NA,NA
"1316","escol4=0,comtabagis=0,comdrogas=0,tipores3=0  encerra2=0",48,1.35047129391602,0.888888888888889,0.0812182741116751,NA,NA,NA,NA,NA,NA,NA,NA
"1317","fxet3=1,escol4=0,comdrogas=0,tipores3=0  encerra2=0",52,1.31670951156812,0.866666666666667,0.0879864636209814,NA,NA,NA,NA,NA,NA,NA,NA
"1318","escol4=0,comdrogas=0,pdres5=1,tipores3=0  encerra2=0",53,1.32003034261874,0.868852459016393,0.089678510998308,NA,NA,NA,NA,NA,NA,NA,NA
"1319","fxet3=1,escol4=0,ppl=0,tipores3=0  encerra2=0",52,1.29512410973914,0.852459016393443,0.0879864636209814,NA,NA,NA,NA,NA,NA,NA,NA
"1320","fxet3=1,escol4=0,pdres5=1,tipores3=0  encerra2=0",52,1.29512410973914,0.852459016393443,0.0879864636209814,NA,NA,NA,NA,NA,NA,NA,NA
"1321","escol4=0,ppl=0,pdres5=1,tipores3=0  encerra2=0",53,1.29873953064101,0.854838709677419,0.089678510998308,NA,NA,NA,NA,NA,NA,NA,NA
"1322","sexo2=0,cavitacao=1,bilateral=0,tipores3=0  encerra2=0",19,1.2550575611937,0.826086956521739,0.0321489001692047,NA,NA,NA,NA,NA,NA,NA,NA
"1323","sexo2=0,mumigual=0,comdiab=0,tipores3=0  encerra2=0",26,1.19700864688011,0.787878787878788,0.0439932318104907,NA,NA,NA,NA,NA,NA,NA,NA
"1324","sexo2=0,hiv3=0,alcool=0,tipores3=0  encerra2=0",29,1.19078718821649,0.783783783783784,0.0490693739424704,NA,NA,NA,NA,NA,NA,NA,NA
"1325","sexo2=0,alcool=0,comdiab=0,tipores3=0  encerra2=0",29,1.19078718821649,0.783783783783784,0.0490693739424704,NA,NA,NA,NA,NA,NA,NA,NA
"1326","sexo2=0,hiv3=0,comtabagis=0,tipores3=0  encerra2=0",29,1.19078718821649,0.783783783783784,0.0490693739424704,NA,NA,NA,NA,NA,NA,NA,NA
"1327","sexo2=0,hiv3=0,cavitacao=1,tipores3=0  encerra2=0",26,1.19700864688011,0.787878787878788,0.0439932318104907,NA,NA,NA,NA,NA,NA,NA,NA
"1328","sexo2=0,hiv3=0,comdrogas=0,tipores3=0  encerra2=0",31,1.2076329839826,0.794871794871795,0.0524534686971235,NA,NA,NA,NA,NA,NA,NA,NA
"1329","sexo2=0,hiv3=0,comdiab=0,tipores3=0  encerra2=0",24,1.21542416452442,0.8,0.0406091370558376,NA,NA,NA,NA,NA,NA,NA,NA
"1330","sexo2=0,comdiab=0,cavitacao=1,tipores3=0  encerra2=0",26,1.19700864688011,0.787878787878788,0.0439932318104907,NA,NA,NA,NA,NA,NA,NA,NA
"1331","sexo2=0,comdiab=0,comdrogas=0,tipores3=0  encerra2=0",31,1.2076329839826,0.794871794871795,0.0524534686971235,NA,NA,NA,NA,NA,NA,NA,NA
"1332","raca3=0,comdrogas=0,bilateral=0,tipores3=0  encerra2=0",21,1.27619537275064,0.84,0.0355329949238579,NA,NA,NA,NA,NA,NA,NA,NA
"1333","raca3=0,fxet3=1,bilateral=0,tipores3=0  encerra2=0",21,1.22711093533716,0.807692307692308,0.0355329949238579,NA,NA,NA,NA,NA,NA,NA,NA
"1334","fxet3=1,mumigual=0,bilateral=0,tipores3=0  encerra2=0",37,1.22202973063597,0.804347826086957,0.0626057529610829,NA,NA,NA,NA,NA,NA,NA,NA
"1335","mumigual=0,ppl=0,bilateral=0,tipores3=0  encerra2=0",38,1.2550575611937,0.826086956521739,0.0642978003384095,NA,NA,NA,NA,NA,NA,NA,NA
"1336","sexo2=1,raca3=1,bilateral=0,tipores3=0  encerra2=0",18,1.30224017627617,0.857142857142857,0.0304568527918782,NA,NA,NA,NA,NA,NA,NA,NA
"1337","raca3=1,cavitacao=1,bilateral=0,tipores3=0  encerra2=0",26,1.23441516709512,0.8125,0.0439932318104907,NA,NA,NA,NA,NA,NA,NA,NA
"1338","raca3=1,ppl=0,bilateral=0,tipores3=0  encerra2=0",34,1.2913881748072,0.85,0.0575296108291032,NA,NA,NA,NA,NA,NA,NA,NA
"1339","sexo2=1,comtabagis=0,bilateral=0,tipores3=0  encerra2=0",24,1.30224017627617,0.857142857142857,0.0406091370558376,NA,NA,NA,NA,NA,NA,NA,NA
"1340","sexo2=1,comdrogas=0,bilateral=0,tipores3=0  encerra2=0",29,1.33512502921243,0.878787878787879,0.0490693739424704,NA,NA,NA,NA,NA,NA,NA,NA
"1341","sexo2=1,fxet3=1,bilateral=0,tipores3=0  encerra2=0",30,1.23184881539637,0.810810810810811,0.050761421319797,NA,NA,NA,NA,NA,NA,NA,NA
"1342","sexo2=1,ppl=0,bilateral=0,tipores3=0  encerra2=0",32,1.24658888669171,0.82051282051282,0.0541455160744501,NA,NA,NA,NA,NA,NA,NA,NA
"1343","comtabagis=0,ppl=0,bilateral=0,tipores3=0  encerra2=0",43,1.25632786236899,0.826923076923077,0.0727580372250423,NA,NA,NA,NA,NA,NA,NA,NA
"1344","fxet3=1,ppl=0,bilateral=0,tipores3=0  encerra2=0",52,1.25400905863631,0.825396825396825,0.0879864636209814,NA,NA,NA,NA,NA,NA,NA,NA
"1345","raca3=0,mumigual=0,alcool=0,tipores3=0  encerra2=0",30,1.16867708127348,0.769230769230769,0.050761421319797,NA,NA,NA,NA,NA,NA,NA,NA
"1346","raca3=0,mumigual=0,comtabagis=0,tipores3=0  encerra2=0",24,1.17621693341073,0.774193548387097,0.0406091370558376,NA,NA,NA,NA,NA,NA,NA,NA
"1347","raca3=0,alcool=0,bilateral=1,tipores3=0  encerra2=0",24,1.17621693341073,0.774193548387097,0.0406091370558376,NA,NA,NA,NA,NA,NA,NA,NA
"1348","raca3=0,alcool=0,comtabagis=0,tipores3=0  encerra2=0",35,1.20851834540781,0.795454545454545,0.0592216582064298,NA,NA,NA,NA,NA,NA,NA,NA
"1349","raca3=0,hiv3=0,alcool=0,tipores3=0  encerra2=0",37,1.19602909806924,0.787234042553192,0.0626057529610829,NA,NA,NA,NA,NA,NA,NA,NA
"1350","raca3=0,fxet3=1,alcool=0,tipores3=0  encerra2=0",41,1.17529223456371,0.773584905660377,0.0693739424703892,NA,NA,NA,NA,NA,NA,NA,NA
"1351","raca3=0,alcool=0,ppl=0,tipores3=0  encerra2=0",42,1.18166238217652,0.777777777777778,0.0710659898477157,NA,NA,NA,NA,NA,NA,NA,NA
"1352","raca3=0,hiv3=0,comtabagis=0,tipores3=0  encerra2=0",31,1.2076329839826,0.794871794871795,0.0524534686971235,NA,NA,NA,NA,NA,NA,NA,NA
"1353","raca3=0,comtabagis=0,comdrogas=0,tipores3=0  encerra2=0",34,1.20129132540204,0.790697674418605,0.0575296108291032,NA,NA,NA,NA,NA,NA,NA,NA
"1354","raca3=0,comtabagis=0,ppl=0,tipores3=0  encerra2=0",35,1.18166238217652,0.777777777777778,0.0592216582064298,NA,NA,NA,NA,NA,NA,NA,NA
"1355","raca3=0,hiv3=0,comdrogas=0,tipores3=0  encerra2=0",38,1.20276349614396,0.791666666666667,0.0642978003384095,NA,NA,NA,NA,NA,NA,NA,NA
"1356","raca3=0,fxet3=1,hiv3=0,tipores3=0  encerra2=0",37,1.14721158386234,0.755102040816326,0.0626057529610829,NA,NA,NA,NA,NA,NA,NA,NA
"1357","raca3=0,comdiab=0,comdrogas=0,tipores3=0  encerra2=0",36,1.18900190007824,0.782608695652174,0.0609137055837563,NA,NA,NA,NA,NA,NA,NA,NA
"1358","raca3=0,fxet3=1,comdrogas=0,tipores3=0  encerra2=0",42,1.20395789882136,0.792452830188679,0.0710659898477157,NA,NA,NA,NA,NA,NA,NA,NA
"1359","raca3=0,comdrogas=0,ppl=0,tipores3=0  encerra2=0",44,1.19372016158649,0.785714285714286,0.0744500846023689,NA,NA,NA,NA,NA,NA,NA,NA
"1360","sexo2=1,escol4=1,mumigual=1,tipores3=0  encerra2=0",19,1.2550575611937,0.826086956521739,0.0321489001692047,NA,NA,NA,NA,NA,NA,NA,NA
"1361","sexo2=1,mumigual=1,comdrogas=0,tipores3=0  encerra2=0",22,1.28554478940083,0.846153846153846,0.0372250423011844,NA,NA,NA,NA,NA,NA,NA,NA
"1362","mumigual=1,alcool=0,comtabagis=0,tipores3=0  encerra2=0",25,1.26606683804627,0.833333333333333,0.0423011844331641,NA,NA,NA,NA,NA,NA,NA,NA
"1363","fxet3=1,mumigual=1,comdrogas=0,tipores3=0  encerra2=0",29,1.2958566460003,0.852941176470588,0.0490693739424704,NA,NA,NA,NA,NA,NA,NA,NA
"1364","mumigual=0,alcool=0,ppl=0,tipores3=0  encerra2=0",62,1.17744215938303,0.775,0.104906937394247,NA,NA,NA,NA,NA,NA,NA,NA
"1365","sexo2=1,raca3=1,escol4=1,tipores3=0  encerra2=0",25,1.18693766066838,0.78125,0.0423011844331641,NA,NA,NA,NA,NA,NA,NA,NA
"1366","sexo2=1,raca3=1,alcool=0,tipores3=0  encerra2=0",23,1.20494637000266,0.793103448275862,0.038917089678511,NA,NA,NA,NA,NA,NA,NA,NA
"1367","sexo2=1,raca3=1,comdrogas=0,tipores3=0  encerra2=0",28,1.21542416452442,0.8,0.0473773265651438,NA,NA,NA,NA,NA,NA,NA,NA
"1368","sexo2=1,raca3=1,ppl=0,tipores3=0  encerra2=0",33,1.22283528747884,0.804878048780488,0.0558375634517767,NA,NA,NA,NA,NA,NA,NA,NA
"1369","sexo2=1,raca3=1,pdres5=1,tipores3=0  encerra2=0",33,1.22283528747884,0.804878048780488,0.0558375634517767,NA,NA,NA,NA,NA,NA,NA,NA
"1370","raca3=1,comdrogas=0,pdres5=1,tipores3=0  encerra2=0",50,1.20577794099645,0.793650793650794,0.0846023688663283,NA,NA,NA,NA,NA,NA,NA,NA
"1371","raca3=1,ppl=0,pdres5=1,tipores3=0  encerra2=0",56,1.19830551431985,0.788732394366197,0.0947546531302876,NA,NA,NA,NA,NA,NA,NA,NA
"1372","hiv3=0,alcool=0,bilateral=1,tipores3=0  encerra2=0",35,1.20851834540781,0.795454545454545,0.0592216582064298,NA,NA,NA,NA,NA,NA,NA,NA
"1373","sexo2=1,alcool=0,comtabagis=0,tipores3=0  encerra2=0",46,1.20494637000266,0.793103448275862,0.077834179357022,NA,NA,NA,NA,NA,NA,NA,NA
"1374","sexo2=1,alcool=0,comdrogas=0,tipores3=0  encerra2=0",48,1.23602457409263,0.813559322033898,0.0812182741116751,NA,NA,NA,NA,NA,NA,NA,NA
"1375","sexo2=1,alcool=0,ppl=0,tipores3=0  encerra2=0",49,1.18166238217652,0.777777777777778,0.0829103214890017,NA,NA,NA,NA,NA,NA,NA,NA
"1376","sexo2=1,comtabagis=0,comdrogas=0,tipores3=0  encerra2=0",44,1.19372016158649,0.785714285714286,0.0744500846023689,NA,NA,NA,NA,NA,NA,NA,NA
"1377","sexo2=1,comtabagis=0,ppl=0,tipores3=0  encerra2=0",47,1.17059294534114,0.770491803278688,0.0795262267343486,NA,NA,NA,NA,NA,NA,NA,NA
"1378","sexo2=1,comtabagis=0,pdres5=1,tipores3=0  encerra2=0",49,1.16319890745501,0.765625,0.0829103214890017,NA,NA,NA,NA,NA,NA,NA,NA
"1379","sexo2=1,comdrogas=0,pdres5=1,tipores3=0  encerra2=0",57,1.20276349614396,0.791666666666667,0.0964467005076142,NA,NA,NA,NA,NA,NA,NA,NA
"1380","hiv3=0,alcool=0,comtabagis=0,tipores3=0  encerra2=0",63,1.19643316195373,0.7875,0.106598984771574,NA,NA,NA,NA,NA,NA,NA,NA
"1381","alcool=0,comtabagis=0,ppl=0,tipores3=0  encerra2=0",77,1.19372016158649,0.785714285714286,0.130287648054146,NA,NA,NA,NA,NA,NA,NA,NA
"1382","alcool=0,comtabagis=0,pdres5=1,tipores3=0  encerra2=0",77,1.18166238217652,0.777777777777778,0.130287648054146,NA,NA,NA,NA,NA,NA,NA,NA
"1383","hiv3=0,alcool=0,comdrogas=0,tipores3=0  encerra2=0",68,1.22989349981638,0.80952380952381,0.115059221658206,NA,NA,NA,NA,NA,NA,NA,NA
"1384","fxet3=1,hiv3=0,alcool=0,tipores3=0  encerra2=0",65,1.17563349247154,0.773809523809524,0.109983079526227,NA,NA,NA,NA,NA,NA,NA,NA
"1385","hiv3=0,alcool=0,ppl=0,tipores3=0  encerra2=0",69,1.19125379761627,0.784090909090909,0.116751269035533,NA,NA,NA,NA,NA,NA,NA,NA
"1386","fxet3=1,alcool=0,comdrogas=0,tipores3=0  encerra2=0",78,1.20922302082787,0.795918367346939,0.131979695431472,NA,NA,NA,NA,NA,NA,NA,NA
"1387","alcool=0,comdrogas=0,ppl=0,tipores3=0  encerra2=0",83,1.21250247182124,0.798076923076923,0.140439932318105,NA,NA,NA,NA,NA,NA,NA,NA
"1388","alcool=0,comdrogas=0,pdres5=1,tipores3=0  encerra2=0",83,1.21250247182124,0.798076923076923,0.140439932318105,NA,NA,NA,NA,NA,NA,NA,NA
"1389","alcool=0,ppl=0,pdres5=1,tipores3=0  encerra2=0",84,1.18166238217652,0.777777777777778,0.142131979695431,NA,NA,NA,NA,NA,NA,NA,NA
"1390","hiv3=0,comtabagis=0,comdrogas=0,tipores3=0  encerra2=0",63,1.19643316195373,0.7875,0.106598984771574,NA,NA,NA,NA,NA,NA,NA,NA
"1391","hiv3=0,comtabagis=0,ppl=0,tipores3=0  encerra2=0",68,1.17398924982473,0.772727272727273,0.115059221658206,NA,NA,NA,NA,NA,NA,NA,NA
"1392","comtabagis=0,ppl=0,pdres5=1,tipores3=0  encerra2=0",81,1.17201615864855,0.771428571428571,0.137055837563452,NA,NA,NA,NA,NA,NA,NA,NA
"1393","hiv3=0,comdiab=0,comdrogas=0,tipores3=0  encerra2=0",59,1.19516709511568,0.786666666666667,0.0998307952622673,NA,NA,NA,NA,NA,NA,NA,NA
"1394","comdrogas=0,ppl=0,pdres5=1,tipores3=0  encerra2=0",94,1.20010369186235,0.789915966386555,0.159052453468697,NA,NA,NA,NA,NA,NA,NA,NA
"1395","mumigual=1,alcool=1,comdiab=0,bilateral=0  encerra2=0",19,1.37458685273595,0.904761904761905,0.0321489001692047,NA,NA,NA,NA,NA,NA,NA,NA
"1396","raca3=1,escol4=1,alcool=1,bilateral=0  encerra2=0",24,1.21542416452442,0.8,0.0406091370558376,NA,NA,NA,NA,NA,NA,NA,NA
"1397","raca3=1,alcool=1,cavitacao=1,bilateral=0  encerra2=0",22,1.23793201942302,0.814814814814815,0.0372250423011844,NA,NA,NA,NA,NA,NA,NA,NA
"1398","raca3=1,alcool=1,comdiab=0,bilateral=0  encerra2=0",27,1.24304744099089,0.818181818181818,0.0456852791878173,NA,NA,NA,NA,NA,NA,NA,NA
"1399","raca3=1,alcool=1,ppl=0,bilateral=0  encerra2=0",27,1.20648722213821,0.794117647058823,0.0456852791878173,NA,NA,NA,NA,NA,NA,NA,NA
"1400","raca3=1,alcool=1,pdres5=1,bilateral=0  encerra2=0",27,1.20648722213821,0.794117647058823,0.0456852791878173,NA,NA,NA,NA,NA,NA,NA,NA
"1401","escol4=1,alcool=1,cavitacao=1,bilateral=0  encerra2=0",25,1.22522597230284,0.806451612903226,0.0423011844331641,NA,NA,NA,NA,NA,NA,NA,NA
"1402","escol4=1,alcool=1,comdrogas=0,bilateral=0  encerra2=0",26,1.23441516709512,0.8125,0.0439932318104907,NA,NA,NA,NA,NA,NA,NA,NA
"1403","escol4=1,alcool=1,comdiab=0,bilateral=0  encerra2=0",35,1.26606683804627,0.833333333333333,0.0592216582064298,NA,NA,NA,NA,NA,NA,NA,NA
"1404","escol4=1,alcool=1,ppl=0,bilateral=0  encerra2=0",35,1.23662342320799,0.813953488372093,0.0592216582064298,NA,NA,NA,NA,NA,NA,NA,NA
"1405","escol4=1,alcool=1,pdres5=1,bilateral=0  encerra2=0",35,1.23662342320799,0.813953488372093,0.0592216582064298,NA,NA,NA,NA,NA,NA,NA,NA
"1406","alcool=1,comdrogas=0,cavitacao=1,bilateral=0  encerra2=0",21,1.22711093533716,0.807692307692308,0.0355329949238579,NA,NA,NA,NA,NA,NA,NA,NA
"1407","alcool=1,comdiab=0,cavitacao=1,bilateral=0  encerra2=0",29,1.25883217040029,0.828571428571429,0.0490693739424704,NA,NA,NA,NA,NA,NA,NA,NA
"1408","alcool=1,comdiab=0,comdrogas=0,bilateral=0  encerra2=0",30,1.26606683804627,0.833333333333333,0.050761421319797,NA,NA,NA,NA,NA,NA,NA,NA
"1409","alcool=1,comdrogas=0,pdres5=1,bilateral=0  encerra2=0",30,1.23184881539637,0.810810810810811,0.050761421319797,NA,NA,NA,NA,NA,NA,NA,NA
"1410","alcool=1,comdiab=0,ppl=0,bilateral=0  encerra2=0",40,1.26606683804627,0.833333333333333,0.0676818950930626,NA,NA,NA,NA,NA,NA,NA,NA
"1411","alcool=1,ppl=0,pdres5=1,bilateral=0  encerra2=0",40,1.21542416452442,0.8,0.0676818950930626,NA,NA,NA,NA,NA,NA,NA,NA
"1412","sexo2=1,raca3=1,mumigual=1,alcool=1  encerra2=0",24,1.17621693341073,0.774193548387097,0.0406091370558376,NA,NA,NA,NA,NA,NA,NA,NA
"1413","raca3=1,mumigual=1,hiv3=0,alcool=1  encerra2=0",23,1.20494637000266,0.793103448275862,0.038917089678511,NA,NA,NA,NA,NA,NA,NA,NA
"1414","raca3=1,mumigual=1,alcool=1,cavitacao=1  encerra2=0",23,1.12720789451862,0.741935483870968,0.038917089678511,NA,NA,NA,NA,NA,NA,NA,NA
"1415","escol4=1,mumigual=1,hiv3=0,alcool=1  encerra2=0",35,1.13137887655199,0.74468085106383,0.0592216582064298,NA,NA,NA,NA,NA,NA,NA,NA
"1416","sexo2=1,mumigual=1,hiv3=0,alcool=1  encerra2=0",37,1.14721158386234,0.755102040816326,0.0626057529610829,NA,NA,NA,NA,NA,NA,NA,NA
"1417","mumigual=1,hiv3=0,alcool=1,comdiab=0  encerra2=0",39,1.13946015424165,0.75,0.065989847715736,NA,NA,NA,NA,NA,NA,NA,NA
"1418","fxet3=1,mumigual=1,hiv3=0,alcool=1  encerra2=0",37,1.14721158386234,0.755102040816326,0.0626057529610829,NA,NA,NA,NA,NA,NA,NA,NA
"1419","sexo2=0,escol4=0,mumigual=0,bilateral=0  encerra2=0",27,1.36735218508997,0.9,0.0456852791878173,NA,NA,NA,NA,NA,NA,NA,NA
"1420","sexo2=0,escol4=0,hiv3=0,bilateral=0  encerra2=0",28,1.37225308897919,0.903225806451613,0.0473773265651438,NA,NA,NA,NA,NA,NA,NA,NA
"1421","sexo2=0,escol4=0,cavitacao=1,bilateral=0  encerra2=0",26,1.41076019096585,0.928571428571429,0.0439932318104907,NA,NA,NA,NA,NA,NA,NA,NA
"1422","sexo2=0,raca3=0,escol4=0,mumigual=0  encerra2=0",28,1.41799485861183,0.933333333333333,0.0473773265651438,NA,NA,NA,NA,NA,NA,NA,NA
"1423","sexo2=0,raca3=0,escol4=0,bilateral=1  encerra2=0",20,1.44693352919574,0.952380952380952,0.0338409475465313,NA,NA,NA,NA,NA,NA,NA,NA
"1424","sexo2=0,raca3=0,escol4=0,hiv3=0  encerra2=0",33,1.43246419390378,0.942857142857143,0.0558375634517767,NA,NA,NA,NA,NA,NA,NA,NA
"1425","sexo2=0,raca3=0,escol4=0,cavitacao=1  encerra2=0",32,1.42991078179344,0.941176470588235,0.0541455160744501,NA,NA,NA,NA,NA,NA,NA,NA
"1426","sexo2=0,escol4=0,mumigual=1,comdiab=0  encerra2=0",19,1.31210563215705,0.863636363636364,0.0321489001692047,NA,NA,NA,NA,NA,NA,NA,NA
"1427","raca3=0,escol4=0,mumigual=0,bilateral=0  encerra2=0",27,1.32324405008707,0.870967741935484,0.0456852791878173,NA,NA,NA,NA,NA,NA,NA,NA
"1428","raca3=0,escol4=0,alcool=0,bilateral=0  encerra2=0",31,1.30826906598115,0.861111111111111,0.0524534686971235,NA,NA,NA,NA,NA,NA,NA,NA
"1429","raca3=0,escol4=0,comtabagis=0,bilateral=0  encerra2=0",29,1.2958566460003,0.852941176470588,0.0490693739424704,NA,NA,NA,NA,NA,NA,NA,NA
"1430","raca3=0,escol4=0,hiv3=0,bilateral=0  encerra2=0",28,1.28908623510166,0.848484848484849,0.0473773265651438,NA,NA,NA,NA,NA,NA,NA,NA
"1431","raca3=0,escol4=0,cavitacao=1,bilateral=0  encerra2=0",22,1.33696658097686,0.88,0.0372250423011844,NA,NA,NA,NA,NA,NA,NA,NA
"1432","raca3=0,escol4=0,comdrogas=0,bilateral=0  encerra2=0",31,1.30826906598115,0.861111111111111,0.0524534686971235,NA,NA,NA,NA,NA,NA,NA,NA
"1433","raca3=0,escol4=0,comdiab=0,bilateral=0  encerra2=0",31,1.34564818215204,0.885714285714286,0.0524534686971235,NA,NA,NA,NA,NA,NA,NA,NA
"1434","raca3=0,fxet3=1,escol4=0,bilateral=0  encerra2=0",33,1.35503369693601,0.891891891891892,0.0558375634517767,NA,NA,NA,NA,NA,NA,NA,NA
"1435","escol4=0,mumigual=0,alcool=0,bilateral=0  encerra2=0",41,1.2712344577934,0.836734693877551,0.0693739424703892,NA,NA,NA,NA,NA,NA,NA,NA
"1436","escol4=0,mumigual=0,comtabagis=0,bilateral=0  encerra2=0",40,1.24022873931063,0.816326530612245,0.0676818950930626,NA,NA,NA,NA,NA,NA,NA,NA
"1437","escol4=0,mumigual=0,hiv3=0,bilateral=0  encerra2=0",40,1.24022873931063,0.816326530612245,0.0676818950930626,NA,NA,NA,NA,NA,NA,NA,NA
"1438","escol4=0,mumigual=0,cavitacao=1,bilateral=0  encerra2=0",31,1.34564818215204,0.885714285714286,0.0524534686971235,NA,NA,NA,NA,NA,NA,NA,NA
"1439","escol4=0,mumigual=0,comdiab=0,bilateral=0  encerra2=0",40,1.24022873931063,0.816326530612245,0.0676818950930626,NA,NA,NA,NA,NA,NA,NA,NA
"1440","fxet3=1,escol4=0,mumigual=0,bilateral=0  encerra2=0",44,1.31075154997732,0.862745098039216,0.0744500846023689,NA,NA,NA,NA,NA,NA,NA,NA
"1441","escol4=0,alcool=0,comtabagis=0,bilateral=0  encerra2=0",49,1.28352982891588,0.844827586206897,0.0829103214890017,NA,NA,NA,NA,NA,NA,NA,NA
"1442","escol4=0,alcool=0,cavitacao=1,bilateral=0  encerra2=0",38,1.31210563215705,0.863636363636364,0.0642978003384095,NA,NA,NA,NA,NA,NA,NA,NA
"1443","fxet3=1,escol4=0,alcool=0,bilateral=0  encerra2=0",52,1.31670951156812,0.866666666666667,0.0879864636209814,NA,NA,NA,NA,NA,NA,NA,NA
"1444","escol4=0,comtabagis=0,cavitacao=1,bilateral=0  encerra2=0",37,1.30728761881987,0.86046511627907,0.0626057529610829,NA,NA,NA,NA,NA,NA,NA,NA
"1445","escol4=0,comtabagis=0,comdrogas=0,bilateral=0  encerra2=0",50,1.24531164397994,0.819672131147541,0.0846023688663283,NA,NA,NA,NA,NA,NA,NA,NA
"1446","escol4=0,comdiab=0,comtabagis=0,bilateral=0  encerra2=0",47,1.25273981869842,0.824561403508772,0.0795262267343486,NA,NA,NA,NA,NA,NA,NA,NA
"1447","fxet3=1,escol4=0,comtabagis=0,bilateral=0  encerra2=0",52,1.27423501119496,0.838709677419355,0.0879864636209814,NA,NA,NA,NA,NA,NA,NA,NA
"1448","escol4=0,comdrogas=0,cavitacao=1,bilateral=0  encerra2=0",41,1.2712344577934,0.836734693877551,0.0693739424703892,NA,NA,NA,NA,NA,NA,NA,NA
"1449","escol4=0,comdiab=0,cavitacao=1,bilateral=0  encerra2=0",39,1.2606793195865,0.829787234042553,0.065989847715736,NA,NA,NA,NA,NA,NA,NA,NA
"1450","fxet3=1,escol4=0,cavitacao=1,bilateral=0  encerra2=0",42,1.30224017627617,0.857142857142857,0.0710659898477157,NA,NA,NA,NA,NA,NA,NA,NA
"1451","fxet3=1,escol4=0,comdrogas=0,bilateral=0  encerra2=0",55,1.28554478940083,0.846153846153846,0.0930626057529611,NA,NA,NA,NA,NA,NA,NA,NA
"1452","fxet3=1,escol4=0,comdiab=0,bilateral=0  encerra2=0",52,1.29512410973914,0.852459016393443,0.0879864636209814,NA,NA,NA,NA,NA,NA,NA,NA
"1453","raca3=0,escol4=0,mumigual=0,alcool=0  encerra2=0",55,1.3263557350961,0.873015873015873,0.0930626057529611,NA,NA,NA,NA,NA,NA,NA,NA
"1454","raca3=0,escol4=0,mumigual=0,comtabagis=0  encerra2=0",49,1.2617750860529,0.830508474576271,0.0829103214890017,NA,NA,NA,NA,NA,NA,NA,NA
"1455","raca3=0,escol4=0,mumigual=0,cavitacao=1  encerra2=0",40,1.26606683804627,0.833333333333333,0.0676818950930626,NA,NA,NA,NA,NA,NA,NA,NA
"1456","raca3=0,escol4=0,mumigual=0,comdrogas=0  encerra2=0",52,1.31670951156812,0.866666666666667,0.0879864636209814,NA,NA,NA,NA,NA,NA,NA,NA
"1457","raca3=0,fxet3=1,escol4=0,mumigual=0  encerra2=0",55,1.26606683804627,0.833333333333333,0.0930626057529611,NA,NA,NA,NA,NA,NA,NA,NA
"1458","raca3=0,escol4=0,mumigual=0,ppl=0  encerra2=0",55,1.26606683804627,0.833333333333333,0.0930626057529611,NA,NA,NA,NA,NA,NA,NA,NA
"1459","raca3=0,escol4=0,alcool=0,comtabagis=0  encerra2=0",73,1.30479358838651,0.858823529411765,0.123519458544839,NA,NA,NA,NA,NA,NA,NA,NA
"1460","raca3=0,escol4=0,hiv3=0,alcool=0  encerra2=0",65,1.29938438641591,0.855263157894737,0.109983079526227,NA,NA,NA,NA,NA,NA,NA,NA
"1461","raca3=0,escol4=0,alcool=0,cavitacao=1  encerra2=0",60,1.30224017627617,0.857142857142857,0.101522842639594,NA,NA,NA,NA,NA,NA,NA,NA
"1462","raca3=0,escol4=0,alcool=0,comdrogas=0  encerra2=0",76,1.31210563215705,0.863636363636364,0.128595600676819,NA,NA,NA,NA,NA,NA,NA,NA
"1463","raca3=0,escol4=0,alcool=0,comdiab=0  encerra2=0",67,1.30502274075539,0.858974358974359,0.11336717428088,NA,NA,NA,NA,NA,NA,NA,NA
"1464","raca3=0,fxet3=1,escol4=0,alcool=0  encerra2=0",78,1.33150400046215,0.876404494382023,0.131979695431472,NA,NA,NA,NA,NA,NA,NA,NA
"1465","raca3=0,escol4=0,alcool=0,ppl=0  encerra2=0",80,1.3069077037897,0.860215053763441,0.135363790186125,NA,NA,NA,NA,NA,NA,NA,NA
"1466","raca3=0,escol4=0,hiv3=0,comtabagis=0  encerra2=0",61,1.23568123393316,0.813333333333333,0.10321489001692,NA,NA,NA,NA,NA,NA,NA,NA
"1467","raca3=0,escol4=0,comtabagis=0,comdrogas=0  encerra2=0",70,1.28132065537213,0.843373493975904,0.11844331641286,NA,NA,NA,NA,NA,NA,NA,NA
"1468","raca3=0,escol4=0,comdiab=0,comtabagis=0  encerra2=0",62,1.2559383033419,0.826666666666667,0.104906937394247,NA,NA,NA,NA,NA,NA,NA,NA
"1469","raca3=0,escol4=0,hiv3=0,comdrogas=0  encerra2=0",64,1.29645244215938,0.853333333333333,0.1082910321489,NA,NA,NA,NA,NA,NA,NA,NA
"1470","raca3=0,escol4=0,hiv3=0,ppl=0  encerra2=0",68,1.22989349981638,0.80952380952381,0.115059221658206,NA,NA,NA,NA,NA,NA,NA,NA
"1471","raca3=0,escol4=0,comdiab=0,comdrogas=0  encerra2=0",65,1.29938438641591,0.855263157894737,0.109983079526227,NA,NA,NA,NA,NA,NA,NA,NA
"1472","raca3=0,fxet3=1,escol4=0,comdiab=0  encerra2=0",68,1.25989090225092,0.829268292682927,0.115059221658206,NA,NA,NA,NA,NA,NA,NA,NA
"1473","raca3=0,escol4=0,comdiab=0,ppl=0  encerra2=0",70,1.25117193406926,0.823529411764706,0.11844331641286,NA,NA,NA,NA,NA,NA,NA,NA
"1474","raca3=0,fxet3=1,escol4=0,ppl=0  encerra2=0",81,1.25573159855202,0.826530612244898,0.137055837563452,NA,NA,NA,NA,NA,NA,NA,NA
"1475","escol4=0,mumigual=1,hiv3=0,bilateral=1  encerra2=0",27,1.20648722213821,0.794117647058823,0.0456852791878173,NA,NA,NA,NA,NA,NA,NA,NA
"1476","escol4=0,mumigual=1,comdrogas=0,bilateral=1  encerra2=0",38,1.1782173023451,0.775510204081633,0.0642978003384095,NA,NA,NA,NA,NA,NA,NA,NA
"1477","escol4=0,mumigual=1,comdiab=0,bilateral=1  encerra2=0",34,1.17398924982473,0.772727272727273,0.0575296108291032,NA,NA,NA,NA,NA,NA,NA,NA
"1478","escol4=0,mumigual=1,hiv3=0,comtabagis=0  encerra2=0",33,1.19372016158649,0.785714285714286,0.0558375634517767,NA,NA,NA,NA,NA,NA,NA,NA
"1479","escol4=0,mumigual=1,comdiab=0,comtabagis=0  encerra2=0",41,1.22138212611523,0.803921568627451,0.0693739424703892,NA,NA,NA,NA,NA,NA,NA,NA
"1480","escol4=0,mumigual=1,hiv3=0,cavitacao=1  encerra2=0",32,1.15754682335659,0.761904761904762,0.0541455160744501,NA,NA,NA,NA,NA,NA,NA,NA
"1481","escol4=0,mumigual=1,hiv3=0,comdrogas=0  encerra2=0",36,1.18900190007824,0.782608695652174,0.0609137055837563,NA,NA,NA,NA,NA,NA,NA,NA
"1482","fxet3=1,escol4=0,mumigual=1,hiv3=0  encerra2=0",37,1.19602909806924,0.787234042553192,0.0626057529610829,NA,NA,NA,NA,NA,NA,NA,NA
"1483","escol4=0,mumigual=1,comdiab=0,comdrogas=0  encerra2=0",43,1.20979720079977,0.796296296296296,0.0727580372250423,NA,NA,NA,NA,NA,NA,NA,NA
"1484","fxet3=1,escol4=0,mumigual=1,comdrogas=0  encerra2=0",48,1.21542416452442,0.8,0.0812182741116751,NA,NA,NA,NA,NA,NA,NA,NA
"1485","fxet3=1,escol4=0,mumigual=1,comdiab=0  encerra2=0",44,1.19372016158649,0.785714285714286,0.0744500846023689,NA,NA,NA,NA,NA,NA,NA,NA
"1486","escol4=0,mumigual=0,alcool=0,comtabagis=0  encerra2=0",82,1.233475018453,0.811881188118812,0.138747884940778,NA,NA,NA,NA,NA,NA,NA,NA
"1487","escol4=0,mumigual=0,alcool=0,cavitacao=1  encerra2=0",65,1.23441516709512,0.8125,0.109983079526227,NA,NA,NA,NA,NA,NA,NA,NA
"1488","escol4=0,mumigual=0,alcool=0,comdrogas=0  encerra2=0",85,1.22989349981638,0.80952380952381,0.143824027072758,NA,NA,NA,NA,NA,NA,NA,NA
"1489","fxet3=1,escol4=0,mumigual=0,alcool=0  encerra2=0",88,1.24950147754847,0.822429906542056,0.148900169204738,NA,NA,NA,NA,NA,NA,NA,NA
"1490","escol4=0,mumigual=0,alcool=0,ppl=0  encerra2=0",89,1.22923580275765,0.809090909090909,0.150592216582064,NA,NA,NA,NA,NA,NA,NA,NA
"1491","escol4=0,mumigual=0,comtabagis=0,comdrogas=0  encerra2=0",82,1.19789400830532,0.788461538461538,0.138747884940778,NA,NA,NA,NA,NA,NA,NA,NA
"1492","fxet3=1,escol4=0,mumigual=0,comtabagis=0  encerra2=0",83,1.17850707541503,0.775700934579439,0.140439932318105,NA,NA,NA,NA,NA,NA,NA,NA
"1493","escol4=0,mumigual=0,comdrogas=0,pdres5=1  encerra2=0",90,1.17875188369825,0.775862068965517,0.152284263959391,NA,NA,NA,NA,NA,NA,NA,NA
"1494","fxet3=1,escol4=0,mumigual=0,pdres5=1  encerra2=0",93,1.15813982890134,0.762295081967213,0.157360406091371,NA,NA,NA,NA,NA,NA,NA,NA
"1495","escol4=0,mumigual=0,ppl=0,pdres5=1  encerra2=0",94,1.14249871465296,0.752,0.159052453468697,NA,NA,NA,NA,NA,NA,NA,NA
"1496","escol4=0,hiv3=0,alcool=0,comtabagis=0  encerra2=0",104,1.22484605727267,0.806201550387597,0.175972927241963,NA,NA,NA,NA,NA,NA,NA,NA
"1497","escol4=0,alcool=0,comtabagis=0,cavitacao=1  encerra2=0",96,1.2256378129658,0.80672268907563,0.16243654822335,NA,NA,NA,NA,NA,NA,NA,NA
"1498","escol4=0,alcool=0,comtabagis=0,comdrogas=0  encerra2=0",122,1.22749791450314,0.80794701986755,0.206429780033841,NA,NA,NA,NA,NA,NA,NA,NA
"1499","escol4=0,alcool=0,comdiab=0,comtabagis=0  encerra2=0",107,1.22227806018903,0.804511278195489,0.181049069373942,NA,NA,NA,NA,NA,NA,NA,NA
"1500","fxet3=1,escol4=0,alcool=0,comtabagis=0  encerra2=0",123,1.23755937281874,0.814569536423841,0.208121827411168,NA,NA,NA,NA,NA,NA,NA,NA
"1501","escol4=0,hiv3=0,alcool=0,cavitacao=1  encerra2=0",88,1.21542416452442,0.8,0.148900169204738,NA,NA,NA,NA,NA,NA,NA,NA
"1502","escol4=0,hiv3=0,alcool=0,comdrogas=0  encerra2=0",108,1.20648722213821,0.794117647058823,0.182741116751269,NA,NA,NA,NA,NA,NA,NA,NA
"1503","fxet3=1,escol4=0,hiv3=0,alcool=0  encerra2=0",109,1.23583240609293,0.813432835820896,0.184433164128596,NA,NA,NA,NA,NA,NA,NA,NA
"1504","escol4=0,hiv3=0,alcool=0,ppl=0  encerra2=0",111,1.20457216305545,0.792857142857143,0.187817258883249,NA,NA,NA,NA,NA,NA,NA,NA
"1505","escol4=0,alcool=0,ppl=0,cavitacao=1  encerra2=0",103,1.20373739371169,0.792307692307692,0.174280879864636,NA,NA,NA,NA,NA,NA,NA,NA
"1506","fxet3=1,escol4=0,alcool=0,comdrogas=0  encerra2=0",127,1.24482958785969,0.819354838709677,0.214890016920474,NA,NA,NA,NA,NA,NA,NA,NA
"1507","fxet3=1,escol4=0,alcool=0,ppl=0  encerra2=0",133,1.23965808191525,0.815950920245399,0.225042301184433,NA,NA,NA,NA,NA,NA,NA,NA
"1508","escol4=0,hiv3=0,comtabagis=0,comdrogas=0  encerra2=0",105,1.199431741307,0.789473684210526,0.177664974619289,NA,NA,NA,NA,NA,NA,NA,NA
"1509","escol4=0,comdiab=0,comtabagis=0,comdrogas=0  encerra2=0",105,1.199431741307,0.789473684210526,0.177664974619289,NA,NA,NA,NA,NA,NA,NA,NA
"1510","fxet3=1,escol4=0,comtabagis=0,comdrogas=0  encerra2=0",122,1.21145219013055,0.797385620915033,0.206429780033841,NA,NA,NA,NA,NA,NA,NA,NA
"1511","fxet3=1,escol4=0,comdiab=0,comtabagis=0  encerra2=0",108,1.17201615864855,0.771428571428571,0.182741116751269,NA,NA,NA,NA,NA,NA,NA,NA
"1512","fxet3=1,escol4=0,comdrogas=0,pdres5=1  encerra2=0",136,1.20831642087223,0.795321637426901,0.230118443316413,NA,NA,NA,NA,NA,NA,NA,NA
"1513","fxet3=1,escol4=0,ppl=0,pdres5=1  encerra2=0",143,1.16180251020717,0.764705882352941,0.241962774957699,NA,NA,NA,NA,NA,NA,NA,NA
"1514","sexo2=0,raca3=0,hiv3=0,bilateral=0  encerra2=0",27,1.36735218508997,0.9,0.0456852791878173,NA,NA,NA,NA,NA,NA,NA,NA
"1515","sexo2=0,raca3=0,cavitacao=1,bilateral=0  encerra2=0",26,1.36211328782909,0.896551724137931,0.0439932318104907,NA,NA,NA,NA,NA,NA,NA,NA
"1516","sexo2=0,raca3=0,comdrogas=0,bilateral=0  encerra2=0",34,1.35935597348126,0.894736842105263,0.0575296108291032,NA,NA,NA,NA,NA,NA,NA,NA
"1517","sexo2=0,raca3=0,pdres5=1,bilateral=0  encerra2=0",34,1.35935597348126,0.894736842105263,0.0575296108291032,NA,NA,NA,NA,NA,NA,NA,NA
"1518","sexo2=0,mumigual=0,bilateral=0,tipores3=1  encerra2=0",31,1.23941279935056,0.815789473684211,0.0524534686971235,NA,NA,NA,NA,NA,NA,NA,NA
"1519","sexo2=0,mumigual=0,cavitacao=1,bilateral=0  encerra2=0",38,1.28294772922022,0.844444444444444,0.0642978003384095,NA,NA,NA,NA,NA,NA,NA,NA
"1520","sexo2=0,mumigual=0,comdrogas=0,bilateral=0  encerra2=0",50,1.24531164397994,0.819672131147541,0.0846023688663283,NA,NA,NA,NA,NA,NA,NA,NA
"1521","sexo2=0,fxet3=1,mumigual=0,bilateral=0  encerra2=0",49,1.24074550128535,0.816666666666667,0.0829103214890017,NA,NA,NA,NA,NA,NA,NA,NA
"1522","sexo2=0,hiv3=0,comtabagis=0,bilateral=0  encerra2=0",44,1.15255739739385,0.758620689655172,0.0744500846023689,NA,NA,NA,NA,NA,NA,NA,NA
"1523","sexo2=0,comtabagis=0,cavitacao=1,bilateral=0  encerra2=0",42,1.18166238217652,0.777777777777778,0.0710659898477157,NA,NA,NA,NA,NA,NA,NA,NA
"1524","sexo2=0,hiv3=0,cavitacao=1,bilateral=0  encerra2=0",38,1.1782173023451,0.775510204081633,0.0642978003384095,NA,NA,NA,NA,NA,NA,NA,NA
"1525","sexo2=0,hiv3=0,comdrogas=0,bilateral=0  encerra2=0",48,1.19549917822074,0.786885245901639,0.0812182741116751,NA,NA,NA,NA,NA,NA,NA,NA
"1526","sexo2=0,fxet3=1,hiv3=0,bilateral=0  encerra2=0",46,1.16478149100257,0.766666666666667,0.077834179357022,NA,NA,NA,NA,NA,NA,NA,NA
"1527","sexo2=0,comdrogas=0,cavitacao=1,bilateral=0  encerra2=0",47,1.21027406213237,0.796610169491525,0.0795262267343486,NA,NA,NA,NA,NA,NA,NA,NA
"1528","sexo2=0,fxet3=1,cavitacao=1,bilateral=0  encerra2=0",45,1.17875188369825,0.775862068965517,0.0761421319796954,NA,NA,NA,NA,NA,NA,NA,NA
"1529","sexo2=0,pdres5=1,cavitacao=1,bilateral=0  encerra2=0",47,1.1901028277635,0.783333333333333,0.0795262267343486,NA,NA,NA,NA,NA,NA,NA,NA
"1530","sexo2=0,fxet3=1,comdrogas=0,bilateral=0  encerra2=0",61,1.20358561746737,0.792207792207792,0.10321489001692,NA,NA,NA,NA,NA,NA,NA,NA
"1531","sexo2=0,comdrogas=0,pdres5=1,bilateral=0  encerra2=0",64,1.20041892792535,0.790123456790123,0.1082910321489,NA,NA,NA,NA,NA,NA,NA,NA
"1532","sexo2=0,fxet3=1,pdres5=1,bilateral=0  encerra2=0",61,1.17311509550617,0.772151898734177,0.10321489001692,NA,NA,NA,NA,NA,NA,NA,NA
"1533","sexo2=0,raca3=0,mumigual=0,hiv3=0  encerra2=0",36,1.36735218508997,0.9,0.0609137055837563,NA,NA,NA,NA,NA,NA,NA,NA
"1534","sexo2=0,raca3=0,mumigual=0,cavitacao=1  encerra2=0",34,1.2913881748072,0.85,0.0575296108291032,NA,NA,NA,NA,NA,NA,NA,NA
"1535","sexo2=0,raca3=0,mumigual=0,comdrogas=0  encerra2=0",39,1.31670951156812,0.866666666666667,0.065989847715736,NA,NA,NA,NA,NA,NA,NA,NA
"1536","sexo2=0,raca3=0,mumigual=0,comdiab=0  encerra2=0",34,1.2913881748072,0.85,0.0575296108291032,NA,NA,NA,NA,NA,NA,NA,NA
"1537","sexo2=0,raca3=0,fxet3=1,mumigual=0  encerra2=0",41,1.32532954110376,0.872340425531915,0.0693739424703892,NA,NA,NA,NA,NA,NA,NA,NA
"1538","sexo2=0,raca3=0,hiv3=0,comdrogas=0  encerra2=0",50,1.33270193478555,0.87719298245614,0.0846023688663283,NA,NA,NA,NA,NA,NA,NA,NA
"1539","sexo2=0,raca3=0,fxet3=1,hiv3=0  encerra2=0",50,1.28752559801316,0.847457627118644,0.0846023688663283,NA,NA,NA,NA,NA,NA,NA,NA
"1540","sexo2=0,raca3=0,comdiab=0,comdrogas=0  encerra2=0",47,1.27511017260375,0.839285714285714,0.0795262267343486,NA,NA,NA,NA,NA,NA,NA,NA
"1541","sexo2=0,raca3=0,fxet3=1,comdrogas=0  encerra2=0",59,1.299094668604,0.855072463768116,0.0998307952622673,NA,NA,NA,NA,NA,NA,NA,NA
"1542","sexo2=0,raca3=0,comdrogas=0,pdres5=1  encerra2=0",60,1.2838987653427,0.845070422535211,0.101522842639594,NA,NA,NA,NA,NA,NA,NA,NA
"1543","sexo2=0,raca3=0,fxet3=1,pdres5=1  encerra2=0",61,1.25237962898631,0.824324324324324,0.10321489001692,NA,NA,NA,NA,NA,NA,NA,NA
"1544","sexo2=0,mumigual=0,hiv3=0,comdrogas=0  encerra2=0",66,1.11413881748072,0.733333333333333,0.111675126903553,NA,NA,NA,NA,NA,NA,NA,NA
"1545","sexo2=0,mumigual=0,hiv3=0,comdiab=0  encerra2=0",54,1.10866393385674,0.72972972972973,0.0913705583756345,NA,NA,NA,NA,NA,NA,NA,NA
"1546","sexo2=0,fxet3=1,mumigual=0,hiv3=0  encerra2=0",65,1.10958666705179,0.730337078651685,0.109983079526227,NA,NA,NA,NA,NA,NA,NA,NA
"1547","sexo2=0,mumigual=0,hiv3=0,pdres5=1  encerra2=0",69,1.10347720200244,0.726315789473684,0.116751269035533,NA,NA,NA,NA,NA,NA,NA,NA
"1548","sexo2=0,fxet3=1,hiv3=0,comdrogas=0  encerra2=0",93,1.1213734851267,0.738095238095238,0.157360406091371,NA,NA,NA,NA,NA,NA,NA,NA
"1549","raca3=0,mumigual=1,comdrogas=0,bilateral=0  encerra2=0",19,1.2550575611937,0.826086956521739,0.0321489001692047,NA,NA,NA,NA,NA,NA,NA,NA
"1550","raca3=0,mumigual=0,alcool=0,bilateral=0  encerra2=0",39,1.20922302082787,0.795918367346939,0.065989847715736,NA,NA,NA,NA,NA,NA,NA,NA
"1551","raca3=0,mumigual=0,comtabagis=0,bilateral=0  encerra2=0",32,1.21542416452442,0.8,0.0541455160744501,NA,NA,NA,NA,NA,NA,NA,NA
"1552","raca3=0,mumigual=0,hiv3=0,bilateral=0  encerra2=0",36,1.18900190007824,0.782608695652174,0.0609137055837563,NA,NA,NA,NA,NA,NA,NA,NA
"1553","raca3=0,mumigual=0,cavitacao=1,bilateral=0  encerra2=0",32,1.24658888669171,0.82051282051282,0.0541455160744501,NA,NA,NA,NA,NA,NA,NA,NA
"1554","raca3=0,fxet3=1,mumigual=0,bilateral=0  encerra2=0",42,1.22711093533716,0.807692307692308,0.0710659898477157,NA,NA,NA,NA,NA,NA,NA,NA
"1555","raca3=0,alcool=0,comtabagis=0,bilateral=0  encerra2=0",44,1.15255739739385,0.758620689655172,0.0744500846023689,NA,NA,NA,NA,NA,NA,NA,NA
"1556","raca3=0,hiv3=0,alcool=0,bilateral=0  encerra2=0",43,1.16659015791407,0.767857142857143,0.0727580372250423,NA,NA,NA,NA,NA,NA,NA,NA
"1557","raca3=0,alcool=0,cavitacao=1,bilateral=0  encerra2=0",38,1.1782173023451,0.775510204081633,0.0642978003384095,NA,NA,NA,NA,NA,NA,NA,NA
"1558","raca3=0,fxet3=1,alcool=0,bilateral=0  encerra2=0",50,1.16867708127348,0.769230769230769,0.0846023688663283,NA,NA,NA,NA,NA,NA,NA,NA
"1559","raca3=0,hiv3=0,bilateral=0,tipores3=1  encerra2=0",35,1.15597406952051,0.760869565217391,0.0592216582064298,NA,NA,NA,NA,NA,NA,NA,NA
"1560","raca3=0,cavitacao=1,bilateral=0,tipores3=1  encerra2=0",29,1.15945068326343,0.763157894736842,0.0490693739424704,NA,NA,NA,NA,NA,NA,NA,NA
"1561","raca3=0,hiv3=0,comtabagis=0,bilateral=0  encerra2=0",41,1.17529223456371,0.773584905660377,0.0693739424703892,NA,NA,NA,NA,NA,NA,NA,NA
"1562","raca3=0,comtabagis=0,cavitacao=1,bilateral=0  encerra2=0",33,1.1659592275961,0.767441860465116,0.0558375634517767,NA,NA,NA,NA,NA,NA,NA,NA
"1563","raca3=0,comtabagis=0,ppl=0,bilateral=0  encerra2=0",48,1.15754682335659,0.761904761904762,0.0812182741116751,NA,NA,NA,NA,NA,NA,NA,NA
"1564","raca3=0,comtabagis=0,pdres5=1,bilateral=0  encerra2=0",49,1.16319890745501,0.765625,0.0829103214890017,NA,NA,NA,NA,NA,NA,NA,NA
"1565","raca3=0,hiv3=0,comdrogas=0,bilateral=0  encerra2=0",48,1.23602457409263,0.813559322033898,0.0812182741116751,NA,NA,NA,NA,NA,NA,NA,NA
"1566","raca3=0,fxet3=1,hiv3=0,bilateral=0  encerra2=0",51,1.19205062289895,0.784615384615385,0.0862944162436548,NA,NA,NA,NA,NA,NA,NA,NA
"1567","raca3=0,comdrogas=0,cavitacao=1,bilateral=0  encerra2=0",41,1.24580976863753,0.82,0.0693739424703892,NA,NA,NA,NA,NA,NA,NA,NA
"1568","raca3=0,ppl=0,cavitacao=1,bilateral=0  encerra2=0",43,1.14612366391557,0.754385964912281,0.0727580372250423,NA,NA,NA,NA,NA,NA,NA,NA
"1569","raca3=0,pdres5=1,cavitacao=1,bilateral=0  encerra2=0",45,1.15877303821184,0.76271186440678,0.0761421319796954,NA,NA,NA,NA,NA,NA,NA,NA
"1570","raca3=0,comdrogas=0,pdres5=1,bilateral=0  encerra2=0",59,1.24496572407883,0.819444444444444,0.0998307952622673,NA,NA,NA,NA,NA,NA,NA,NA
"1571","raca3=0,fxet3=1,ppl=0,bilateral=0  encerra2=0",60,1.16867708127348,0.769230769230769,0.101522842639594,NA,NA,NA,NA,NA,NA,NA,NA
"1572","raca3=0,fxet3=1,pdres5=1,bilateral=0  encerra2=0",62,1.17744215938303,0.775,0.104906937394247,NA,NA,NA,NA,NA,NA,NA,NA
"1573","raca3=0,ppl=0,pdres5=1,bilateral=0  encerra2=0",63,1.15318858983492,0.759036144578313,0.106598984771574,NA,NA,NA,NA,NA,NA,NA,NA
"1574","raca3=1,escol4=1,mumigual=1,bilateral=0  encerra2=0",27,1.10866393385674,0.72972972972973,0.0456852791878173,NA,NA,NA,NA,NA,NA,NA,NA
"1575","sexo2=1,raca3=1,mumigual=1,bilateral=0  encerra2=0",28,1.21542416452442,0.8,0.0473773265651438,NA,NA,NA,NA,NA,NA,NA,NA
"1576","raca3=1,mumigual=1,comtabagis=0,bilateral=0  encerra2=0",27,1.10866393385674,0.72972972972973,0.0456852791878173,NA,NA,NA,NA,NA,NA,NA,NA
"1577","raca3=1,mumigual=1,hiv3=0,bilateral=0  encerra2=0",27,1.13946015424165,0.75,0.0456852791878173,NA,NA,NA,NA,NA,NA,NA,NA
"1578","raca3=1,mumigual=1,cavitacao=1,bilateral=0  encerra2=0",26,1.12860815277268,0.742857142857143,0.0439932318104907,NA,NA,NA,NA,NA,NA,NA,NA
"1579","escol4=1,mumigual=1,hiv3=0,bilateral=0  encerra2=0",33,1.13946015424165,0.75,0.0558375634517767,NA,NA,NA,NA,NA,NA,NA,NA
"1580","escol4=1,mumigual=1,comdrogas=0,bilateral=0  encerra2=0",37,1.1711118251928,0.770833333333333,0.0626057529610829,NA,NA,NA,NA,NA,NA,NA,NA
"1581","sexo2=1,mumigual=1,comtabagis=0,bilateral=0  encerra2=0",32,1.15754682335659,0.761904761904762,0.0541455160744501,NA,NA,NA,NA,NA,NA,NA,NA
"1582","sexo2=1,mumigual=1,hiv3=0,bilateral=0  encerra2=0",36,1.18900190007824,0.782608695652174,0.0609137055837563,NA,NA,NA,NA,NA,NA,NA,NA
"1583","sexo2=1,mumigual=1,comdrogas=0,bilateral=0  encerra2=0",35,1.23662342320799,0.813953488372093,0.0592216582064298,NA,NA,NA,NA,NA,NA,NA,NA
"1584","sexo2=1,mumigual=1,ppl=0,bilateral=0  encerra2=0",40,1.14662657030606,0.754716981132076,0.0676818950930626,NA,NA,NA,NA,NA,NA,NA,NA
"1585","mumigual=1,hiv3=0,comtabagis=0,bilateral=0  encerra2=0",35,1.13137887655199,0.74468085106383,0.0592216582064298,NA,NA,NA,NA,NA,NA,NA,NA
"1586","mumigual=1,hiv3=0,comdrogas=0,bilateral=0  encerra2=0",37,1.19602909806924,0.787234042553192,0.0626057529610829,NA,NA,NA,NA,NA,NA,NA,NA
"1587","mumigual=1,hiv3=0,comdiab=0,bilateral=0  encerra2=0",36,1.11620586537957,0.73469387755102,0.0609137055837563,NA,NA,NA,NA,NA,NA,NA,NA
"1588","fxet3=1,mumigual=1,comdrogas=0,bilateral=0  encerra2=0",43,1.16659015791407,0.767857142857143,0.0727580372250423,NA,NA,NA,NA,NA,NA,NA,NA
"1589","mumigual=1,comdrogas=0,pdres5=1,bilateral=0  encerra2=0",49,1.18166238217652,0.777777777777778,0.0829103214890017,NA,NA,NA,NA,NA,NA,NA,NA
"1590","mumigual=0,hiv3=0,alcool=0,bilateral=0  encerra2=0",68,1.11087154822125,0.731182795698925,0.115059221658206,NA,NA,NA,NA,NA,NA,NA,NA
"1591","mumigual=0,alcool=0,cavitacao=1,bilateral=0  encerra2=0",59,1.13465230548957,0.746835443037975,0.0998307952622673,NA,NA,NA,NA,NA,NA,NA,NA
"1592","fxet3=1,mumigual=0,alcool=0,bilateral=0  encerra2=0",79,1.14307748806463,0.752380952380952,0.133671742808799,NA,NA,NA,NA,NA,NA,NA,NA
"1593","mumigual=0,alcool=0,ppl=0,bilateral=0  encerra2=0",78,1.11796090604841,0.735849056603774,0.131979695431472,NA,NA,NA,NA,NA,NA,NA,NA
"1594","mumigual=0,comtabagis=0,cavitacao=1,bilateral=0  encerra2=0",60,1.15388370049787,0.759493670886076,0.101522842639594,NA,NA,NA,NA,NA,NA,NA,NA
"1595","mumigual=0,comtabagis=0,ppl=0,bilateral=0  encerra2=0",79,1.12171155370829,0.738317757009346,0.133671742808799,NA,NA,NA,NA,NA,NA,NA,NA
"1596","mumigual=0,comtabagis=0,pdres5=1,bilateral=0  encerra2=0",82,1.11233015056923,0.732142857142857,0.138747884940778,NA,NA,NA,NA,NA,NA,NA,NA
"1597","fxet3=1,mumigual=0,hiv3=0,bilateral=0  encerra2=0",78,1.11796090604841,0.735849056603774,0.131979695431472,NA,NA,NA,NA,NA,NA,NA,NA
"1598","fxet3=1,mumigual=0,cavitacao=1,bilateral=0  encerra2=0",72,1.12771314234225,0.742268041237113,0.121827411167513,NA,NA,NA,NA,NA,NA,NA,NA
"1599","mumigual=0,ppl=0,cavitacao=1,bilateral=0  encerra2=0",72,1.15145447165472,0.757894736842105,0.121827411167513,NA,NA,NA,NA,NA,NA,NA,NA
"1600","mumigual=0,pdres5=1,cavitacao=1,bilateral=0  encerra2=0",76,1.13201270225314,0.745098039215686,0.128595600676819,NA,NA,NA,NA,NA,NA,NA,NA
"1601","fxet3=1,mumigual=0,ppl=0,bilateral=0  encerra2=0",91,1.13323359602175,0.745901639344262,0.153976311336717,NA,NA,NA,NA,NA,NA,NA,NA
"1602","fxet3=1,mumigual=0,pdres5=1,bilateral=0  encerra2=0",94,1.11572140102828,0.734375,0.159052453468697,NA,NA,NA,NA,NA,NA,NA,NA
"1603","mumigual=0,ppl=0,pdres5=1,bilateral=0  encerra2=0",98,1.11946962521986,0.736842105263158,0.165820642978003,NA,NA,NA,NA,NA,NA,NA,NA
"1604","sexo2=1,raca3=1,escol4=1,bilateral=0  encerra2=0",53,1.13411057605272,0.746478873239437,0.089678510998308,NA,NA,NA,NA,NA,NA,NA,NA
"1605","sexo2=1,raca3=1,comtabagis=0,bilateral=0  encerra2=0",50,1.10092768525763,0.72463768115942,0.0846023688663283,NA,NA,NA,NA,NA,NA,NA,NA
"1606","sexo2=1,raca3=1,hiv3=0,bilateral=0  encerra2=0",52,1.11271226329701,0.732394366197183,0.0879864636209814,NA,NA,NA,NA,NA,NA,NA,NA
"1607","sexo2=1,raca3=1,cavitacao=1,bilateral=0  encerra2=0",49,1.11111537428539,0.73134328358209,0.0829103214890017,NA,NA,NA,NA,NA,NA,NA,NA
"1608","sexo2=1,raca3=1,ppl=0,bilateral=0  encerra2=0",60,1.12539274493002,0.740740740740741,0.101522842639594,NA,NA,NA,NA,NA,NA,NA,NA
"1609","sexo2=1,raca3=1,pdres5=1,bilateral=0  encerra2=0",63,1.10016842478504,0.724137931034483,0.106598984771574,NA,NA,NA,NA,NA,NA,NA,NA
"1610","hiv3=0,alcool=0,comtabagis=0,bilateral=0  encerra2=0",87,1.12972117856437,0.743589743589744,0.147208121827411,NA,NA,NA,NA,NA,NA,NA,NA
"1611","fxet3=1,alcool=0,comtabagis=0,bilateral=0  encerra2=0",100,1.10092768525763,0.72463768115942,0.169204737732657,NA,NA,NA,NA,NA,NA,NA,NA
"1612","fxet3=1,hiv3=0,alcool=0,bilateral=0  encerra2=0",89,1.12679948586118,0.741666666666667,0.150592216582064,NA,NA,NA,NA,NA,NA,NA,NA
"1613","fxet3=1,alcool=0,comdrogas=0,bilateral=0  encerra2=0",104,1.13672763588615,0.748201438848921,0.175972927241963,NA,NA,NA,NA,NA,NA,NA,NA
"1614","hiv3=0,comtabagis=0,cavitacao=1,bilateral=0  encerra2=0",76,1.1546529562982,0.76,0.128595600676819,NA,NA,NA,NA,NA,NA,NA,NA
"1615","hiv3=0,comtabagis=0,comdrogas=0,bilateral=0  encerra2=0",92,1.13637218634397,0.747967479674797,0.155668358714044,NA,NA,NA,NA,NA,NA,NA,NA
"1616","fxet3=1,hiv3=0,comtabagis=0,bilateral=0  encerra2=0",96,1.13062712979016,0.744186046511628,0.16243654822335,NA,NA,NA,NA,NA,NA,NA,NA
"1617","hiv3=0,comtabagis=0,ppl=0,bilateral=0  encerra2=0",100,1.12539274493002,0.740740740740741,0.169204737732657,NA,NA,NA,NA,NA,NA,NA,NA
"1618","hiv3=0,comtabagis=0,pdres5=1,bilateral=0  encerra2=0",102,1.12294623896278,0.739130434782609,0.17258883248731,NA,NA,NA,NA,NA,NA,NA,NA
"1619","comtabagis=0,comdrogas=0,cavitacao=1,bilateral=0  encerra2=0",83,1.1568830923799,0.761467889908257,0.140439932318105,NA,NA,NA,NA,NA,NA,NA,NA
"1620","comtabagis=0,ppl=0,cavitacao=1,bilateral=0  encerra2=0",88,1.15255739739385,0.758620689655172,0.148900169204738,NA,NA,NA,NA,NA,NA,NA,NA
"1621","comtabagis=0,pdres5=1,cavitacao=1,bilateral=0  encerra2=0",93,1.14872405793467,0.75609756097561,0.157360406091371,NA,NA,NA,NA,NA,NA,NA,NA
"1622","comtabagis=0,ppl=0,pdres5=1,bilateral=0  encerra2=0",121,1.1209323468556,0.73780487804878,0.204737732656514,NA,NA,NA,NA,NA,NA,NA,NA
"1623","hiv3=0,comdrogas=0,cavitacao=1,bilateral=0  encerra2=0",83,1.1568830923799,0.761467889908257,0.140439932318105,NA,NA,NA,NA,NA,NA,NA,NA
"1624","hiv3=0,comdiab=0,cavitacao=1,bilateral=0  encerra2=0",82,1.11233015056923,0.732142857142857,0.138747884940778,NA,NA,NA,NA,NA,NA,NA,NA
"1625","fxet3=1,hiv3=0,cavitacao=1,bilateral=0  encerra2=0",90,1.12078047958195,0.737704918032787,0.152284263959391,NA,NA,NA,NA,NA,NA,NA,NA
"1626","fxet3=1,hiv3=0,comdrogas=0,bilateral=0  encerra2=0",102,1.16516226298394,0.766917293233083,0.17258883248731,NA,NA,NA,NA,NA,NA,NA,NA
"1627","hiv3=0,comdrogas=0,pdres5=1,bilateral=0  encerra2=0",111,1.13946015424165,0.75,0.187817258883249,NA,NA,NA,NA,NA,NA,NA,NA
"1628","fxet3=1,hiv3=0,comdiab=0,bilateral=0  encerra2=0",100,1.11711779827612,0.735294117647059,0.169204737732657,NA,NA,NA,NA,NA,NA,NA,NA
"1629","hiv3=0,comdiab=0,ppl=0,bilateral=0  encerra2=0",104,1.11271226329701,0.732394366197183,0.175972927241963,NA,NA,NA,NA,NA,NA,NA,NA
"1630","fxet3=1,hiv3=0,ppl=0,bilateral=0  encerra2=0",112,1.12688333134715,0.741721854304636,0.189509306260575,NA,NA,NA,NA,NA,NA,NA,NA
"1631","fxet3=1,hiv3=0,pdres5=1,bilateral=0  encerra2=0",115,1.11998220288709,0.737179487179487,0.194585448392555,NA,NA,NA,NA,NA,NA,NA,NA
"1632","fxet3=1,comdrogas=0,cavitacao=1,bilateral=0  encerra2=0",93,1.15813982890134,0.762295081967213,0.157360406091371,NA,NA,NA,NA,NA,NA,NA,NA
"1633","comdrogas=0,ppl=0,cavitacao=1,bilateral=0  encerra2=0",95,1.14548904394663,0.753968253968254,0.160744500846024,NA,NA,NA,NA,NA,NA,NA,NA
"1634","comdrogas=0,pdres5=1,cavitacao=1,bilateral=0  encerra2=0",100,1.15975588217979,0.763358778625954,0.169204737732657,NA,NA,NA,NA,NA,NA,NA,NA
"1635","comdiab=0,ppl=0,cavitacao=1,bilateral=0  encerra2=0",93,1.1213734851267,0.738095238095238,0.157360406091371,NA,NA,NA,NA,NA,NA,NA,NA
"1636","fxet3=1,ppl=0,cavitacao=1,bilateral=0  encerra2=0",102,1.13114292683842,0.744525547445255,0.17258883248731,NA,NA,NA,NA,NA,NA,NA,NA
"1637","fxet3=1,pdres5=1,cavitacao=1,bilateral=0  encerra2=0",108,1.12385111103286,0.73972602739726,0.182741116751269,NA,NA,NA,NA,NA,NA,NA,NA
"1638","ppl=0,pdres5=1,cavitacao=1,bilateral=0  encerra2=0",109,1.13425713983872,0.746575342465753,0.184433164128596,NA,NA,NA,NA,NA,NA,NA,NA
"1639","fxet3=1,comdrogas=0,ppl=0,bilateral=0  encerra2=0",122,1.13712996987714,0.748466257668712,0.206429780033841,NA,NA,NA,NA,NA,NA,NA,NA
"1640","fxet3=1,comdrogas=0,pdres5=1,bilateral=0  encerra2=0",126,1.1462832689377,0.754491017964072,0.213197969543147,NA,NA,NA,NA,NA,NA,NA,NA
"1641","comdrogas=0,ppl=0,pdres5=1,bilateral=0  encerra2=0",135,1.13316479427346,0.74585635359116,0.228426395939086,NA,NA,NA,NA,NA,NA,NA,NA
"1642","fxet3=1,ppl=0,pdres5=1,bilateral=0  encerra2=0",138,1.12118004481531,0.737967914438503,0.233502538071066,NA,NA,NA,NA,NA,NA,NA,NA
"1643","raca3=0,mumigual=1,alcool=0,bilateral=1  encerra2=0",41,1.13255433512503,0.745454545454545,0.0693739424703892,NA,NA,NA,NA,NA,NA,NA,NA
"1644","raca3=0,mumigual=1,alcool=0,comdrogas=0  encerra2=0",53,1.18414486617269,0.779411764705882,0.089678510998308,NA,NA,NA,NA,NA,NA,NA,NA
"1645","raca3=0,mumigual=1,hiv3=0,comdrogas=0  encerra2=0",51,1.17398924982473,0.772727272727273,0.0862944162436548,NA,NA,NA,NA,NA,NA,NA,NA
"1646","raca3=0,mumigual=1,comdrogas=0,pdres5=1  encerra2=0",67,1.14372779526877,0.752808988764045,0.11336717428088,NA,NA,NA,NA,NA,NA,NA,NA
"1647","raca3=0,mumigual=0,alcool=0,comtabagis=0  encerra2=0",65,1.10958666705179,0.730337078651685,0.109983079526227,NA,NA,NA,NA,NA,NA,NA,NA
"1648","raca3=0,mumigual=0,hiv3=0,alcool=0  encerra2=0",66,1.15255739739385,0.758620689655172,0.111675126903553,NA,NA,NA,NA,NA,NA,NA,NA
"1649","raca3=0,mumigual=0,alcool=0,cavitacao=1  encerra2=0",61,1.13019625054862,0.74390243902439,0.10321489001692,NA,NA,NA,NA,NA,NA,NA,NA
"1650","raca3=0,fxet3=1,mumigual=0,alcool=0  encerra2=0",76,1.13201270225314,0.745098039215686,0.128595600676819,NA,NA,NA,NA,NA,NA,NA,NA
"1651","raca3=0,mumigual=0,alcool=0,ppl=0  encerra2=0",77,1.11413881748072,0.733333333333333,0.130287648054146,NA,NA,NA,NA,NA,NA,NA,NA
"1652","raca3=0,mumigual=0,alcool=0,pdres5=1  encerra2=0",79,1.12171155370829,0.738317757009346,0.133671742808799,NA,NA,NA,NA,NA,NA,NA,NA
"1653","raca3=0,mumigual=0,hiv3=0,comtabagis=0  encerra2=0",56,1.10493105865857,0.727272727272727,0.0947546531302876,NA,NA,NA,NA,NA,NA,NA,NA
"1654","raca3=0,fxet3=1,mumigual=0,comtabagis=0  encerra2=0",65,1.10958666705179,0.730337078651685,0.109983079526227,NA,NA,NA,NA,NA,NA,NA,NA
"1655","raca3=0,mumigual=0,hiv3=0,comdiab=0  encerra2=0",58,1.10147814910026,0.725,0.0981387478849408,NA,NA,NA,NA,NA,NA,NA,NA
"1656","raca3=0,fxet3=1,mumigual=0,hiv3=0  encerra2=0",71,1.12363431876607,0.739583333333333,0.120135363790186,NA,NA,NA,NA,NA,NA,NA,NA
"1657","raca3=0,mumigual=0,comdrogas=0,cavitacao=1  encerra2=0",58,1.14439288218209,0.753246753246753,0.0981387478849408,NA,NA,NA,NA,NA,NA,NA,NA
"1658","raca3=0,mumigual=0,comdiab=0,comdrogas=0  encerra2=0",58,1.14439288218209,0.753246753246753,0.0981387478849408,NA,NA,NA,NA,NA,NA,NA,NA
"1659","raca3=0,fxet3=1,mumigual=0,comdrogas=0  encerra2=0",72,1.16370398731062,0.765957446808511,0.121827411167513,NA,NA,NA,NA,NA,NA,NA,NA
"1660","raca3=0,mumigual=0,comdrogas=0,ppl=0  encerra2=0",75,1.12817837053628,0.742574257425743,0.126903553299492,NA,NA,NA,NA,NA,NA,NA,NA
"1661","raca3=0,hiv3=0,alcool=0,comtabagis=0  encerra2=0",88,1.13302252625158,0.745762711864407,0.148900169204738,NA,NA,NA,NA,NA,NA,NA,NA
"1662","raca3=0,fxet3=1,alcool=0,comtabagis=0  encerra2=0",104,1.11271226329701,0.732394366197183,0.175972927241963,NA,NA,NA,NA,NA,NA,NA,NA
"1663","raca3=0,alcool=0,comtabagis=0,ppl=0  encerra2=0",110,1.11413881748072,0.733333333333333,0.186125211505922,NA,NA,NA,NA,NA,NA,NA,NA
"1664","raca3=0,alcool=0,comtabagis=0,pdres5=1  encerra2=0",113,1.12946488973075,0.743421052631579,0.191201353637902,NA,NA,NA,NA,NA,NA,NA,NA
"1665","raca3=0,hiv3=0,alcool=0,comdrogas=0  encerra2=0",98,1.19111568123393,0.784,0.165820642978003,NA,NA,NA,NA,NA,NA,NA,NA
"1666","raca3=0,fxet3=1,hiv3=0,alcool=0  encerra2=0",98,1.1365607645362,0.748091603053435,0.165820642978003,NA,NA,NA,NA,NA,NA,NA,NA
"1667","raca3=0,hiv3=0,alcool=0,pdres5=1  encerra2=0",105,1.13137887655199,0.74468085106383,0.177664974619289,NA,NA,NA,NA,NA,NA,NA,NA
"1668","raca3=0,alcool=0,pdres5=1,cavitacao=1  encerra2=0",98,1.11111537428539,0.73134328358209,0.165820642978003,NA,NA,NA,NA,NA,NA,NA,NA
"1669","raca3=0,fxet3=1,alcool=0,comdrogas=0  encerra2=0",112,1.18992575547845,0.783216783216783,0.189509306260575,NA,NA,NA,NA,NA,NA,NA,NA
"1670","raca3=0,alcool=0,comdrogas=0,ppl=0  encerra2=0",120,1.16867708127348,0.769230769230769,0.203045685279188,NA,NA,NA,NA,NA,NA,NA,NA
"1671","raca3=0,alcool=0,comdrogas=0,pdres5=1  encerra2=0",123,1.18273079301032,0.778481012658228,0.208121827411168,NA,NA,NA,NA,NA,NA,NA,NA
"1672","raca3=0,fxet3=1,alcool=0,ppl=0  encerra2=0",117,1.1109736503856,0.73125,0.197969543147208,NA,NA,NA,NA,NA,NA,NA,NA
"1673","raca3=0,fxet3=1,alcool=0,pdres5=1  encerra2=0",122,1.12334657630287,0.739393939393939,0.206429780033841,NA,NA,NA,NA,NA,NA,NA,NA
"1674","raca3=0,alcool=0,ppl=0,pdres5=1  encerra2=0",128,1.11763141565464,0.735632183908046,0.2165820642978,NA,NA,NA,NA,NA,NA,NA,NA
"1675","raca3=0,comdiab=0,comtabagis=0,comdrogas=0  encerra2=0",84,1.12937643606252,0.743362831858407,0.142131979695431,NA,NA,NA,NA,NA,NA,NA,NA
"1676","raca3=0,comtabagis=0,comdrogas=0,ppl=0  encerra2=0",108,1.12385111103286,0.73972602739726,0.182741116751269,NA,NA,NA,NA,NA,NA,NA,NA
"1677","raca3=0,comtabagis=0,comdrogas=0,pdres5=1  encerra2=0",110,1.13687634436808,0.748299319727891,0.186125211505922,NA,NA,NA,NA,NA,NA,NA,NA
"1678","raca3=0,fxet3=1,hiv3=0,comdrogas=0  encerra2=0",107,1.19531604415545,0.786764705882353,0.181049069373942,NA,NA,NA,NA,NA,NA,NA,NA
"1679","raca3=0,hiv3=0,comdrogas=0,pdres5=1  encerra2=0",115,1.16478149100257,0.766666666666667,0.194585448392555,NA,NA,NA,NA,NA,NA,NA,NA
"1680","raca3=0,fxet3=1,hiv3=0,pdres5=1  encerra2=0",121,1.10742713785734,0.728915662650602,0.204737732656514,NA,NA,NA,NA,NA,NA,NA,NA
"1681","raca3=0,comdiab=0,comdrogas=0,ppl=0  encerra2=0",110,1.12919474744668,0.743243243243243,0.186125211505922,NA,NA,NA,NA,NA,NA,NA,NA
"1682","raca3=0,comdiab=0,comdrogas=0,pdres5=1  encerra2=0",112,1.14200928210348,0.751677852348993,0.189509306260575,NA,NA,NA,NA,NA,NA,NA,NA
"1683","raca3=0,fxet3=1,comdrogas=0,ppl=0  encerra2=0",127,1.15538075519911,0.760479041916168,0.214890016920474,NA,NA,NA,NA,NA,NA,NA,NA
"1684","raca3=0,fxet3=1,comdrogas=0,pdres5=1  encerra2=0",130,1.16867708127348,0.769230769230769,0.219966159052453,NA,NA,NA,NA,NA,NA,NA,NA
"1685","sexo2=1,raca3=1,escol4=1,mumigual=1  encerra2=0",58,1.12972117856437,0.743589743589744,0.0981387478849408,NA,NA,NA,NA,NA,NA,NA,NA
"1686","sexo2=1,raca3=1,mumigual=1,comtabagis=0  encerra2=0",52,1.14496479266793,0.753623188405797,0.0879864636209814,NA,NA,NA,NA,NA,NA,NA,NA
"1687","sexo2=1,raca3=1,mumigual=1,hiv3=0  encerra2=0",60,1.16867708127348,0.769230769230769,0.101522842639594,NA,NA,NA,NA,NA,NA,NA,NA
"1688","sexo2=1,raca3=1,mumigual=1,cavitacao=1  encerra2=0",56,1.13439588688946,0.746666666666667,0.0947546531302876,NA,NA,NA,NA,NA,NA,NA,NA
"1689","sexo2=1,raca3=1,mumigual=1,comdrogas=0  encerra2=0",58,1.15945068326343,0.763157894736842,0.0981387478849408,NA,NA,NA,NA,NA,NA,NA,NA
"1690","sexo2=1,raca3=1,fxet3=1,mumigual=1  encerra2=0",63,1.11296108088719,0.732558139534884,0.106598984771574,NA,NA,NA,NA,NA,NA,NA,NA
"1691","sexo2=1,raca3=1,mumigual=1,pdres5=1  encerra2=0",70,1.11946962521986,0.736842105263158,0.11844331641286,NA,NA,NA,NA,NA,NA,NA,NA
"1692","raca3=1,mumigual=1,hiv3=0,comtabagis=0  encerra2=0",60,1.12539274493002,0.740740740740741,0.101522842639594,NA,NA,NA,NA,NA,NA,NA,NA
"1693","raca3=1,mumigual=1,hiv3=0,cavitacao=1  encerra2=0",65,1.10958666705179,0.730337078651685,0.109983079526227,NA,NA,NA,NA,NA,NA,NA,NA
"1694","raca3=1,mumigual=1,hiv3=0,comdiab=0  encerra2=0",70,1.10780848329049,0.729166666666667,0.11844331641286,NA,NA,NA,NA,NA,NA,NA,NA
"1695","raca3=1,fxet3=1,mumigual=1,hiv3=0  encerra2=0",71,1.13546204843729,0.747368421052632,0.120135363790186,NA,NA,NA,NA,NA,NA,NA,NA
"1696","raca3=1,mumigual=1,hiv3=0,pdres5=1  encerra2=0",79,1.11132533561839,0.731481481481482,0.133671742808799,NA,NA,NA,NA,NA,NA,NA,NA
"1697","mumigual=1,alcool=0,comdrogas=0,bilateral=1  encerra2=0",85,1.13279664456772,0.745614035087719,0.143824027072758,NA,NA,NA,NA,NA,NA,NA,NA
"1698","sexo2=1,escol4=1,mumigual=1,hiv3=0  encerra2=0",80,1.13591043413497,0.747663551401869,0.135363790186125,NA,NA,NA,NA,NA,NA,NA,NA
"1699","sexo2=1,escol4=1,mumigual=1,comdrogas=0  encerra2=0",78,1.15052287418574,0.757281553398058,0.131979695431472,NA,NA,NA,NA,NA,NA,NA,NA
"1700","sexo2=1,mumigual=1,alcool=0,comtabagis=0  encerra2=0",75,1.13946015424165,0.75,0.126903553299492,NA,NA,NA,NA,NA,NA,NA,NA
"1701","sexo2=1,mumigual=1,alcool=0,comdrogas=0  encerra2=0",78,1.17330550535773,0.772277227722772,0.131979695431472,NA,NA,NA,NA,NA,NA,NA,NA
"1702","sexo2=1,mumigual=1,hiv3=0,comtabagis=0  encerra2=0",73,1.14337582487478,0.752577319587629,0.123519458544839,NA,NA,NA,NA,NA,NA,NA,NA
"1703","sexo2=1,mumigual=1,comtabagis=0,comdrogas=0  encerra2=0",78,1.15052287418574,0.757281553398058,0.131979695431472,NA,NA,NA,NA,NA,NA,NA,NA
"1704","sexo2=1,mumigual=1,hiv3=0,comdrogas=0  encerra2=0",85,1.1847597934011,0.779816513761468,0.143824027072758,NA,NA,NA,NA,NA,NA,NA,NA
"1705","sexo2=1,fxet3=1,mumigual=1,hiv3=0  encerra2=0",89,1.13626838910371,0.747899159663866,0.150592216582064,NA,NA,NA,NA,NA,NA,NA,NA
"1706","sexo2=1,mumigual=1,hiv3=0,pdres5=1  encerra2=0",101,1.12828897625888,0.742647058823529,0.170896785109983,NA,NA,NA,NA,NA,NA,NA,NA
"1707","sexo2=1,fxet3=1,mumigual=1,comdrogas=0  encerra2=0",89,1.15569178037044,0.760683760683761,0.150592216582064,NA,NA,NA,NA,NA,NA,NA,NA
"1708","sexo2=1,mumigual=1,comdrogas=0,pdres5=1  encerra2=0",104,1.14496479266793,0.753623188405797,0.175972927241963,NA,NA,NA,NA,NA,NA,NA,NA
"1709","mumigual=1,hiv3=0,alcool=0,comtabagis=0  encerra2=0",85,1.11326566793724,0.732758620689655,0.143824027072758,NA,NA,NA,NA,NA,NA,NA,NA
"1710","mumigual=1,hiv3=0,alcool=0,comdrogas=0  encerra2=0",92,1.14568671246154,0.754098360655738,0.155668358714044,NA,NA,NA,NA,NA,NA,NA,NA
"1711","mumigual=1,alcool=0,comdiab=0,comdrogas=0  encerra2=0",97,1.1249632057144,0.740458015267176,0.164128595600677,NA,NA,NA,NA,NA,NA,NA,NA
"1712","fxet3=1,mumigual=1,alcool=0,comdrogas=0  encerra2=0",106,1.14215391347153,0.75177304964539,0.179357021996616,NA,NA,NA,NA,NA,NA,NA,NA
"1713","mumigual=1,alcool=0,comdrogas=0,pdres5=1  encerra2=0",120,1.13238276197927,0.745341614906832,0.203045685279188,NA,NA,NA,NA,NA,NA,NA,NA
"1714","mumigual=1,hiv3=0,comtabagis=0,pdres5=1  encerra2=0",100,1.10092768525763,0.72463768115942,0.169204737732657,NA,NA,NA,NA,NA,NA,NA,NA
"1715","fxet3=1,mumigual=1,hiv3=0,comdrogas=0  encerra2=0",104,1.17914284618041,0.776119402985075,0.175972927241963,NA,NA,NA,NA,NA,NA,NA,NA
"1716","mumigual=1,hiv3=0,comdrogas=0,pdres5=1  encerra2=0",118,1.14919912991892,0.756410256410256,0.199661590524535,NA,NA,NA,NA,NA,NA,NA,NA
"1717","fxet3=1,mumigual=1,hiv3=0,pdres5=1  encerra2=0",120,1.11166844316258,0.731707317073171,0.203045685279188,NA,NA,NA,NA,NA,NA,NA,NA
"1718","fxet3=1,mumigual=1,comdrogas=0,pdres5=1  encerra2=0",132,1.12036305668452,0.737430167597765,0.223350253807107,NA,NA,NA,NA,NA,NA,NA,NA
"1719","sexo2=1,raca3=1,alcool=0,comtabagis=0  encerra2=0",95,1.11884976385485,0.736434108527132,0.160744500846024,NA,NA,NA,NA,NA,NA,NA,NA
"1720","sexo2=1,raca3=1,hiv3=0,alcool=0  encerra2=0",84,1.10973510673969,0.730434782608696,0.142131979695431,NA,NA,NA,NA,NA,NA,NA,NA
"1721","sexo2=1,raca3=1,hiv3=0,comtabagis=0  encerra2=0",99,1.10594662029336,0.727941176470588,0.16751269035533,NA,NA,NA,NA,NA,NA,NA,NA
"1722","sexo2=1,alcool=0,comtabagis=0,bilateral=1  encerra2=0",105,1.11555539576105,0.734265734265734,0.177664974619289,NA,NA,NA,NA,NA,NA,NA,NA
"1723","sexo2=1,alcool=0,comdrogas=0,bilateral=1  encerra2=0",107,1.13680406996602,0.748251748251748,0.181049069373942,NA,NA,NA,NA,NA,NA,NA,NA
"1724","alcool=0,comdiab=0,comdrogas=0,bilateral=1  encerra2=0",132,1.10189553377214,0.725274725274725,0.223350253807107,NA,NA,NA,NA,NA,NA,NA,NA
"1725","sexo2=1,hiv3=0,alcool=0,comtabagis=0  encerra2=0",127,1.1283543047851,0.742690058479532,0.214890016920474,NA,NA,NA,NA,NA,NA,NA,NA
"1726","sexo2=1,alcool=0,comtabagis=0,comdrogas=0  encerra2=0",146,1.13751235910619,0.748717948717949,0.247038917089679,NA,NA,NA,NA,NA,NA,NA,NA
"1727","sexo2=1,alcool=0,comtabagis=0,ppl=0  encerra2=0",149,1.10425732020816,0.726829268292683,0.252115059221658,NA,NA,NA,NA,NA,NA,NA,NA
"1728","sexo2=1,alcool=0,comtabagis=0,pdres5=1  encerra2=0",158,1.11649429066778,0.734883720930233,0.267343485617597,NA,NA,NA,NA,NA,NA,NA,NA
"1729","sexo2=1,hiv3=0,alcool=0,comdrogas=0  encerra2=0",126,1.11946962521986,0.736842105263158,0.213197969543147,NA,NA,NA,NA,NA,NA,NA,NA
"1730","sexo2=1,fxet3=1,alcool=0,comdrogas=0  encerra2=0",139,1.11147341361115,0.731578947368421,0.235194585448393,NA,NA,NA,NA,NA,NA,NA,NA
"1731","sexo2=1,alcool=0,comdrogas=0,pdres5=1  encerra2=0",158,1.11649429066778,0.734883720930233,0.267343485617597,NA,NA,NA,NA,NA,NA,NA,NA
"1732","hiv3=0,alcool=0,comtabagis=0,comdrogas=0  encerra2=0",196,1.11527685508795,0.734082397003745,0.331641285956007,NA,NA,NA,NA,NA,NA,NA,NA
"1733","hiv3=0,alcool=0,comtabagis=0,pdres5=1  encerra2=0",208,1.10108112465627,0.724738675958188,0.351945854483926,NA,NA,NA,NA,NA,NA,NA,NA
"1734","alcool=0,comtabagis=0,comdrogas=0,pdres5=1  encerra2=0",247,1.11024322720981,0.730769230769231,0.417935702199662,NA,NA,NA,NA,NA,NA,NA,NA
"1735","fxet3=1,hiv3=0,alcool=0,comdrogas=0  encerra2=0",196,1.13223924071667,0.745247148288973,0.331641285956007,NA,NA,NA,NA,NA,NA,NA,NA
"1736","hiv3=0,alcool=0,comdrogas=0,pdres5=1  encerra2=0",216,1.11620586537957,0.73469387755102,0.365482233502538,NA,NA,NA,NA,NA,NA,NA,NA
"1737","fxet3=1,alcool=0,comdrogas=0,pdres5=1  encerra2=0",247,1.11685181784796,0.735119047619048,0.417935702199662,NA,NA,NA,NA,NA,NA,NA,NA
"1738","fxet3=1,hiv3=0,comdrogas=0,pdres5=1  encerra2=0",241,1.11290738468991,0.732522796352584,0.407783417935702,NA,NA,NA,NA,NA,NA,NA,NA
"1739","raca3=1,fxet3=1,mumigual=0,comdrogas=0,ppl=0  encerra2=2",18,1.48908174692049,0.118421052631579,0.0304568527918782,NA,NA,NA,NA,NA,NA,NA,NA
"1740","raca3=1,fxet3=1,mumigual=0,comdrogas=0,pdres5=1  encerra2=2",18,1.48908174692049,0.118421052631579,0.0304568527918782,NA,NA,NA,NA,NA,NA,NA,NA
"1741","raca3=1,mumigual=0,comdrogas=0,ppl=0,pdres5=1  encerra2=2",19,1.43062810549115,0.11377245508982,0.0321489001692047,NA,NA,NA,NA,NA,NA,NA,NA
"1742","raca3=1,fxet3=1,mumigual=0,ppl=0,pdres5=1  encerra2=2",19,1.34980165885323,0.107344632768362,0.0321489001692047,NA,NA,NA,NA,NA,NA,NA,NA
"1743","fxet3=1,mumigual=0,ppl=0,cavitacao=1,bilateral=1  encerra2=2",19,1.5718085106383,0.125,0.0321489001692047,NA,NA,NA,NA,NA,NA,NA,NA
"1744","fxet3=1,mumigual=0,pdres5=1,cavitacao=1,bilateral=1  encerra2=2",19,1.58221783852332,0.125827814569536,0.0321489001692047,NA,NA,NA,NA,NA,NA,NA,NA
"1745","mumigual=0,ppl=0,pdres5=1,cavitacao=1,bilateral=1  encerra2=2",19,1.53150572831424,0.121794871794872,0.0321489001692047,NA,NA,NA,NA,NA,NA,NA,NA
"1746","fxet3=1,mumigual=0,comdrogas=0,ppl=0,bilateral=1  encerra2=2",18,1.66426783479349,0.132352941176471,0.0304568527918782,NA,NA,NA,NA,NA,NA,NA,NA
"1747","fxet3=1,mumigual=0,comdrogas=0,pdres5=1,bilateral=1  encerra2=2",18,1.70180771076628,0.135338345864662,0.0304568527918782,NA,NA,NA,NA,NA,NA,NA,NA
"1748","mumigual=0,comdrogas=0,ppl=0,pdres5=1,bilateral=1  encerra2=2",18,1.53973078593139,0.122448979591837,0.0304568527918782,NA,NA,NA,NA,NA,NA,NA,NA
"1749","fxet3=1,mumigual=0,ppl=0,pdres5=1,bilateral=1  encerra2=2",20,1.47069802164987,0.116959064327485,0.0338409475465313,NA,NA,NA,NA,NA,NA,NA,NA
"1750","mumigual=0,hiv3=0,alcool=0,comtabagis=0,comdrogas=0  encerra2=2",18,1.41462765957447,0.1125,0.0304568527918782,NA,NA,NA,NA,NA,NA,NA,NA
"1751","mumigual=0,hiv3=0,alcool=0,comtabagis=0,ppl=0  encerra2=2",19,1.40538172715895,0.111764705882353,0.0321489001692047,NA,NA,NA,NA,NA,NA,NA,NA
"1752","mumigual=0,hiv3=0,alcool=0,comtabagis=0,pdres5=1  encerra2=2",19,1.38101094576313,0.109826589595376,0.0321489001692047,NA,NA,NA,NA,NA,NA,NA,NA
"1753","mumigual=0,hiv3=0,alcool=0,comdrogas=0,ppl=0  encerra2=2",19,1.37307410124725,0.109195402298851,0.0321489001692047,NA,NA,NA,NA,NA,NA,NA,NA
"1754","mumigual=0,hiv3=0,alcool=0,comdrogas=0,pdres5=1  encerra2=2",19,1.37307410124725,0.109195402298851,0.0321489001692047,NA,NA,NA,NA,NA,NA,NA,NA
"1755","mumigual=0,hiv3=0,alcool=0,ppl=0,pdres5=1  encerra2=2",20,1.337709370756,0.106382978723404,0.0338409475465313,NA,NA,NA,NA,NA,NA,NA,NA
"1756","fxet3=1,mumigual=0,alcool=0,ppl=0,cavitacao=1  encerra2=2",18,1.27875946628201,0.101694915254237,0.0304568527918782,NA,NA,NA,NA,NA,NA,NA,NA
"1757","fxet3=1,mumigual=0,alcool=0,pdres5=1,cavitacao=1  encerra2=2",18,1.23683292640391,0.0983606557377049,0.0304568527918782,NA,NA,NA,NA,NA,NA,NA,NA
"1758","mumigual=0,alcool=0,ppl=0,pdres5=1,cavitacao=1  encerra2=2",18,1.24362871171382,0.0989010989010989,0.0304568527918782,NA,NA,NA,NA,NA,NA,NA,NA
"1759","mumigual=0,alcool=0,comdrogas=0,ppl=0,pdres5=1  encerra2=2",21,1.24558410276997,0.0990566037735849,0.0355329949238579,NA,NA,NA,NA,NA,NA,NA,NA
"1760","mumigual=0,comdrogas=0,ppl=0,pdres5=1,tipores3=1  encerra2=2",18,1.23683292640391,0.0983606557377049,0.0304568527918782,NA,NA,NA,NA,NA,NA,NA,NA
"1761","mumigual=0,hiv3=0,comtabagis=0,comdrogas=0,ppl=0  encerra2=2",20,1.41286158259622,0.112359550561798,0.0338409475465313,NA,NA,NA,NA,NA,NA,NA,NA
"1762","mumigual=0,hiv3=0,comtabagis=0,comdrogas=0,pdres5=1  encerra2=2",20,1.42084385142445,0.112994350282486,0.0338409475465313,NA,NA,NA,NA,NA,NA,NA,NA
"1763","mumigual=0,hiv3=0,comtabagis=0,ppl=0,pdres5=1  encerra2=2",21,1.33365570599613,0.106060606060606,0.0355329949238579,NA,NA,NA,NA,NA,NA,NA,NA
"1764","fxet3=1,mumigual=0,comtabagis=0,comdrogas=0,cavitacao=1  encerra2=2",18,1.39716312056738,0.111111111111111,0.0304568527918782,NA,NA,NA,NA,NA,NA,NA,NA
"1765","mumigual=0,comtabagis=0,comdrogas=0,ppl=0,cavitacao=1  encerra2=2",18,1.33929245876873,0.106508875739645,0.0304568527918782,NA,NA,NA,NA,NA,NA,NA,NA
"1766","mumigual=0,comtabagis=0,comdrogas=0,pdres5=1,cavitacao=1  encerra2=2",18,1.33141426783479,0.105882352941176,0.0304568527918782,NA,NA,NA,NA,NA,NA,NA,NA
"1767","fxet3=1,mumigual=0,comtabagis=0,ppl=0,cavitacao=1  encerra2=2",19,1.31271919569792,0.104395604395604,0.0321489001692047,NA,NA,NA,NA,NA,NA,NA,NA
"1768","fxet3=1,mumigual=0,comtabagis=0,pdres5=1,cavitacao=1  encerra2=2",19,1.2914318573893,0.102702702702703,0.0321489001692047,NA,NA,NA,NA,NA,NA,NA,NA
"1769","mumigual=0,comtabagis=0,ppl=0,pdres5=1,cavitacao=1  encerra2=2",19,1.26409996622763,0.100529100529101,0.0321489001692047,NA,NA,NA,NA,NA,NA,NA,NA
"1770","fxet3=1,mumigual=0,comtabagis=0,comdrogas=0,ppl=0  encerra2=2",21,1.34726443768997,0.107142857142857,0.0355329949238579,NA,NA,NA,NA,NA,NA,NA,NA
"1771","fxet3=1,mumigual=0,comtabagis=0,comdrogas=0,pdres5=1  encerra2=2",21,1.34042553191489,0.106598984771574,0.0355329949238579,NA,NA,NA,NA,NA,NA,NA,NA
"1772","mumigual=0,comtabagis=0,comdrogas=0,ppl=0,pdres5=1  encerra2=2",23,1.34517565561603,0.106976744186047,0.038917089678511,NA,NA,NA,NA,NA,NA,NA,NA
"1773","fxet3=1,mumigual=0,comtabagis=0,ppl=0,pdres5=1  encerra2=2",22,1.25175700394724,0.0995475113122172,0.0372250423011844,NA,NA,NA,NA,NA,NA,NA,NA
"1774","mumigual=0,hiv3=0,comdrogas=0,ppl=0,pdres5=1  encerra2=2",21,1.22820385947551,0.0976744186046512,0.0355329949238579,NA,NA,NA,NA,NA,NA,NA,NA
"1775","fxet3=1,mumigual=0,ppl=0,pdres5=1,cavitacao=1  encerra2=2",21,1.12367587143504,0.0893617021276596,0.0355329949238579,NA,NA,NA,NA,NA,NA,NA,NA
"1776","fxet3=1,mumigual=0,comdiab=0,comdrogas=0,ppl=0  encerra2=2",20,1.23279098873592,0.0980392156862745,0.0338409475465313,NA,NA,NA,NA,NA,NA,NA,NA
"1777","mumigual=0,comdiab=0,comdrogas=0,ppl=0,pdres5=1  encerra2=2",21,1.22820385947551,0.0976744186046512,0.0355329949238579,NA,NA,NA,NA,NA,NA,NA,NA
"1778","fxet3=1,mumigual=0,comdrogas=0,ppl=0,pdres5=1  encerra2=2",24,1.26270809222826,0.100418410041841,0.0406091370558376,NA,NA,NA,NA,NA,NA,NA,NA
"1779","raca3=1,hiv3=0,alcool=0,comdrogas=0,ppl=0  encerra2=2",19,1.41369759536699,0.112426035502959,0.0321489001692047,NA,NA,NA,NA,NA,NA,NA,NA
"1780","raca3=1,hiv3=0,alcool=0,comdrogas=0,pdres5=1  encerra2=2",19,1.40538172715895,0.111764705882353,0.0321489001692047,NA,NA,NA,NA,NA,NA,NA,NA
"1781","raca3=1,hiv3=0,alcool=0,ppl=0,pdres5=1  encerra2=2",19,1.31997178793934,0.104972375690608,0.0321489001692047,NA,NA,NA,NA,NA,NA,NA,NA
"1782","raca3=1,fxet3=1,alcool=0,comdrogas=0,ppl=0  encerra2=2",18,1.17885638297872,0.09375,0.0304568527918782,NA,NA,NA,NA,NA,NA,NA,NA
"1783","raca3=1,fxet3=1,alcool=0,comdrogas=0,pdres5=1  encerra2=2",18,1.1607201309329,0.0923076923076923,0.0304568527918782,NA,NA,NA,NA,NA,NA,NA,NA
"1784","raca3=1,alcool=0,comdrogas=0,ppl=0,pdres5=1  encerra2=2",20,1.18070122864849,0.0938967136150235,0.0338409475465313,NA,NA,NA,NA,NA,NA,NA,NA
"1785","raca3=1,fxet3=1,alcool=0,ppl=0,pdres5=1  encerra2=2",19,1.13768996960486,0.0904761904761905,0.0321489001692047,NA,NA,NA,NA,NA,NA,NA,NA
"1786","raca3=1,hiv3=0,comtabagis=0,comdrogas=0,ppl=0  encerra2=2",18,1.25744680851064,0.1,0.0304568527918782,NA,NA,NA,NA,NA,NA,NA,NA
"1787","raca3=1,hiv3=0,comtabagis=0,comdrogas=0,pdres5=1  encerra2=2",18,1.25744680851064,0.1,0.0304568527918782,NA,NA,NA,NA,NA,NA,NA,NA
"1788","raca3=1,fxet3=1,comtabagis=0,comdrogas=0,pdres5=1  encerra2=2",20,1.22082214418509,0.0970873786407767,0.0338409475465313,NA,NA,NA,NA,NA,NA,NA,NA
"1789","raca3=1,fxet3=1,hiv3=0,comdrogas=0,ppl=0  encerra2=2",19,1.22520458265139,0.0974358974358974,0.0321489001692047,NA,NA,NA,NA,NA,NA,NA,NA
"1790","raca3=1,fxet3=1,hiv3=0,comdrogas=0,pdres5=1  encerra2=2",19,1.23152007019083,0.0979381443298969,0.0321489001692047,NA,NA,NA,NA,NA,NA,NA,NA
"1791","raca3=1,hiv3=0,comdrogas=0,ppl=0,pdres5=1  encerra2=2",21,1.20577091227047,0.0958904109589041,0.0355329949238579,NA,NA,NA,NA,NA,NA,NA,NA
"1792","raca3=1,fxet3=1,comdrogas=0,pdres5=1,cavitacao=1  encerra2=2",19,1.15417823003392,0.0917874396135266,0.0321489001692047,NA,NA,NA,NA,NA,NA,NA,NA
"1793","raca3=1,fxet3=1,comdiab=0,comdrogas=0,ppl=0  encerra2=2",20,1.1483532497814,0.091324200913242,0.0338409475465313,NA,NA,NA,NA,NA,NA,NA,NA
"1794","raca3=1,fxet3=1,comdrogas=0,ppl=0,pdres5=1  encerra2=2",23,1.1709018864674,0.0931174089068826,0.038917089678511,NA,NA,NA,NA,NA,NA,NA,NA
"1795","alcool=0,ppl=0,pdres5=1,bilateral=1,tipores3=1  encerra2=2",21,1.30724668211502,0.103960396039604,0.0355329949238579,NA,NA,NA,NA,NA,NA,NA,NA
"1796","fxet3=1,hiv3=0,alcool=0,comtabagis=0,bilateral=1  encerra2=2",18,1.44165876134978,0.114649681528662,0.0304568527918782,NA,NA,NA,NA,NA,NA,NA,NA
"1797","fxet3=1,hiv3=0,alcool=0,cavitacao=1,bilateral=1  encerra2=2",19,1.6252713851498,0.129251700680272,0.0321489001692047,NA,NA,NA,NA,NA,NA,NA,NA
"1798","hiv3=0,alcool=0,ppl=0,cavitacao=1,bilateral=1  encerra2=2",19,1.50260939381774,0.119496855345912,0.0321489001692047,NA,NA,NA,NA,NA,NA,NA,NA
"1799","hiv3=0,alcool=0,pdres5=1,cavitacao=1,bilateral=1  encerra2=2",19,1.49321808510638,0.11875,0.0321489001692047,NA,NA,NA,NA,NA,NA,NA,NA
"1800","fxet3=1,hiv3=0,alcool=0,comdrogas=0,bilateral=1  encerra2=2",18,1.44165876134978,0.114649681528662,0.0304568527918782,NA,NA,NA,NA,NA,NA,NA,NA
"1801","hiv3=0,alcool=0,comdrogas=0,ppl=0,bilateral=1  encerra2=2",19,1.34980165885323,0.107344632768362,0.0321489001692047,NA,NA,NA,NA,NA,NA,NA,NA
"1802","hiv3=0,alcool=0,comdrogas=0,pdres5=1,bilateral=1  encerra2=2",19,1.35747098646035,0.107954545454545,0.0321489001692047,NA,NA,NA,NA,NA,NA,NA,NA
"1803","fxet3=1,hiv3=0,alcool=0,comdiab=0,bilateral=1  encerra2=2",18,1.52932719953997,0.121621621621622,0.0304568527918782,NA,NA,NA,NA,NA,NA,NA,NA
"1804","hiv3=0,alcool=0,comdiab=0,ppl=0,bilateral=1  encerra2=2",19,1.53150572831424,0.121794871794872,0.0321489001692047,NA,NA,NA,NA,NA,NA,NA,NA
"1805","hiv3=0,alcool=0,comdiab=0,pdres5=1,bilateral=1  encerra2=2",19,1.49321808510638,0.11875,0.0321489001692047,NA,NA,NA,NA,NA,NA,NA,NA
"1806","fxet3=1,hiv3=0,alcool=0,ppl=0,bilateral=1  encerra2=2",20,1.45369573238224,0.115606936416185,0.0338409475465313,NA,NA,NA,NA,NA,NA,NA,NA
"1807","fxet3=1,hiv3=0,alcool=0,pdres5=1,bilateral=1  encerra2=2",20,1.4370820668693,0.114285714285714,0.0338409475465313,NA,NA,NA,NA,NA,NA,NA,NA
"1808","hiv3=0,alcool=0,ppl=0,pdres5=1,bilateral=1  encerra2=2",21,1.37533244680851,0.109375,0.0355329949238579,NA,NA,NA,NA,NA,NA,NA,NA
"1809","fxet3=1,alcool=0,ppl=0,cavitacao=1,bilateral=1  encerra2=2",22,1.48730267673301,0.118279569892473,0.0372250423011844,NA,NA,NA,NA,NA,NA,NA,NA
"1810","fxet3=1,alcool=0,pdres5=1,cavitacao=1,bilateral=1  encerra2=2",22,1.48730267673301,0.118279569892473,0.0372250423011844,NA,NA,NA,NA,NA,NA,NA,NA
"1811","alcool=0,ppl=0,pdres5=1,cavitacao=1,bilateral=1  encerra2=2",23,1.43886948237536,0.114427860696517,0.038917089678511,NA,NA,NA,NA,NA,NA,NA,NA
"1812","alcool=0,comdiab=0,comdrogas=0,ppl=0,bilateral=1  encerra2=2",19,1.34980165885323,0.107344632768362,0.0321489001692047,NA,NA,NA,NA,NA,NA,NA,NA
"1813","alcool=0,comdiab=0,comdrogas=0,pdres5=1,bilateral=1  encerra2=2",19,1.33472007607274,0.106145251396648,0.0321489001692047,NA,NA,NA,NA,NA,NA,NA,NA
"1814","fxet3=1,alcool=0,comdiab=0,ppl=0,bilateral=1  encerra2=2",20,1.32362821948488,0.105263157894737,0.0338409475465313,NA,NA,NA,NA,NA,NA,NA,NA
"1815","alcool=0,comdiab=0,ppl=0,pdres5=1,bilateral=1  encerra2=2",21,1.30724668211502,0.103960396039604,0.0355329949238579,NA,NA,NA,NA,NA,NA,NA,NA
"1816","fxet3=1,alcool=0,ppl=0,pdres5=1,bilateral=1  encerra2=2",24,1.3533059822536,0.10762331838565,0.0406091370558376,NA,NA,NA,NA,NA,NA,NA,NA
"1817","hiv3=0,comdiab=0,ppl=0,bilateral=1,tipores3=1  encerra2=2",18,1.23011100832562,0.0978260869565217,0.0304568527918782,NA,NA,NA,NA,NA,NA,NA,NA
"1818","hiv3=0,comdiab=0,pdres5=1,bilateral=1,tipores3=1  encerra2=2",18,1.2168840082361,0.0967741935483871,0.0304568527918782,NA,NA,NA,NA,NA,NA,NA,NA
"1819","fxet3=1,hiv3=0,comdiab=0,comtabagis=0,bilateral=1  encerra2=2",18,1.46026080988332,0.116129032258065,0.0304568527918782,NA,NA,NA,NA,NA,NA,NA,NA
"1820","hiv3=0,comdiab=0,comtabagis=0,ppl=0,bilateral=1  encerra2=2",18,1.39716312056738,0.111111111111111,0.0304568527918782,NA,NA,NA,NA,NA,NA,NA,NA
"1821","hiv3=0,comdiab=0,comtabagis=0,pdres5=1,bilateral=1  encerra2=2",18,1.37176015473888,0.109090909090909,0.0304568527918782,NA,NA,NA,NA,NA,NA,NA,NA
"1822","fxet3=1,hiv3=0,comtabagis=0,ppl=0,bilateral=1  encerra2=2",21,1.44297174747122,0.114754098360656,0.0355329949238579,NA,NA,NA,NA,NA,NA,NA,NA
"1823","fxet3=1,hiv3=0,comtabagis=0,pdres5=1,bilateral=1  encerra2=2",21,1.43512950971323,0.114130434782609,0.0355329949238579,NA,NA,NA,NA,NA,NA,NA,NA
"1824","comdiab=0,comtabagis=0,comdrogas=0,cavitacao=1,bilateral=1  encerra2=2",20,1.72252987467211,0.136986301369863,0.0338409475465313,NA,NA,NA,NA,NA,NA,NA,NA
"1825","comtabagis=0,comdrogas=0,ppl=0,cavitacao=1,bilateral=1  encerra2=2",25,1.68107862100353,0.133689839572193,0.0423011844331641,NA,NA,NA,NA,NA,NA,NA,NA
"1826","comtabagis=0,comdrogas=0,pdres5=1,cavitacao=1,bilateral=1  encerra2=2",25,1.6992524439333,0.135135135135135,0.0423011844331641,NA,NA,NA,NA,NA,NA,NA,NA
"1827","fxet3=1,comdiab=0,comtabagis=0,cavitacao=1,bilateral=1  encerra2=2",22,1.6664957703153,0.132530120481928,0.0372250423011844,NA,NA,NA,NA,NA,NA,NA,NA
"1828","comdiab=0,comtabagis=0,ppl=0,cavitacao=1,bilateral=1  encerra2=2",22,1.58987527512839,0.126436781609195,0.0372250423011844,NA,NA,NA,NA,NA,NA,NA,NA
"1829","comdiab=0,comtabagis=0,pdres5=1,cavitacao=1,bilateral=1  encerra2=2",22,1.59906530562046,0.127167630057803,0.0372250423011844,NA,NA,NA,NA,NA,NA,NA,NA
"1830","fxet3=1,comtabagis=0,pdres5=1,cavitacao=1,bilateral=1  encerra2=2",26,1.67659574468085,0.133333333333333,0.0439932318104907,NA,NA,NA,NA,NA,NA,NA,NA
"1831","comtabagis=0,ppl=0,pdres5=1,cavitacao=1,bilateral=1  encerra2=2",27,1.59394665867546,0.126760563380282,0.0456852791878173,NA,NA,NA,NA,NA,NA,NA,NA
"1832","fxet3=1,comdiab=0,comtabagis=0,comdrogas=0,bilateral=1  encerra2=2",21,1.5907459625737,0.126506024096386,0.0355329949238579,NA,NA,NA,NA,NA,NA,NA,NA
"1833","comdiab=0,comtabagis=0,comdrogas=0,ppl=0,bilateral=1  encerra2=2",21,1.50036266924565,0.119318181818182,0.0355329949238579,NA,NA,NA,NA,NA,NA,NA,NA
"1834","comdiab=0,comtabagis=0,comdrogas=0,pdres5=1,bilateral=1  encerra2=2",21,1.48350466172603,0.117977528089888,0.0355329949238579,NA,NA,NA,NA,NA,NA,NA,NA
"1835","fxet3=1,comtabagis=0,comdrogas=0,pdres5=1,bilateral=1  encerra2=2",25,1.57970704586764,0.125628140703518,0.0423011844331641,NA,NA,NA,NA,NA,NA,NA,NA
"1836","comtabagis=0,comdrogas=0,ppl=0,pdres5=1,bilateral=1  encerra2=2",26,1.47268545140886,0.117117117117117,0.0439932318104907,NA,NA,NA,NA,NA,NA,NA,NA
"1837","fxet3=1,comdiab=0,comtabagis=0,ppl=0,bilateral=1  encerra2=2",23,1.44606382978723,0.115,0.038917089678511,NA,NA,NA,NA,NA,NA,NA,NA
"1838","fxet3=1,comdiab=0,comtabagis=0,pdres5=1,bilateral=1  encerra2=2",23,1.42469342836181,0.113300492610837,0.038917089678511,NA,NA,NA,NA,NA,NA,NA,NA
"1839","comdiab=0,comtabagis=0,ppl=0,pdres5=1,bilateral=1  encerra2=2",23,1.37067661591207,0.109004739336493,0.038917089678511,NA,NA,NA,NA,NA,NA,NA,NA
"1840","fxet3=1,comtabagis=0,ppl=0,pdres5=1,bilateral=1  encerra2=2",27,1.45712720299516,0.11587982832618,0.0456852791878173,NA,NA,NA,NA,NA,NA,NA,NA
"1841","fxet3=1,comdiab=0,comdrogas=0,cavitacao=1,bilateral=1  encerra2=2",22,1.54546535124213,0.122905027932961,0.0372250423011844,NA,NA,NA,NA,NA,NA,NA,NA
"1842","comdiab=0,comdrogas=0,ppl=0,cavitacao=1,bilateral=1  encerra2=2",22,1.44082446808511,0.114583333333333,0.0372250423011844,NA,NA,NA,NA,NA,NA,NA,NA
"1843","comdiab=0,comdrogas=0,pdres5=1,cavitacao=1,bilateral=1  encerra2=2",22,1.45599104143337,0.115789473684211,0.0372250423011844,NA,NA,NA,NA,NA,NA,NA,NA
"1844","fxet3=1,comdrogas=0,ppl=0,cavitacao=1,bilateral=1  encerra2=2",26,1.52773911314377,0.121495327102804,0.0439932318104907,NA,NA,NA,NA,NA,NA,NA,NA
"1845","fxet3=1,comdrogas=0,pdres5=1,cavitacao=1,bilateral=1  encerra2=2",26,1.54946052233538,0.123222748815166,0.0439932318104907,NA,NA,NA,NA,NA,NA,NA,NA
"1846","comdrogas=0,ppl=0,pdres5=1,cavitacao=1,bilateral=1  encerra2=2",27,1.44472612041648,0.114893617021277,0.0456852791878173,NA,NA,NA,NA,NA,NA,NA,NA
"1847","fxet3=1,ppl=0,pdres5=1,cavitacao=1,bilateral=1  encerra2=2",31,1.49926350245499,0.119230769230769,0.0524534686971235,NA,NA,NA,NA,NA,NA,NA,NA
"1848","fxet3=1,comdiab=0,comdrogas=0,ppl=0,bilateral=1  encerra2=2",24,1.40366155368629,0.111627906976744,0.0406091370558376,NA,NA,NA,NA,NA,NA,NA,NA
"1849","fxet3=1,comdiab=0,comdrogas=0,pdres5=1,bilateral=1  encerra2=2",24,1.39716312056738,0.111111111111111,0.0406091370558376,NA,NA,NA,NA,NA,NA,NA,NA
"1850","comdiab=0,comdrogas=0,ppl=0,pdres5=1,bilateral=1  encerra2=2",25,1.36087316938381,0.108225108225108,0.0423011844331641,NA,NA,NA,NA,NA,NA,NA,NA
"1851","fxet3=1,comdrogas=0,ppl=0,pdres5=1,bilateral=1  encerra2=2",28,1.39716312056738,0.111111111111111,0.0473773265651438,NA,NA,NA,NA,NA,NA,NA,NA
"1852","fxet3=1,escol4=1,comtabagis=0,comdrogas=0,ppl=0  encerra2=2",18,1.24362871171382,0.0989010989010989,0.0304568527918782,NA,NA,NA,NA,NA,NA,NA,NA
"1853","fxet3=1,escol4=1,comdiab=0,comdrogas=0,ppl=0  encerra2=2",19,1.13768996960486,0.0904761904761905,0.0321489001692047,NA,NA,NA,NA,NA,NA,NA,NA
"1854","hiv3=0,alcool=0,comdiab=0,comdrogas=0,tipores3=1  encerra2=2",18,1.29337386018237,0.102857142857143,0.0304568527918782,NA,NA,NA,NA,NA,NA,NA,NA
"1855","hiv3=0,alcool=0,comdiab=0,pdres5=1,tipores3=1  encerra2=2",20,1.25744680851064,0.1,0.0338409475465313,NA,NA,NA,NA,NA,NA,NA,NA
"1856","hiv3=0,alcool=0,ppl=0,pdres5=1,tipores3=1  encerra2=2",22,1.19240645634629,0.0948275862068965,0.0372250423011844,NA,NA,NA,NA,NA,NA,NA,NA
"1857","fxet3=1,alcool=0,ppl=0,cavitacao=1,tipores3=1  encerra2=2",20,1.17518393318751,0.0934579439252336,0.0338409475465313,NA,NA,NA,NA,NA,NA,NA,NA
"1858","alcool=0,comdiab=0,comdrogas=0,ppl=0,tipores3=1  encerra2=2",20,1.15362092523912,0.0917431192660551,0.0338409475465313,NA,NA,NA,NA,NA,NA,NA,NA
"1859","hiv3=0,alcool=0,comdiab=0,comtabagis=0,cavitacao=1  encerra2=2",18,1.25744680851064,0.1,0.0304568527918782,NA,NA,NA,NA,NA,NA,NA,NA
"1860","fxet3=1,hiv3=0,alcool=0,comtabagis=0,cavitacao=1  encerra2=2",21,1.27567067530065,0.101449275362319,0.0355329949238579,NA,NA,NA,NA,NA,NA,NA,NA
"1861","hiv3=0,alcool=0,comtabagis=0,ppl=0,cavitacao=1  encerra2=2",21,1.22251773049645,0.0972222222222222,0.0355329949238579,NA,NA,NA,NA,NA,NA,NA,NA
"1862","hiv3=0,alcool=0,comtabagis=0,pdres5=1,cavitacao=1  encerra2=2",21,1.20029013539652,0.0954545454545455,0.0355329949238579,NA,NA,NA,NA,NA,NA,NA,NA
"1863","hiv3=0,alcool=0,comtabagis=0,comdrogas=0,pdres5=1  encerra2=2",25,1.19985382491473,0.0954198473282443,0.0423011844331641,NA,NA,NA,NA,NA,NA,NA,NA
"1864","fxet3=1,hiv3=0,alcool=0,comdiab=0,comtabagis=0  encerra2=2",21,1.21130197150107,0.0963302752293578,0.0355329949238579,NA,NA,NA,NA,NA,NA,NA,NA
"1865","fxet3=1,hiv3=0,alcool=0,comtabagis=0,ppl=0  encerra2=2",24,1.18347934918648,0.0941176470588235,0.0406091370558376,NA,NA,NA,NA,NA,NA,NA,NA
"1866","fxet3=1,hiv3=0,alcool=0,comtabagis=0,pdres5=1  encerra2=2",24,1.16520167583997,0.0926640926640927,0.0406091370558376,NA,NA,NA,NA,NA,NA,NA,NA
"1867","hiv3=0,alcool=0,comdiab=0,comdrogas=0,cavitacao=1  encerra2=2",19,1.29845050878816,0.103260869565217,0.0321489001692047,NA,NA,NA,NA,NA,NA,NA,NA
"1868","fxet3=1,hiv3=0,alcool=0,comdrogas=0,cavitacao=1  encerra2=2",21,1.26953764320786,0.100961538461538,0.0355329949238579,NA,NA,NA,NA,NA,NA,NA,NA
"1869","hiv3=0,alcool=0,comdrogas=0,ppl=0,cavitacao=1  encerra2=2",22,1.23499240121581,0.0982142857142857,0.0372250423011844,NA,NA,NA,NA,NA,NA,NA,NA
"1870","hiv3=0,alcool=0,comdrogas=0,pdres5=1,cavitacao=1  encerra2=2",22,1.21867091573718,0.0969162995594714,0.0372250423011844,NA,NA,NA,NA,NA,NA,NA,NA
"1871","fxet3=1,hiv3=0,alcool=0,comdiab=0,cavitacao=1  encerra2=2",20,1.26376563669411,0.100502512562814,0.0338409475465313,NA,NA,NA,NA,NA,NA,NA,NA
"1872","hiv3=0,alcool=0,comdiab=0,ppl=0,cavitacao=1  encerra2=2",21,1.29443053817272,0.102941176470588,0.0355329949238579,NA,NA,NA,NA,NA,NA,NA,NA
"1873","hiv3=0,alcool=0,comdiab=0,pdres5=1,cavitacao=1  encerra2=2",21,1.25148734496319,0.0995260663507109,0.0355329949238579,NA,NA,NA,NA,NA,NA,NA,NA
"1874","fxet3=1,hiv3=0,alcool=0,ppl=0,cavitacao=1  encerra2=2",23,1.26847704367301,0.100877192982456,0.038917089678511,NA,NA,NA,NA,NA,NA,NA,NA
"1875","fxet3=1,hiv3=0,alcool=0,pdres5=1,cavitacao=1  encerra2=2",23,1.23069262109552,0.0978723404255319,0.038917089678511,NA,NA,NA,NA,NA,NA,NA,NA
"1876","hiv3=0,alcool=0,ppl=0,pdres5=1,cavitacao=1  encerra2=2",24,1.22181066413989,0.097165991902834,0.0406091370558376,NA,NA,NA,NA,NA,NA,NA,NA
"1877","hiv3=0,alcool=0,comdiab=0,comdrogas=0,ppl=0  encerra2=2",24,1.31211840888067,0.104347826086957,0.0406091370558376,NA,NA,NA,NA,NA,NA,NA,NA
"1878","hiv3=0,alcool=0,comdiab=0,comdrogas=0,pdres5=1  encerra2=2",24,1.29522418044014,0.103004291845494,0.0406091370558376,NA,NA,NA,NA,NA,NA,NA,NA
"1879","hiv3=0,alcool=0,comdrogas=0,ppl=0,pdres5=1  encerra2=2",28,1.22677737415672,0.0975609756097561,0.0473773265651438,NA,NA,NA,NA,NA,NA,NA,NA
"1880","hiv3=0,alcool=0,comdiab=0,ppl=0,pdres5=1  encerra2=2",26,1.27212517592516,0.101167315175097,0.0439932318104907,NA,NA,NA,NA,NA,NA,NA,NA
"1881","fxet3=1,alcool=0,comdiab=0,comdrogas=0,cavitacao=1  encerra2=2",20,1.15893715070105,0.0921658986175115,0.0338409475465313,NA,NA,NA,NA,NA,NA,NA,NA
"1882","alcool=0,comdiab=0,comdrogas=0,ppl=0,cavitacao=1  encerra2=2",21,1.17885638297872,0.09375,0.0355329949238579,NA,NA,NA,NA,NA,NA,NA,NA
"1883","hiv3=0,comdiab=0,comtabagis=0,ppl=0,tipores3=1  encerra2=2",19,1.15417823003392,0.0917874396135266,0.0321489001692047,NA,NA,NA,NA,NA,NA,NA,NA
"1884","hiv3=0,comdiab=0,comtabagis=0,pdres5=1,tipores3=1  encerra2=2",19,1.12695704536331,0.089622641509434,0.0321489001692047,NA,NA,NA,NA,NA,NA,NA,NA
"1885","comdiab=0,comtabagis=0,comdrogas=0,ppl=0,tipores3=1  encerra2=2",22,1.22406326492186,0.0973451327433628,0.0372250423011844,NA,NA,NA,NA,NA,NA,NA,NA
"1886","fxet3=1,comdiab=0,comdrogas=0,cavitacao=1,tipores3=1  encerra2=2",20,1.15893715070105,0.0921658986175115,0.0338409475465313,NA,NA,NA,NA,NA,NA,NA,NA
"1887","fxet3=1,comdiab=0,ppl=0,cavitacao=1,tipores3=1  encerra2=2",24,1.1260717688155,0.0895522388059701,0.0406091370558376,NA,NA,NA,NA,NA,NA,NA,NA
"1888","fxet3=1,comdiab=0,comdrogas=0,ppl=0,tipores3=1  encerra2=2",25,1.16000628091387,0.0922509225092251,0.0423011844331641,NA,NA,NA,NA,NA,NA,NA,NA
"1889","fxet3=1,hiv3=0,comdiab=0,comtabagis=0,comdrogas=0  encerra2=2",22,1.26898301776303,0.100917431192661,0.0372250423011844,NA,NA,NA,NA,NA,NA,NA,NA
"1890","hiv3=0,comdiab=0,comtabagis=0,comdrogas=0,ppl=0  encerra2=2",23,1.25744680851064,0.1,0.038917089678511,NA,NA,NA,NA,NA,NA,NA,NA
"1891","hiv3=0,comdiab=0,comtabagis=0,comdrogas=0,pdres5=1  encerra2=2",23,1.24125650625514,0.0987124463519313,0.038917089678511,NA,NA,NA,NA,NA,NA,NA,NA
"1892","fxet3=1,hiv3=0,comtabagis=0,comdrogas=0,ppl=0  encerra2=2",26,1.24784797791132,0.099236641221374,0.0439932318104907,NA,NA,NA,NA,NA,NA,NA,NA
"1893","fxet3=1,hiv3=0,comtabagis=0,comdrogas=0,pdres5=1  encerra2=2",26,1.24784797791132,0.099236641221374,0.0439932318104907,NA,NA,NA,NA,NA,NA,NA,NA
"1894","hiv3=0,comtabagis=0,comdrogas=0,ppl=0,pdres5=1  encerra2=2",28,1.22251773049645,0.0972222222222222,0.0473773265651438,NA,NA,NA,NA,NA,NA,NA,NA
"1895","fxet3=1,hiv3=0,comdiab=0,comtabagis=0,ppl=0  encerra2=2",24,1.18347934918648,0.0941176470588235,0.0406091370558376,NA,NA,NA,NA,NA,NA,NA,NA
"1896","fxet3=1,hiv3=0,comdiab=0,comtabagis=0,pdres5=1  encerra2=2",24,1.15185967191814,0.0916030534351145,0.0406091370558376,NA,NA,NA,NA,NA,NA,NA,NA
"1897","hiv3=0,comdiab=0,comtabagis=0,ppl=0,pdres5=1  encerra2=2",25,1.16430260047281,0.0925925925925926,0.0423011844331641,NA,NA,NA,NA,NA,NA,NA,NA
"1898","fxet3=1,hiv3=0,comtabagis=0,ppl=0,pdres5=1  encerra2=2",28,1.16971796140524,0.0930232558139535,0.0473773265651438,NA,NA,NA,NA,NA,NA,NA,NA
"1899","fxet3=1,comdiab=0,comtabagis=0,comdrogas=0,cavitacao=1  encerra2=2",24,1.35940195514664,0.108108108108108,0.0406091370558376,NA,NA,NA,NA,NA,NA,NA,NA
"1900","comdiab=0,comtabagis=0,comdrogas=0,ppl=0,cavitacao=1  encerra2=2",24,1.32362821948488,0.105263157894737,0.0406091370558376,NA,NA,NA,NA,NA,NA,NA,NA
"1901","fxet3=1,comdiab=0,comtabagis=0,ppl=0,cavitacao=1  encerra2=2",26,1.27709441489362,0.1015625,0.0439932318104907,NA,NA,NA,NA,NA,NA,NA,NA
"1902","fxet3=1,comdiab=0,comtabagis=0,comdrogas=0,ppl=0  encerra2=2",28,1.27567067530065,0.101449275362319,0.0473773265651438,NA,NA,NA,NA,NA,NA,NA,NA
"1903","hiv3=0,comdiab=0,comdrogas=0,ppl=0,pdres5=1  encerra2=2",27,1.13548708460827,0.0903010033444816,0.0456852791878173,NA,NA,NA,NA,NA,NA,NA,NA
"1904","fxet3=1,comdiab=0,comdrogas=0,ppl=0,cavitacao=1  encerra2=2",26,1.18885880077369,0.0945454545454545,0.0439932318104907,NA,NA,NA,NA,NA,NA,NA,NA
"1905","hiv3=1,alcool=0,comtabagis=0,comdrogas=0,pdres5=1  encerra2=0",19,1.1546529562982,0.76,0.0321489001692047,NA,NA,NA,NA,NA,NA,NA,NA
"1906","mumigual=1,comdrogas=0,ppl=0,bilateral=1,tipores3=1  encerra2=3",19,1.42590476190476,0.152,0.0321489001692047,NA,NA,NA,NA,NA,NA,NA,NA
"1907","mumigual=1,comdrogas=0,ppl=0,cavitacao=1,bilateral=1  encerra2=3",18,1.53506493506494,0.163636363636364,0.0304568527918782,NA,NA,NA,NA,NA,NA,NA,NA
"1908","mumigual=1,comdrogas=0,ppl=0,cavitacao=1,tipores3=1  encerra2=3",19,1.43740399385561,0.153225806451613,0.0321489001692047,NA,NA,NA,NA,NA,NA,NA,NA
"1909","raca3=1,mumigual=0,comdrogas=0,ppl=0,tipores3=1  encerra2=3",19,1.46096799375488,0.155737704918033,0.0321489001692047,NA,NA,NA,NA,NA,NA,NA,NA
"1910","raca3=1,mumigual=0,hiv3=0,ppl=0,cavitacao=1  encerra2=3",18,1.34013605442177,0.142857142857143,0.0304568527918782,NA,NA,NA,NA,NA,NA,NA,NA
"1911","escol4=1,mumigual=0,ppl=0,bilateral=1,tipores3=1  encerra2=3",21,2.11827956989247,0.225806451612903,0.0355329949238579,NA,NA,NA,NA,NA,NA,NA,NA
"1912","escol4=1,mumigual=0,ppl=0,cavitacao=1,bilateral=1  encerra2=3",21,1.95049504950495,0.207920792079208,0.0355329949238579,NA,NA,NA,NA,NA,NA,NA,NA
"1913","escol4=1,mumigual=0,comdrogas=0,ppl=0,bilateral=1  encerra2=3",18,1.94088669950739,0.206896551724138,0.0304568527918782,NA,NA,NA,NA,NA,NA,NA,NA
"1914","sexo2=1,mumigual=0,ppl=0,cavitacao=1,bilateral=1  encerra2=3",19,1.6352118829183,0.174311926605505,0.0321489001692047,NA,NA,NA,NA,NA,NA,NA,NA
"1915","mumigual=0,hiv3=0,ppl=0,cavitacao=1,bilateral=1  encerra2=3",19,1.4145880574452,0.150793650793651,0.0321489001692047,NA,NA,NA,NA,NA,NA,NA,NA
"1916","sexo2=1,escol4=1,mumigual=0,ppl=0,cavitacao=1  encerra2=3",20,1.78684807256236,0.19047619047619,0.0338409475465313,NA,NA,NA,NA,NA,NA,NA,NA
"1917","sexo2=1,fxet3=1,escol4=1,mumigual=0,ppl=0  encerra2=3",18,1.46832298136646,0.156521739130435,0.0304568527918782,NA,NA,NA,NA,NA,NA,NA,NA
"1918","escol4=1,mumigual=0,ppl=0,cavitacao=1,tipores3=1  encerra2=3",23,1.75416182733256,0.186991869918699,0.038917089678511,NA,NA,NA,NA,NA,NA,NA,NA
"1919","escol4=1,mumigual=0,hiv3=0,ppl=0,cavitacao=1  encerra2=3",20,1.5766306522609,0.168067226890756,0.0338409475465313,NA,NA,NA,NA,NA,NA,NA,NA
"1920","sexo2=1,mumigual=0,ppl=0,cavitacao=1,tipores3=1  encerra2=3",19,1.49779911964786,0.159663865546218,0.0321489001692047,NA,NA,NA,NA,NA,NA,NA,NA
"1921","sexo2=1,mumigual=0,comdiab=0,ppl=0,tipores3=1  encerra2=3",18,1.30897009966777,0.13953488372093,0.0304568527918782,NA,NA,NA,NA,NA,NA,NA,NA
"1922","raca3=1,escol4=1,comdrogas=0,bilateral=1,tipores3=1  encerra2=3",23,2.03548966756514,0.216981132075472,0.038917089678511,NA,NA,NA,NA,NA,NA,NA,NA
"1923","raca3=1,hiv3=0,cavitacao=1,bilateral=1,tipores3=1  encerra2=3",19,1.52340252340252,0.162393162393162,0.0321489001692047,NA,NA,NA,NA,NA,NA,NA,NA
"1924","raca3=1,comdrogas=0,cavitacao=1,bilateral=1,tipores3=1  encerra2=3",22,1.6379440665155,0.174603174603175,0.0372250423011844,NA,NA,NA,NA,NA,NA,NA,NA
"1925","raca3=1,ppl=0,cavitacao=1,bilateral=1,tipores3=1  encerra2=3",25,1.56349206349206,0.166666666666667,0.0423011844331641,NA,NA,NA,NA,NA,NA,NA,NA
"1926","raca3=1,comdrogas=0,ppl=0,bilateral=1,tipores3=1  encerra2=3",25,1.59540006478782,0.170068027210884,0.0423011844331641,NA,NA,NA,NA,NA,NA,NA,NA
"1927","raca3=1,hiv3=0,ppl=0,cavitacao=1,bilateral=1  encerra2=3",22,1.49551414768806,0.159420289855072,0.0372250423011844,NA,NA,NA,NA,NA,NA,NA,NA
"1928","raca3=1,comdrogas=0,ppl=0,cavitacao=1,bilateral=1  encerra2=3",25,1.59540006478782,0.170068027210884,0.0423011844331641,NA,NA,NA,NA,NA,NA,NA,NA
"1929","raca3=1,escol4=1,alcool=0,cavitacao=1,tipores3=1  encerra2=3",20,1.72127566622979,0.18348623853211,0.0338409475465313,NA,NA,NA,NA,NA,NA,NA,NA
"1930","raca3=1,escol4=1,alcool=0,ppl=0,tipores3=1  encerra2=3",24,1.75892857142857,0.1875,0.0406091370558376,NA,NA,NA,NA,NA,NA,NA,NA
"1931","raca3=1,escol4=1,alcool=0,ppl=0,cavitacao=1  encerra2=3",21,1.60162601626016,0.170731707317073,0.0355329949238579,NA,NA,NA,NA,NA,NA,NA,NA
"1932","raca3=1,escol4=1,comdrogas=0,cavitacao=1,tipores3=1  encerra2=3",25,1.77669552669553,0.189393939393939,0.0423011844331641,NA,NA,NA,NA,NA,NA,NA,NA
"1933","raca3=1,escol4=1,ppl=0,cavitacao=1,tipores3=1  encerra2=3",30,1.79253867151956,0.191082802547771,0.050761421319797,NA,NA,NA,NA,NA,NA,NA,NA
"1934","raca3=1,escol4=1,comdrogas=0,ppl=0,tipores3=1  encerra2=3",29,1.6793062904174,0.179012345679012,0.0490693739424704,NA,NA,NA,NA,NA,NA,NA,NA
"1935","raca3=1,escol4=1,hiv3=0,ppl=0,cavitacao=1  encerra2=3",24,1.51102588686481,0.161073825503356,0.0406091370558376,NA,NA,NA,NA,NA,NA,NA,NA
"1936","raca3=1,escol4=1,comdrogas=0,ppl=0,cavitacao=1  encerra2=3",26,1.59414877061936,0.169934640522876,0.0439932318104907,NA,NA,NA,NA,NA,NA,NA,NA
"1937","sexo2=1,raca3=1,hiv3=0,ppl=0,cavitacao=1  encerra2=3",20,1.32126089872569,0.140845070422535,0.0338409475465313,NA,NA,NA,NA,NA,NA,NA,NA
"1938","sexo2=1,raca3=1,comdrogas=0,ppl=0,cavitacao=1  encerra2=3",20,1.34977732100034,0.143884892086331,0.0338409475465313,NA,NA,NA,NA,NA,NA,NA,NA
"1939","raca3=1,alcool=0,ppl=0,cavitacao=1,tipores3=1  encerra2=3",24,1.56349206349206,0.166666666666667,0.0406091370558376,NA,NA,NA,NA,NA,NA,NA,NA
"1940","raca3=1,comdrogas=0,ppl=0,cavitacao=1,tipores3=1  encerra2=3",29,1.57252958987063,0.167630057803468,0.0490693739424704,NA,NA,NA,NA,NA,NA,NA,NA
"1941","escol4=1,alcool=0,comtabagis=0,bilateral=1,tipores3=1  encerra2=3",21,1.89423076923077,0.201923076923077,0.0355329949238579,NA,NA,NA,NA,NA,NA,NA,NA
"1942","escol4=1,alcool=0,cavitacao=1,bilateral=1,tipores3=1  encerra2=3",22,1.94699011680144,0.207547169811321,0.0372250423011844,NA,NA,NA,NA,NA,NA,NA,NA
"1943","escol4=1,alcool=0,ppl=0,bilateral=1,tipores3=1  encerra2=3",26,1.96697388632873,0.209677419354839,0.0439932318104907,NA,NA,NA,NA,NA,NA,NA,NA
"1944","escol4=1,alcool=0,comtabagis=0,cavitacao=1,bilateral=1  encerra2=3",21,1.93137254901961,0.205882352941176,0.0355329949238579,NA,NA,NA,NA,NA,NA,NA,NA
"1945","escol4=1,hiv3=0,alcool=0,cavitacao=1,bilateral=1  encerra2=3",19,1.91653865847414,0.204301075268817,0.0321489001692047,NA,NA,NA,NA,NA,NA,NA,NA
"1946","escol4=1,alcool=0,ppl=0,cavitacao=1,bilateral=1  encerra2=3",25,1.97078831532613,0.210084033613445,0.0423011844331641,NA,NA,NA,NA,NA,NA,NA,NA
"1947","escol4=1,comtabagis=0,cavitacao=1,bilateral=1,tipores3=1  encerra2=3",23,1.97946701616426,0.211009174311927,0.038917089678511,NA,NA,NA,NA,NA,NA,NA,NA
"1948","escol4=1,comtabagis=0,comdrogas=0,bilateral=1,tipores3=1  encerra2=3",23,1.99779541446208,0.212962962962963,0.038917089678511,NA,NA,NA,NA,NA,NA,NA,NA
"1949","escol4=1,comdrogas=0,cavitacao=1,bilateral=1,tipores3=1  encerra2=3",27,1.99437570303712,0.21259842519685,0.0456852791878173,NA,NA,NA,NA,NA,NA,NA,NA
"1950","escol4=1,ppl=0,cavitacao=1,bilateral=1,tipores3=1  encerra2=3",34,1.98107068914522,0.211180124223602,0.0575296108291032,NA,NA,NA,NA,NA,NA,NA,NA
"1951","escol4=1,comdrogas=0,ppl=0,bilateral=1,tipores3=1  encerra2=3",32,2.00126984126984,0.213333333333333,0.0541455160744501,NA,NA,NA,NA,NA,NA,NA,NA
"1952","escol4=1,comtabagis=0,comdrogas=0,cavitacao=1,bilateral=1  encerra2=3",23,2.03548966756514,0.216981132075472,0.038917089678511,NA,NA,NA,NA,NA,NA,NA,NA
"1953","escol4=1,comtabagis=0,ppl=0,cavitacao=1,bilateral=1  encerra2=3",26,1.90550595238095,0.203125,0.0439932318104907,NA,NA,NA,NA,NA,NA,NA,NA
"1954","escol4=1,comtabagis=0,comdrogas=0,ppl=0,bilateral=1  encerra2=3",26,1.90550595238095,0.203125,0.0439932318104907,NA,NA,NA,NA,NA,NA,NA,NA
"1955","escol4=1,hiv3=0,comdrogas=0,cavitacao=1,bilateral=1  encerra2=3",25,1.97078831532613,0.210084033613445,0.0423011844331641,NA,NA,NA,NA,NA,NA,NA,NA
"1956","escol4=1,comdrogas=0,ppl=0,cavitacao=1,bilateral=1  encerra2=3",31,1.9782960803369,0.210884353741497,0.0524534686971235,NA,NA,NA,NA,NA,NA,NA,NA
"1957","sexo2=1,hiv3=0,ppl=0,cavitacao=1,bilateral=1  encerra2=3",23,1.38308913308913,0.147435897435897,0.038917089678511,NA,NA,NA,NA,NA,NA,NA,NA
"1958","hiv3=0,comdrogas=0,cavitacao=1,bilateral=1,tipores3=1  encerra2=3",24,1.45253456221198,0.154838709677419,0.0406091370558376,NA,NA,NA,NA,NA,NA,NA,NA
"1959","comdrogas=0,ppl=0,cavitacao=1,bilateral=1,tipores3=1  encerra2=3",30,1.46577380952381,0.15625,0.050761421319797,NA,NA,NA,NA,NA,NA,NA,NA
"1960","hiv3=0,comdrogas=0,ppl=0,cavitacao=1,bilateral=1  encerra2=3",29,1.41691468253968,0.151041666666667,0.0490693739424704,NA,NA,NA,NA,NA,NA,NA,NA
"1961","sexo2=1,escol4=1,alcool=0,ppl=0,cavitacao=1  encerra2=3",19,1.59141156462585,0.169642857142857,0.0321489001692047,NA,NA,NA,NA,NA,NA,NA,NA
"1962","escol4=1,alcool=0,ppl=0,cavitacao=1,tipores3=1  encerra2=3",28,1.77477477477477,0.189189189189189,0.0473773265651438,NA,NA,NA,NA,NA,NA,NA,NA
"1963","escol4=1,comtabagis=0,comdrogas=0,ppl=0,cavitacao=1  encerra2=3",27,1.52581755593804,0.162650602409639,0.0456852791878173,NA,NA,NA,NA,NA,NA,NA,NA
"1964","sexo2=1,alcool=0,comdiab=0,cavitacao=1,tipores3=1  encerra2=3",19,1.37106227106227,0.146153846153846,0.0321489001692047,NA,NA,NA,NA,NA,NA,NA,NA
"1965","sexo2=1,alcool=0,ppl=0,cavitacao=1,tipores3=1  encerra2=3",21,1.43795620437956,0.153284671532847,0.0355329949238579,NA,NA,NA,NA,NA,NA,NA,NA
"1966","sexo2=1,alcool=0,comdiab=0,ppl=0,tipores3=1  encerra2=3",20,1.234335839599,0.131578947368421,0.0338409475465313,NA,NA,NA,NA,NA,NA,NA,NA
"1967","sexo2=1,alcool=0,comdiab=0,ppl=0,cavitacao=1  encerra2=3",20,1.24251024913277,0.132450331125828,0.0338409475465313,NA,NA,NA,NA,NA,NA,NA,NA
"1968","raca3=0,hiv3=2,alcool=0,ppl=0,pdres5=1  encerra2=0",20,1.21542416452442,0.8,0.0338409475465313,NA,NA,NA,NA,NA,NA,NA,NA
"1969","raca3=0,hiv3=2,comdiab=0,ppl=0,pdres5=1  encerra2=0",18,1.13946015424165,0.75,0.0304568527918782,NA,NA,NA,NA,NA,NA,NA,NA
"1970","mumigual=0,hiv3=2,comtabagis=0,comdrogas=0,ppl=0  encerra2=0",18,1.13946015424165,0.75,0.0304568527918782,NA,NA,NA,NA,NA,NA,NA,NA
"1971","mumigual=0,hiv3=2,comdiab=0,comdrogas=0,ppl=0  encerra2=0",18,1.13946015424165,0.75,0.0304568527918782,NA,NA,NA,NA,NA,NA,NA,NA
"1972","sexo2=0,fxet3=1,hiv3=0,comdiab=1,pdres5=1  encerra2=0",19,1.20276349614396,0.791666666666667,0.0321489001692047,NA,NA,NA,NA,NA,NA,NA,NA
"1973","escol4=1,alcool=0,comdiab=1,comdrogas=0,bilateral=0  encerra2=0",19,1.31210563215705,0.863636363636364,0.0321489001692047,NA,NA,NA,NA,NA,NA,NA,NA
"1974","fxet3=1,alcool=0,comdiab=1,comtabagis=0,bilateral=0  encerra2=0",18,1.36735218508997,0.9,0.0304568527918782,NA,NA,NA,NA,NA,NA,NA,NA
"1975","fxet3=1,alcool=0,comdiab=1,comdrogas=0,bilateral=0  encerra2=0",20,1.38116382332321,0.909090909090909,0.0338409475465313,NA,NA,NA,NA,NA,NA,NA,NA
"1976","fxet3=1,comdiab=1,comtabagis=0,comdrogas=0,bilateral=0  encerra2=0",18,1.30224017627617,0.857142857142857,0.0304568527918782,NA,NA,NA,NA,NA,NA,NA,NA
"1977","comdiab=1,comtabagis=0,comdrogas=0,pdres5=1,bilateral=0  encerra2=0",22,1.28554478940083,0.846153846153846,0.0372250423011844,NA,NA,NA,NA,NA,NA,NA,NA
"1978","fxet3=1,comdiab=1,comtabagis=0,pdres5=1,bilateral=0  encerra2=0",18,1.30224017627617,0.857142857142857,0.0304568527918782,NA,NA,NA,NA,NA,NA,NA,NA
"1979","fxet3=1,comdiab=1,comdrogas=0,pdres5=1,bilateral=0  encerra2=0",20,1.32111322230915,0.869565217391304,0.0338409475465313,NA,NA,NA,NA,NA,NA,NA,NA
"1980","raca3=0,fxet3=1,hiv3=0,alcool=0,comdiab=1  encerra2=0",22,1.28554478940083,0.846153846153846,0.0372250423011844,NA,NA,NA,NA,NA,NA,NA,NA
"1981","raca3=0,comdiab=1,comdrogas=0,cavitacao=1,tipores3=1  encerra2=0",19,1.1546529562982,0.76,0.0321489001692047,NA,NA,NA,NA,NA,NA,NA,NA
"1982","raca3=0,fxet3=1,hiv3=0,comdiab=1,comtabagis=0  encerra2=0",21,1.18166238217652,0.777777777777778,0.0355329949238579,NA,NA,NA,NA,NA,NA,NA,NA
"1983","raca3=0,fxet3=1,comdiab=1,comtabagis=0,comdrogas=0  encerra2=0",22,1.19372016158649,0.785714285714286,0.0372250423011844,NA,NA,NA,NA,NA,NA,NA,NA
"1984","raca3=0,fxet3=1,hiv3=0,comdiab=1,comdrogas=0  encerra2=0",24,1.21542416452442,0.8,0.0406091370558376,NA,NA,NA,NA,NA,NA,NA,NA
"1985","mumigual=1,hiv3=0,alcool=0,comdiab=1,comtabagis=0  encerra2=0",18,1.30224017627617,0.857142857142857,0.0304568527918782,NA,NA,NA,NA,NA,NA,NA,NA
"1986","mumigual=1,hiv3=0,comdiab=1,comtabagis=0,comdrogas=0  encerra2=0",19,1.31210563215705,0.863636363636364,0.0321489001692047,NA,NA,NA,NA,NA,NA,NA,NA
"1987","fxet3=1,mumigual=1,hiv3=0,comdiab=1,comdrogas=0  encerra2=0",18,1.36735218508997,0.9,0.0304568527918782,NA,NA,NA,NA,NA,NA,NA,NA
"1988","fxet3=1,mumigual=0,alcool=0,comdiab=1,comtabagis=0  encerra2=0",24,1.13946015424165,0.75,0.0406091370558376,NA,NA,NA,NA,NA,NA,NA,NA
"1989","mumigual=0,alcool=0,comdiab=1,comtabagis=0,pdres5=1  encerra2=0",30,1.11166844316258,0.731707317073171,0.050761421319797,NA,NA,NA,NA,NA,NA,NA,NA
"1990","mumigual=0,alcool=0,comdiab=1,comdrogas=0,pdres5=1  encerra2=0",33,1.11413881748072,0.733333333333333,0.0558375634517767,NA,NA,NA,NA,NA,NA,NA,NA
"1991","fxet3=1,mumigual=0,alcool=0,comdiab=1,pdres5=1  encerra2=0",26,1.12860815277268,0.742857142857143,0.0439932318104907,NA,NA,NA,NA,NA,NA,NA,NA
"1992","fxet3=1,mumigual=0,comdiab=1,comtabagis=0,pdres5=1  encerra2=0",25,1.11711779827612,0.735294117647059,0.0423011844331641,NA,NA,NA,NA,NA,NA,NA,NA
"1993","sexo2=1,escol4=1,alcool=0,comdiab=1,comdrogas=0  encerra2=0",19,1.2550575611937,0.826086956521739,0.0321489001692047,NA,NA,NA,NA,NA,NA,NA,NA
"1994","sexo2=1,escol4=1,comdiab=1,comtabagis=0,comdrogas=0  encerra2=0",18,1.13946015424165,0.75,0.0304568527918782,NA,NA,NA,NA,NA,NA,NA,NA
"1995","sexo2=1,escol4=1,comdiab=1,comtabagis=0,pdres5=1  encerra2=0",18,1.13946015424165,0.75,0.0304568527918782,NA,NA,NA,NA,NA,NA,NA,NA
"1996","sexo2=1,hiv3=0,alcool=0,comdiab=1,comtabagis=0  encerra2=0",22,1.28554478940083,0.846153846153846,0.0372250423011844,NA,NA,NA,NA,NA,NA,NA,NA
"1997","sexo2=1,hiv3=0,alcool=0,comdiab=1,comdrogas=0  encerra2=0",25,1.26606683804627,0.833333333333333,0.0423011844331641,NA,NA,NA,NA,NA,NA,NA,NA
"1998","sexo2=1,fxet3=1,hiv3=0,alcool=0,comdiab=1  encerra2=0",21,1.22711093533716,0.807692307692308,0.0355329949238579,NA,NA,NA,NA,NA,NA,NA,NA
"1999","sexo2=1,fxet3=1,alcool=0,comdiab=1,comdrogas=0  encerra2=0",24,1.25733534261147,0.827586206896552,0.0406091370558376,NA,NA,NA,NA,NA,NA,NA,NA
"2000","sexo2=1,fxet3=1,comdiab=1,comtabagis=0,comdrogas=0  encerra2=0",23,1.16478149100257,0.766666666666667,0.038917089678511,NA,NA,NA,NA,NA,NA,NA,NA
"2001","sexo2=1,comdiab=1,comtabagis=0,comdrogas=0,pdres5=1  encerra2=0",29,1.15945068326343,0.763157894736842,0.0490693739424704,NA,NA,NA,NA,NA,NA,NA,NA
"2002","sexo2=1,fxet3=1,comdiab=1,comtabagis=0,pdres5=1  encerra2=0",23,1.12720789451862,0.741935483870968,0.038917089678511,NA,NA,NA,NA,NA,NA,NA,NA
"2003","sexo2=1,fxet3=1,comdiab=1,comdrogas=0,pdres5=1  encerra2=0",25,1.15096985276934,0.757575757575758,0.0423011844331641,NA,NA,NA,NA,NA,NA,NA,NA
"2004","fxet3=1,hiv3=0,alcool=0,comdiab=1,comtabagis=0  encerra2=0",36,1.18900190007824,0.782608695652174,0.0609137055837563,NA,NA,NA,NA,NA,NA,NA,NA
"2005","hiv3=0,alcool=0,comdiab=1,comtabagis=0,pdres5=1  encerra2=0",43,1.16659015791407,0.767857142857143,0.0727580372250423,NA,NA,NA,NA,NA,NA,NA,NA
"2006","fxet3=1,alcool=0,comdiab=1,comtabagis=0,pdres5=1  encerra2=0",40,1.14662657030606,0.754716981132076,0.0676818950930626,NA,NA,NA,NA,NA,NA,NA,NA
"2007","fxet3=1,hiv3=0,alcool=0,comdiab=1,comdrogas=0  encerra2=0",39,1.20922302082787,0.795918367346939,0.065989847715736,NA,NA,NA,NA,NA,NA,NA,NA
"2008","hiv3=0,alcool=0,comdiab=1,comdrogas=0,pdres5=1  encerra2=0",47,1.17059294534114,0.770491803278688,0.0795262267343486,NA,NA,NA,NA,NA,NA,NA,NA
"2009","fxet3=1,hiv3=0,alcool=0,comdiab=1,pdres5=1  encerra2=0",38,1.20276349614396,0.791666666666667,0.0642978003384095,NA,NA,NA,NA,NA,NA,NA,NA
"2010","fxet3=1,alcool=0,comdiab=1,comdrogas=0,pdres5=1  encerra2=0",44,1.15255739739385,0.758620689655172,0.0744500846023689,NA,NA,NA,NA,NA,NA,NA,NA
"2011","fxet3=1,hiv3=0,comdiab=1,comtabagis=0,comdrogas=0  encerra2=0",38,1.1546529562982,0.76,0.0642978003384095,NA,NA,NA,NA,NA,NA,NA,NA
"2012","hiv3=0,comdiab=1,comtabagis=0,comdrogas=0,pdres5=1  encerra2=0",45,1.12078047958195,0.737704918032787,0.0761421319796954,NA,NA,NA,NA,NA,NA,NA,NA
"2013","fxet3=1,hiv3=0,comdiab=1,comtabagis=0,pdres5=1  encerra2=0",37,1.14721158386234,0.755102040816326,0.0626057529610829,NA,NA,NA,NA,NA,NA,NA,NA
"2014","fxet3=1,comdiab=1,comtabagis=0,comdrogas=0,pdres5=1  encerra2=0",42,1.13946015424165,0.75,0.0710659898477157,NA,NA,NA,NA,NA,NA,NA,NA
"2015","fxet3=1,hiv3=0,comdiab=1,comdrogas=0,pdres5=1  encerra2=0",41,1.17529223456371,0.773584905660377,0.0693739424703892,NA,NA,NA,NA,NA,NA,NA,NA
"2016","sexo2=1,comdrogas=1,ppl=0,pdres5=1,bilateral=1  encerra2=1",18,2.26726342710997,0.352941176470588,0.0304568527918782,NA,NA,NA,NA,NA,NA,NA,NA
"2017","comdrogas=1,ppl=0,pdres5=1,cavitacao=1,bilateral=1  encerra2=1",19,2.39322250639386,0.372549019607843,0.0321489001692047,NA,NA,NA,NA,NA,NA,NA,NA
"2018","fxet3=1,comdiab=0,comtabagis=1,pdres5=1,bilateral=1  encerra2=1",18,1.42753623188406,0.222222222222222,0.0304568527918782,NA,NA,NA,NA,NA,NA,NA,NA
"2019","sexo2=1,fxet3=1,comdiab=0,comtabagis=1,pdres5=1  encerra2=1",18,1.28478260869565,0.2,0.0304568527918782,NA,NA,NA,NA,NA,NA,NA,NA
"2020","mumigual=0,alcool=1,ppl=0,pdres5=1,bilateral=1  encerra2=1",18,2.14130434782609,0.333333333333333,0.0304568527918782,NA,NA,NA,NA,NA,NA,NA,NA
"2021","sexo2=1,mumigual=0,hiv3=0,alcool=1,cavitacao=1  encerra2=1",19,2.44108695652174,0.38,0.0321489001692047,NA,NA,NA,NA,NA,NA,NA,NA
"2022","sexo2=1,fxet3=1,mumigual=0,hiv3=0,alcool=1  encerra2=1",18,2.14130434782609,0.333333333333333,0.0304568527918782,NA,NA,NA,NA,NA,NA,NA,NA
"2023","sexo2=1,mumigual=0,hiv3=0,alcool=1,pdres5=1  encerra2=1",19,2.17954192546584,0.339285714285714,0.0321489001692047,NA,NA,NA,NA,NA,NA,NA,NA
"2024","sexo2=1,fxet3=1,mumigual=0,alcool=1,cavitacao=1  encerra2=1",19,2.21916996047431,0.345454545454545,0.0321489001692047,NA,NA,NA,NA,NA,NA,NA,NA
"2025","sexo2=1,mumigual=0,alcool=1,pdres5=1,cavitacao=1  encerra2=1",20,2.21514242878561,0.344827586206897,0.0338409475465313,NA,NA,NA,NA,NA,NA,NA,NA
"2026","sexo2=1,fxet3=1,mumigual=0,alcool=1,pdres5=1  encerra2=1",20,2.00747282608696,0.3125,0.0338409475465313,NA,NA,NA,NA,NA,NA,NA,NA
"2027","mumigual=0,alcool=1,pdres5=1,cavitacao=1,tipores3=1  encerra2=1",18,2.18170631665299,0.339622641509434,0.0304568527918782,NA,NA,NA,NA,NA,NA,NA,NA
"2028","fxet3=1,mumigual=0,hiv3=0,alcool=1,cavitacao=1  encerra2=1",19,2.26026570048309,0.351851851851852,0.0321489001692047,NA,NA,NA,NA,NA,NA,NA,NA
"2029","mumigual=0,hiv3=0,alcool=1,pdres5=1,cavitacao=1  encerra2=1",20,2.29425465838509,0.357142857142857,0.0338409475465313,NA,NA,NA,NA,NA,NA,NA,NA
"2030","fxet3=1,mumigual=0,hiv3=0,alcool=1,pdres5=1  encerra2=1",19,2.03423913043478,0.316666666666667,0.0321489001692047,NA,NA,NA,NA,NA,NA,NA,NA
"2031","fxet3=1,mumigual=0,alcool=1,comdiab=0,cavitacao=1  encerra2=1",19,2.06871775976419,0.322033898305085,0.0321489001692047,NA,NA,NA,NA,NA,NA,NA,NA
"2032","fxet3=1,mumigual=0,alcool=1,pdres5=1,cavitacao=1  encerra2=1",21,2.1078464673913,0.328125,0.0355329949238579,NA,NA,NA,NA,NA,NA,NA,NA
"2033","raca3=1,fxet3=1,alcool=1,ppl=0,bilateral=1  encerra2=1",18,1.80672554347826,0.28125,0.0304568527918782,NA,NA,NA,NA,NA,NA,NA,NA
"2034","raca3=1,fxet3=1,alcool=1,pdres5=1,bilateral=1  encerra2=1",18,1.80672554347826,0.28125,0.0304568527918782,NA,NA,NA,NA,NA,NA,NA,NA
"2035","sexo2=1,raca3=1,fxet3=1,alcool=1,tipores3=1  encerra2=1",18,1.80672554347826,0.28125,0.0304568527918782,NA,NA,NA,NA,NA,NA,NA,NA
"2036","sexo2=1,raca3=1,fxet3=1,alcool=1,pdres5=1  encerra2=1",20,1.69050343249428,0.263157894736842,0.0338409475465313,NA,NA,NA,NA,NA,NA,NA,NA
"2037","raca3=1,fxet3=1,alcool=1,ppl=0,tipores3=1  encerra2=1",20,1.71304347826087,0.266666666666667,0.0338409475465313,NA,NA,NA,NA,NA,NA,NA,NA
"2038","raca3=1,fxet3=1,alcool=1,pdres5=1,tipores3=1  encerra2=1",20,1.71304347826087,0.266666666666667,0.0338409475465313,NA,NA,NA,NA,NA,NA,NA,NA
"2039","raca3=1,fxet3=1,alcool=1,pdres5=1,cavitacao=1  encerra2=1",20,1.64715719063545,0.256410256410256,0.0338409475465313,NA,NA,NA,NA,NA,NA,NA,NA
"2040","sexo2=1,alcool=1,cavitacao=1,bilateral=1,tipores3=1  encerra2=1",19,2.03423913043478,0.316666666666667,0.0321489001692047,NA,NA,NA,NA,NA,NA,NA,NA
"2041","sexo2=1,fxet3=1,alcool=1,bilateral=1,tipores3=1  encerra2=1",20,2.00747282608696,0.3125,0.0338409475465313,NA,NA,NA,NA,NA,NA,NA,NA
"2042","sexo2=1,alcool=1,ppl=0,bilateral=1,tipores3=1  encerra2=1",21,1.95510396975425,0.304347826086957,0.0355329949238579,NA,NA,NA,NA,NA,NA,NA,NA
"2043","sexo2=1,hiv3=0,alcool=1,cavitacao=1,bilateral=1  encerra2=1",18,1.92717391304348,0.3,0.0304568527918782,NA,NA,NA,NA,NA,NA,NA,NA
"2044","sexo2=1,fxet3=1,alcool=1,cavitacao=1,bilateral=1  encerra2=1",20,1.88938618925831,0.294117647058824,0.0338409475465313,NA,NA,NA,NA,NA,NA,NA,NA
"2045","sexo2=1,alcool=1,ppl=0,cavitacao=1,bilateral=1  encerra2=1",21,1.87364130434783,0.291666666666667,0.0355329949238579,NA,NA,NA,NA,NA,NA,NA,NA
"2046","sexo2=1,alcool=1,pdres5=1,cavitacao=1,bilateral=1  encerra2=1",21,1.84797498511018,0.287671232876712,0.0355329949238579,NA,NA,NA,NA,NA,NA,NA,NA
"2047","sexo2=1,fxet3=1,alcool=1,comdiab=0,bilateral=1  encerra2=1",22,1.85955377574371,0.289473684210526,0.0372250423011844,NA,NA,NA,NA,NA,NA,NA,NA
"2048","sexo2=1,fxet3=1,alcool=1,ppl=0,bilateral=1  encerra2=1",23,1.89423076923077,0.294871794871795,0.038917089678511,NA,NA,NA,NA,NA,NA,NA,NA
"2049","sexo2=1,fxet3=1,alcool=1,pdres5=1,bilateral=1  encerra2=1",23,1.87025316455696,0.291139240506329,0.038917089678511,NA,NA,NA,NA,NA,NA,NA,NA
"2050","sexo2=1,alcool=1,ppl=0,pdres5=1,bilateral=1  encerra2=1",24,1.85751702462022,0.289156626506024,0.0406091370558376,NA,NA,NA,NA,NA,NA,NA,NA
"2051","fxet3=1,alcool=1,cavitacao=1,bilateral=1,tipores3=1  encerra2=1",19,1.87775919732441,0.292307692307692,0.0321489001692047,NA,NA,NA,NA,NA,NA,NA,NA
"2052","alcool=1,ppl=0,cavitacao=1,bilateral=1,tipores3=1  encerra2=1",20,1.83540372670807,0.285714285714286,0.0338409475465313,NA,NA,NA,NA,NA,NA,NA,NA
"2053","fxet3=1,alcool=1,ppl=0,bilateral=1,tipores3=1  encerra2=1",22,1.85955377574371,0.289473684210526,0.0372250423011844,NA,NA,NA,NA,NA,NA,NA,NA
"2054","fxet3=1,hiv3=0,alcool=1,cavitacao=1,bilateral=1  encerra2=1",18,1.77892976588629,0.276923076923077,0.0304568527918782,NA,NA,NA,NA,NA,NA,NA,NA
"2055","hiv3=0,alcool=1,ppl=0,cavitacao=1,bilateral=1  encerra2=1",19,1.76890359168242,0.27536231884058,0.0321489001692047,NA,NA,NA,NA,NA,NA,NA,NA
"2056","hiv3=0,alcool=1,pdres5=1,cavitacao=1,bilateral=1  encerra2=1",19,1.76890359168242,0.27536231884058,0.0321489001692047,NA,NA,NA,NA,NA,NA,NA,NA
"2057","fxet3=1,alcool=1,comdiab=0,ppl=0,bilateral=1  encerra2=1",25,1.82497529644269,0.284090909090909,0.0423011844331641,NA,NA,NA,NA,NA,NA,NA,NA
"2058","fxet3=1,alcool=1,comdiab=0,pdres5=1,bilateral=1  encerra2=1",25,1.80446995603322,0.280898876404494,0.0423011844331641,NA,NA,NA,NA,NA,NA,NA,NA
"2059","alcool=1,comdiab=0,ppl=0,pdres5=1,bilateral=1  encerra2=1",25,1.76481127568084,0.274725274725275,0.0423011844331641,NA,NA,NA,NA,NA,NA,NA,NA
"2060","fxet3=1,alcool=1,ppl=0,pdres5=1,bilateral=1  encerra2=1",26,1.79593267882188,0.279569892473118,0.0439932318104907,NA,NA,NA,NA,NA,NA,NA,NA
"2061","sexo2=1,hiv3=0,alcool=1,cavitacao=1,tipores3=1  encerra2=1",22,1.99050826699326,0.309859154929577,0.0372250423011844,NA,NA,NA,NA,NA,NA,NA,NA
"2062","sexo2=1,fxet3=1,hiv3=0,alcool=1,tipores3=1  encerra2=1",22,1.78893780957622,0.278481012658228,0.0372250423011844,NA,NA,NA,NA,NA,NA,NA,NA
"2063","sexo2=1,hiv3=0,alcool=1,pdres5=1,tipores3=1  encerra2=1",23,1.73823529411765,0.270588235294118,0.038917089678511,NA,NA,NA,NA,NA,NA,NA,NA
"2064","sexo2=1,fxet3=1,alcool=1,cavitacao=1,tipores3=1  encerra2=1",24,1.9515685195377,0.30379746835443,0.0406091370558376,NA,NA,NA,NA,NA,NA,NA,NA
"2065","sexo2=1,alcool=1,ppl=0,cavitacao=1,tipores3=1  encerra2=1",25,1.88938618925831,0.294117647058824,0.0423011844331641,NA,NA,NA,NA,NA,NA,NA,NA
"2066","sexo2=1,alcool=1,pdres5=1,cavitacao=1,tipores3=1  encerra2=1",25,1.88938618925831,0.294117647058824,0.0423011844331641,NA,NA,NA,NA,NA,NA,NA,NA
"2067","sexo2=1,fxet3=1,alcool=1,ppl=0,tipores3=1  encerra2=1",27,1.76985359361136,0.275510204081633,0.0456852791878173,NA,NA,NA,NA,NA,NA,NA,NA
"2068","sexo2=1,fxet3=1,alcool=1,pdres5=1,tipores3=1  encerra2=1",27,1.76985359361136,0.275510204081633,0.0456852791878173,NA,NA,NA,NA,NA,NA,NA,NA
"2069","sexo2=1,alcool=1,ppl=0,pdres5=1,tipores3=1  encerra2=1",28,1.68102397399431,0.261682242990654,0.0473773265651438,NA,NA,NA,NA,NA,NA,NA,NA
"2070","sexo2=1,alcool=1,comtabagis=0,ppl=0,pdres5=1  encerra2=1",18,1.95983787767133,0.305084745762712,0.0304568527918782,NA,NA,NA,NA,NA,NA,NA,NA
"2071","sexo2=1,fxet3=1,hiv3=0,alcool=1,cavitacao=1  encerra2=1",24,1.85751702462022,0.289156626506024,0.0406091370558376,NA,NA,NA,NA,NA,NA,NA,NA
"2072","sexo2=1,hiv3=0,alcool=1,pdres5=1,cavitacao=1  encerra2=1",25,1.80446995603322,0.280898876404494,0.0423011844331641,NA,NA,NA,NA,NA,NA,NA,NA
"2073","sexo2=1,fxet3=1,alcool=1,pdres5=1,cavitacao=1  encerra2=1",27,1.78809950694756,0.278350515463918,0.0456852791878173,NA,NA,NA,NA,NA,NA,NA,NA
"2074","fxet3=1,hiv3=0,alcool=1,cavitacao=1,tipores3=1  encerra2=1",21,1.82300235017626,0.283783783783784,0.0355329949238579,NA,NA,NA,NA,NA,NA,NA,NA
"2075","hiv3=0,alcool=1,pdres5=1,cavitacao=1,tipores3=1  encerra2=1",22,1.78893780957622,0.278481012658228,0.0372250423011844,NA,NA,NA,NA,NA,NA,NA,NA
"2076","fxet3=1,alcool=1,ppl=0,cavitacao=1,tipores3=1  encerra2=1",25,1.76481127568084,0.274725274725275,0.0423011844331641,NA,NA,NA,NA,NA,NA,NA,NA
"2077","fxet3=1,alcool=1,pdres5=1,cavitacao=1,tipores3=1  encerra2=1",25,1.76481127568084,0.274725274725275,0.0423011844331641,NA,NA,NA,NA,NA,NA,NA,NA
"2078","alcool=1,ppl=0,pdres5=1,cavitacao=1,tipores3=1  encerra2=1",26,1.70430346051464,0.26530612244898,0.0439932318104907,NA,NA,NA,NA,NA,NA,NA,NA
"2079","fxet3=1,alcool=1,ppl=0,pdres5=1,tipores3=1  encerra2=1",29,1.66333462732919,0.258928571428571,0.0490693739424704,NA,NA,NA,NA,NA,NA,NA,NA
"2080","fxet3=1,hiv3=0,alcool=1,pdres5=1,cavitacao=1  encerra2=1",25,1.70848751156337,0.265957446808511,0.0423011844331641,NA,NA,NA,NA,NA,NA,NA,NA
"2081","escol4=1,mumigual=0,comdiab=0,pdres5=1,bilateral=0  encerra2=1",18,1.56257344300823,0.243243243243243,0.0304568527918782,NA,NA,NA,NA,NA,NA,NA,NA
"2082","fxet3=1,escol4=1,mumigual=0,pdres5=1,bilateral=0  encerra2=1",18,1.5016939582157,0.233766233766234,0.0304568527918782,NA,NA,NA,NA,NA,NA,NA,NA
"2083","mumigual=0,hiv3=0,comdiab=0,pdres5=1,bilateral=0  encerra2=1",18,1.17990239574091,0.183673469387755,0.0304568527918782,NA,NA,NA,NA,NA,NA,NA,NA
"2084","fxet3=1,mumigual=0,hiv3=0,pdres5=1,bilateral=0  encerra2=1",19,1.17359949832776,0.182692307692308,0.0321489001692047,NA,NA,NA,NA,NA,NA,NA,NA
"2085","raca3=1,fxet3=1,comdiab=0,comtabagis=0,bilateral=0  encerra2=1",19,1.40292353823088,0.218390804597701,0.0321489001692047,NA,NA,NA,NA,NA,NA,NA,NA
"2086","raca3=1,comdiab=0,comtabagis=0,pdres5=1,bilateral=0  encerra2=1",19,1.29845050878816,0.202127659574468,0.0321489001692047,NA,NA,NA,NA,NA,NA,NA,NA
"2087","raca3=1,fxet3=1,comdiab=0,pdres5=1,bilateral=0  encerra2=1",20,1.23536789297659,0.192307692307692,0.0338409475465313,NA,NA,NA,NA,NA,NA,NA,NA
"2088","sexo2=1,fxet3=1,escol4=1,comdiab=0,bilateral=0  encerra2=1",20,1.58615136876006,0.246913580246914,0.0338409475465313,NA,NA,NA,NA,NA,NA,NA,NA
"2089","sexo2=1,fxet3=1,escol4=1,pdres5=1,bilateral=0  encerra2=1",21,1.5157547630679,0.235955056179775,0.0355329949238579,NA,NA,NA,NA,NA,NA,NA,NA
"2090","escol4=1,alcool=0,comdiab=0,comtabagis=0,bilateral=0  encerra2=1",22,1.99050826699326,0.309859154929577,0.0372250423011844,NA,NA,NA,NA,NA,NA,NA,NA
"2091","fxet3=1,escol4=1,alcool=0,comtabagis=0,bilateral=0  encerra2=1",22,1.72348886532344,0.268292682926829,0.0372250423011844,NA,NA,NA,NA,NA,NA,NA,NA
"2092","escol4=1,alcool=0,comtabagis=0,pdres5=1,bilateral=0  encerra2=1",23,1.66011235955056,0.258426966292135,0.038917089678511,NA,NA,NA,NA,NA,NA,NA,NA
"2093","fxet3=1,escol4=1,alcool=0,comdiab=0,bilateral=0  encerra2=1",24,1.9515685195377,0.30379746835443,0.0406091370558376,NA,NA,NA,NA,NA,NA,NA,NA
"2094","fxet3=1,escol4=1,alcool=0,pdres5=1,bilateral=0  encerra2=1",24,1.64014801110083,0.25531914893617,0.0406091370558376,NA,NA,NA,NA,NA,NA,NA,NA
"2095","fxet3=1,escol4=1,comtabagis=0,bilateral=0,tipores3=1  encerra2=1",18,1.58397855866587,0.246575342465753,0.0304568527918782,NA,NA,NA,NA,NA,NA,NA,NA
"2096","fxet3=1,escol4=1,comdiab=0,comtabagis=0,bilateral=0  encerra2=1",24,1.83540372670807,0.285714285714286,0.0406091370558376,NA,NA,NA,NA,NA,NA,NA,NA
"2097","escol4=1,comdiab=0,comtabagis=0,pdres5=1,bilateral=0  encerra2=1",24,1.73229115779189,0.269662921348315,0.0406091370558376,NA,NA,NA,NA,NA,NA,NA,NA
"2098","fxet3=1,escol4=1,comtabagis=0,pdres5=1,bilateral=0  encerra2=1",24,1.60597826086957,0.25,0.0406091370558376,NA,NA,NA,NA,NA,NA,NA,NA
"2099","escol4=1,hiv3=0,comdiab=0,pdres5=1,bilateral=0  encerra2=1",21,1.5157547630679,0.235955056179775,0.0355329949238579,NA,NA,NA,NA,NA,NA,NA,NA
"2100","escol4=1,comdiab=0,pdres5=1,cavitacao=1,bilateral=0  encerra2=1",21,1.53297924901186,0.238636363636364,0.0355329949238579,NA,NA,NA,NA,NA,NA,NA,NA
"2101","fxet3=1,escol4=1,comdiab=0,pdres5=1,bilateral=0  encerra2=1",28,1.60597826086957,0.25,0.0473773265651438,NA,NA,NA,NA,NA,NA,NA,NA
"2102","sexo2=1,fxet3=1,alcool=0,comdiab=0,bilateral=0  encerra2=1",18,1.70044757033248,0.264705882352941,0.0304568527918782,NA,NA,NA,NA,NA,NA,NA,NA
"2103","sexo2=1,alcool=0,comdiab=0,pdres5=1,bilateral=0  encerra2=1",19,1.62739130434783,0.253333333333333,0.0321489001692047,NA,NA,NA,NA,NA,NA,NA,NA
"2104","sexo2=1,fxet3=1,alcool=0,pdres5=1,bilateral=0  encerra2=1",19,1.54499174463401,0.240506329113924,0.0321489001692047,NA,NA,NA,NA,NA,NA,NA,NA
"2105","sexo2=1,fxet3=1,comtabagis=0,bilateral=0,tipores3=1  encerra2=1",19,1.90709918478261,0.296875,0.0321489001692047,NA,NA,NA,NA,NA,NA,NA,NA
"2106","sexo2=1,comtabagis=0,pdres5=1,bilateral=0,tipores3=1  encerra2=1",19,1.69519927536232,0.263888888888889,0.0321489001692047,NA,NA,NA,NA,NA,NA,NA,NA
"2107","sexo2=1,fxet3=1,comdrogas=0,bilateral=0,tipores3=1  encerra2=1",18,1.77892976588629,0.276923076923077,0.0304568527918782,NA,NA,NA,NA,NA,NA,NA,NA
"2108","sexo2=1,comdrogas=0,pdres5=1,bilateral=0,tipores3=1  encerra2=1",18,1.54173913043478,0.24,0.0304568527918782,NA,NA,NA,NA,NA,NA,NA,NA
"2109","sexo2=1,fxet3=1,pdres5=1,bilateral=0,tipores3=1  encerra2=1",21,1.62532739654269,0.253012048192771,0.0355329949238579,NA,NA,NA,NA,NA,NA,NA,NA
"2110","sexo2=1,fxet3=1,comdiab=0,comtabagis=0,bilateral=0  encerra2=1",20,1.62630709961475,0.253164556962025,0.0338409475465313,NA,NA,NA,NA,NA,NA,NA,NA
"2111","sexo2=1,comdiab=0,comtabagis=0,pdres5=1,bilateral=0  encerra2=1",20,1.49393326592518,0.232558139534884,0.0338409475465313,NA,NA,NA,NA,NA,NA,NA,NA
"2112","sexo2=1,fxet3=1,comtabagis=0,pdres5=1,bilateral=0  encerra2=1",22,1.58793356130923,0.247191011235955,0.0372250423011844,NA,NA,NA,NA,NA,NA,NA,NA
"2113","sexo2=1,fxet3=1,comdiab=0,pdres5=1,bilateral=0  encerra2=1",24,1.46832298136646,0.228571428571429,0.0406091370558376,NA,NA,NA,NA,NA,NA,NA,NA
"2114","alcool=0,comdiab=0,comtabagis=0,bilateral=0,tipores3=1  encerra2=1",18,1.37655279503106,0.214285714285714,0.0304568527918782,NA,NA,NA,NA,NA,NA,NA,NA
"2115","fxet3=1,alcool=0,comdiab=0,bilateral=0,tipores3=1  encerra2=1",18,1.32908545727136,0.206896551724138,0.0304568527918782,NA,NA,NA,NA,NA,NA,NA,NA
"2116","fxet3=1,alcool=0,pdres5=1,bilateral=0,tipores3=1  encerra2=1",19,1.25829224562976,0.195876288659794,0.0321489001692047,NA,NA,NA,NA,NA,NA,NA,NA
"2117","alcool=0,comdiab=0,comtabagis=0,cavitacao=1,bilateral=0  encerra2=1",18,1.34453993933266,0.209302325581395,0.0304568527918782,NA,NA,NA,NA,NA,NA,NA,NA
"2118","fxet3=1,alcool=0,comdiab=0,comtabagis=0,bilateral=0  encerra2=1",25,1.36099852616065,0.211864406779661,0.0423011844331641,NA,NA,NA,NA,NA,NA,NA,NA
"2119","alcool=0,comdiab=0,comtabagis=0,pdres5=1,bilateral=0  encerra2=1",25,1.32725476104923,0.206611570247934,0.0423011844331641,NA,NA,NA,NA,NA,NA,NA,NA
"2120","fxet3=1,alcool=0,comdiab=0,pdres5=1,bilateral=0  encerra2=1",27,1.3240126120146,0.206106870229008,0.0456852791878173,NA,NA,NA,NA,NA,NA,NA,NA
"2121","fxet3=1,comdiab=0,comtabagis=0,bilateral=0,tipores3=1  encerra2=1",22,1.44210292812777,0.224489795918367,0.0372250423011844,NA,NA,NA,NA,NA,NA,NA,NA
"2122","comdiab=0,comtabagis=0,pdres5=1,bilateral=0,tipores3=1  encerra2=1",22,1.34596273291925,0.20952380952381,0.0372250423011844,NA,NA,NA,NA,NA,NA,NA,NA
"2123","fxet3=1,comtabagis=0,pdres5=1,bilateral=0,tipores3=1  encerra2=1",24,1.44087769199512,0.224299065420561,0.0406091370558376,NA,NA,NA,NA,NA,NA,NA,NA
"2124","comdiab=0,comtabagis=0,pdres5=1,cavitacao=1,bilateral=0  encerra2=1",21,1.29713628762542,0.201923076923077,0.0355329949238579,NA,NA,NA,NA,NA,NA,NA,NA
"2125","fxet3=1,comdiab=0,comtabagis=0,pdres5=1,bilateral=0  encerra2=1",29,1.35980641066328,0.211678832116788,0.0490693739424704,NA,NA,NA,NA,NA,NA,NA,NA
"2126","sexo2=1,raca3=0,fxet3=1,escol4=1,comdiab=0  encerra2=1",19,1.60597826086957,0.25,0.0321489001692047,NA,NA,NA,NA,NA,NA,NA,NA
"2127","sexo2=1,raca3=0,escol4=1,comdiab=0,pdres5=1  encerra2=1",20,1.58615136876006,0.246913580246914,0.0338409475465313,NA,NA,NA,NA,NA,NA,NA,NA
"2128","sexo2=1,raca3=0,fxet3=1,escol4=1,pdres5=1  encerra2=1",20,1.56680805938494,0.24390243902439,0.0338409475465313,NA,NA,NA,NA,NA,NA,NA,NA
"2129","raca3=0,escol4=1,alcool=0,comdiab=0,pdres5=1  encerra2=1",18,1.70044757033248,0.264705882352941,0.0304568527918782,NA,NA,NA,NA,NA,NA,NA,NA
"2130","raca3=0,fxet3=1,escol4=1,alcool=0,pdres5=1  encerra2=1",18,1.52145308924485,0.236842105263158,0.0304568527918782,NA,NA,NA,NA,NA,NA,NA,NA
"2131","raca3=0,fxet3=1,escol4=1,comdiab=0,pdres5=1  encerra2=1",24,1.58942178395338,0.247422680412371,0.0406091370558376,NA,NA,NA,NA,NA,NA,NA,NA
"2132","sexo2=1,raca3=0,fxet3=1,pdres5=1,tipores3=1  encerra2=1",20,1.35240274599542,0.210526315789474,0.0338409475465313,NA,NA,NA,NA,NA,NA,NA,NA
"2133","sexo2=1,raca3=0,hiv3=0,pdres5=1,cavitacao=1  encerra2=1",19,1.32667769376181,0.206521739130435,0.0321489001692047,NA,NA,NA,NA,NA,NA,NA,NA
"2134","sexo2=1,raca3=0,fxet3=1,comdiab=0,pdres5=1  encerra2=1",24,1.30655858511422,0.203389830508475,0.0406091370558376,NA,NA,NA,NA,NA,NA,NA,NA
"2135","fxet3=1,escol4=1,mumigual=1,bilateral=1,tipores3=1  encerra2=1",18,1.28478260869565,0.2,0.0304568527918782,NA,NA,NA,NA,NA,NA,NA,NA
"2136","sexo2=1,escol4=1,mumigual=1,comdiab=0,tipores3=1  encerra2=1",20,1.31100266193434,0.204081632653061,0.0338409475465313,NA,NA,NA,NA,NA,NA,NA,NA
"2137","sexo2=1,fxet3=1,escol4=1,mumigual=1,tipores3=1  encerra2=1",20,1.35240274599542,0.210526315789474,0.0338409475465313,NA,NA,NA,NA,NA,NA,NA,NA
"2138","sexo2=1,fxet3=1,escol4=1,mumigual=1,comdiab=0  encerra2=1",22,1.37209793161672,0.213592233009709,0.0372250423011844,NA,NA,NA,NA,NA,NA,NA,NA
"2139","fxet3=1,escol4=1,mumigual=1,alcool=0,comdiab=0  encerra2=1",18,1.34453993933266,0.209302325581395,0.0304568527918782,NA,NA,NA,NA,NA,NA,NA,NA
"2140","escol4=1,mumigual=1,comtabagis=0,pdres5=1,tipores3=1  encerra2=1",20,1.21205906480722,0.188679245283019,0.0338409475465313,NA,NA,NA,NA,NA,NA,NA,NA
"2141","fxet3=1,escol4=1,mumigual=1,comdiab=0,tipores3=1  encerra2=1",26,1.3803449514912,0.214876033057851,0.0439932318104907,NA,NA,NA,NA,NA,NA,NA,NA
"2142","escol4=1,mumigual=1,comdiab=0,ppl=0,tipores3=1  encerra2=1",25,1.25467051630435,0.1953125,0.0423011844331641,NA,NA,NA,NA,NA,NA,NA,NA
"2143","escol4=1,mumigual=1,comdiab=0,pdres5=1,tipores3=1  encerra2=1",26,1.2653162055336,0.196969696969697,0.0439932318104907,NA,NA,NA,NA,NA,NA,NA,NA
"2144","fxet3=1,escol4=1,mumigual=1,ppl=0,tipores3=1  encerra2=1",25,1.28478260869565,0.2,0.0423011844331641,NA,NA,NA,NA,NA,NA,NA,NA
"2145","fxet3=1,escol4=1,mumigual=1,pdres5=1,tipores3=1  encerra2=1",26,1.29474216380182,0.201550387596899,0.0439932318104907,NA,NA,NA,NA,NA,NA,NA,NA
"2146","fxet3=1,escol4=1,mumigual=1,comdiab=0,ppl=0  encerra2=1",28,1.36264822134387,0.212121212121212,0.0473773265651438,NA,NA,NA,NA,NA,NA,NA,NA
"2147","fxet3=1,escol4=1,mumigual=1,comdiab=0,pdres5=1  encerra2=1",29,1.35980641066328,0.211678832116788,0.0490693739424704,NA,NA,NA,NA,NA,NA,NA,NA
"2148","raca3=1,escol4=1,mumigual=0,comdiab=0,cavitacao=1  encerra2=1",23,1.4775,0.23,0.038917089678511,NA,NA,NA,NA,NA,NA,NA,NA
"2149","raca3=1,fxet3=1,escol4=1,mumigual=0,cavitacao=1  encerra2=1",27,1.54862189440994,0.241071428571429,0.0456852791878173,NA,NA,NA,NA,NA,NA,NA,NA
"2150","sexo2=1,raca3=1,mumigual=0,cavitacao=1,tipores3=1  encerra2=1",21,1.48244147157191,0.230769230769231,0.0355329949238579,NA,NA,NA,NA,NA,NA,NA,NA
"2151","sexo2=1,raca3=1,fxet3=1,mumigual=0,comtabagis=0  encerra2=1",19,1.35615942028986,0.211111111111111,0.0321489001692047,NA,NA,NA,NA,NA,NA,NA,NA
"2152","sexo2=1,raca3=1,mumigual=0,comdiab=0,cavitacao=1  encerra2=1",23,1.46287128712871,0.227722772277228,0.038917089678511,NA,NA,NA,NA,NA,NA,NA,NA
"2153","sexo2=1,raca3=1,fxet3=1,mumigual=0,cavitacao=1  encerra2=1",25,1.50091426249492,0.233644859813084,0.0423011844331641,NA,NA,NA,NA,NA,NA,NA,NA
"2154","raca3=1,mumigual=0,comdiab=0,comtabagis=0,tipores3=1  encerra2=1",19,1.2084588893672,0.188118811881188,0.0321489001692047,NA,NA,NA,NA,NA,NA,NA,NA
"2155","raca3=1,mumigual=0,hiv3=0,comdiab=0,tipores3=1  encerra2=1",19,1.2084588893672,0.188118811881188,0.0321489001692047,NA,NA,NA,NA,NA,NA,NA,NA
"2156","raca3=1,fxet3=1,mumigual=0,cavitacao=1,tipores3=1  encerra2=1",27,1.48244147157191,0.230769230769231,0.0456852791878173,NA,NA,NA,NA,NA,NA,NA,NA
"2157","raca3=1,mumigual=0,pdres5=1,cavitacao=1,tipores3=1  encerra2=1",27,1.41012725344645,0.219512195121951,0.0456852791878173,NA,NA,NA,NA,NA,NA,NA,NA
"2158","raca3=1,fxet3=1,mumigual=0,pdres5=1,tipores3=1  encerra2=1",28,1.34231018818949,0.208955223880597,0.0473773265651438,NA,NA,NA,NA,NA,NA,NA,NA
"2159","raca3=1,mumigual=0,hiv3=0,comdiab=0,pdres5=1  encerra2=1",25,1.18961352657005,0.185185185185185,0.0423011844331641,NA,NA,NA,NA,NA,NA,NA,NA
"2160","raca3=1,fxet3=1,mumigual=0,hiv3=0,pdres5=1  encerra2=1",28,1.24909420289855,0.194444444444444,0.0473773265651438,NA,NA,NA,NA,NA,NA,NA,NA
"2161","mumigual=0,ppl=0,cavitacao=1,bilateral=1,tipores3=1  encerra2=1",24,1.26372059871703,0.19672131147541,0.0406091370558376,NA,NA,NA,NA,NA,NA,NA,NA
"2162","mumigual=0,pdres5=1,cavitacao=1,bilateral=1,tipores3=1  encerra2=1",24,1.27416457060726,0.198347107438017,0.0406091370558376,NA,NA,NA,NA,NA,NA,NA,NA
"2163","sexo2=1,fxet3=1,escol4=1,mumigual=0,comtabagis=0  encerra2=1",19,1.50684380032206,0.234567901234568,0.0321489001692047,NA,NA,NA,NA,NA,NA,NA,NA
"2164","sexo2=1,escol4=1,mumigual=0,comtabagis=0,pdres5=1  encerra2=1",19,1.40292353823088,0.218390804597701,0.0321489001692047,NA,NA,NA,NA,NA,NA,NA,NA
"2165","sexo2=1,escol4=1,mumigual=0,hiv3=0,cavitacao=1  encerra2=1",20,1.51150895140665,0.235294117647059,0.0338409475465313,NA,NA,NA,NA,NA,NA,NA,NA
"2166","sexo2=1,escol4=1,mumigual=0,hiv3=0,pdres5=1  encerra2=1",21,1.37655279503106,0.214285714285714,0.0355329949238579,NA,NA,NA,NA,NA,NA,NA,NA
"2167","sexo2=1,fxet3=1,escol4=1,mumigual=0,pdres5=1  encerra2=1",26,1.36903064861012,0.213114754098361,0.0439932318104907,NA,NA,NA,NA,NA,NA,NA,NA
"2168","escol4=1,mumigual=0,alcool=0,comdiab=0,comtabagis=0  encerra2=1",20,1.41184902054467,0.21978021978022,0.0338409475465313,NA,NA,NA,NA,NA,NA,NA,NA
"2169","escol4=1,mumigual=0,comdiab=0,comtabagis=0,cavitacao=1  encerra2=1",21,1.43512950971323,0.223404255319149,0.0355329949238579,NA,NA,NA,NA,NA,NA,NA,NA
"2170","fxet3=1,escol4=1,mumigual=0,comtabagis=0,cavitacao=1  encerra2=1",24,1.40158102766798,0.218181818181818,0.0406091370558376,NA,NA,NA,NA,NA,NA,NA,NA
"2171","fxet3=1,escol4=1,mumigual=0,comdiab=0,comtabagis=0  encerra2=1",25,1.45998023715415,0.227272727272727,0.0423011844331641,NA,NA,NA,NA,NA,NA,NA,NA
"2172","fxet3=1,escol4=1,mumigual=0,comtabagis=0,pdres5=1  encerra2=1",27,1.39875525946704,0.217741935483871,0.0456852791878173,NA,NA,NA,NA,NA,NA,NA,NA
"2173","escol4=1,mumigual=0,hiv3=0,pdres5=1,cavitacao=1  encerra2=1",26,1.35790031813362,0.211382113821138,0.0439932318104907,NA,NA,NA,NA,NA,NA,NA,NA
"2174","fxet3=1,escol4=1,mumigual=0,comdiab=0,cavitacao=1  encerra2=1",29,1.39024983776768,0.216417910447761,0.0490693739424704,NA,NA,NA,NA,NA,NA,NA,NA
"2175","fxet3=1,escol4=1,mumigual=0,pdres5=1,cavitacao=1  encerra2=1",33,1.37655279503106,0.214285714285714,0.0558375634517767,NA,NA,NA,NA,NA,NA,NA,NA
"2176","sexo2=1,mumigual=0,comtabagis=0,cavitacao=1,tipores3=1  encerra2=1",21,1.49891304347826,0.233333333333333,0.0355329949238579,NA,NA,NA,NA,NA,NA,NA,NA
"2177","sexo2=1,fxet3=1,mumigual=0,comtabagis=0,tipores3=1  encerra2=1",24,1.55731225296443,0.242424242424242,0.0406091370558376,NA,NA,NA,NA,NA,NA,NA,NA
"2178","sexo2=1,mumigual=0,comtabagis=0,pdres5=1,tipores3=1  encerra2=1",25,1.48701690821256,0.231481481481481,0.0423011844331641,NA,NA,NA,NA,NA,NA,NA,NA
"2179","sexo2=1,mumigual=0,hiv3=0,cavitacao=1,tipores3=1  encerra2=1",24,1.57320319432121,0.244897959183673,0.0406091370558376,NA,NA,NA,NA,NA,NA,NA,NA
"2180","sexo2=1,fxet3=1,mumigual=0,hiv3=0,tipores3=1  encerra2=1",26,1.56095083299472,0.242990654205607,0.0439932318104907,NA,NA,NA,NA,NA,NA,NA,NA
"2181","sexo2=1,mumigual=0,hiv3=0,ppl=0,tipores3=1  encerra2=1",26,1.50470035252644,0.234234234234234,0.0439932318104907,NA,NA,NA,NA,NA,NA,NA,NA
"2182","sexo2=1,mumigual=0,hiv3=0,pdres5=1,tipores3=1  encerra2=1",27,1.52145308924485,0.236842105263158,0.0456852791878173,NA,NA,NA,NA,NA,NA,NA,NA
"2183","sexo2=1,fxet3=1,mumigual=0,cavitacao=1,tipores3=1  encerra2=1",28,1.48652533237513,0.231404958677686,0.0473773265651438,NA,NA,NA,NA,NA,NA,NA,NA
"2184","sexo2=1,mumigual=0,pdres5=1,cavitacao=1,tipores3=1  encerra2=1",29,1.5023667601683,0.233870967741935,0.0490693739424704,NA,NA,NA,NA,NA,NA,NA,NA
"2185","sexo2=1,fxet3=1,mumigual=0,comdrogas=0,tipores3=1  encerra2=1",24,1.48244147157191,0.230769230769231,0.0406091370558376,NA,NA,NA,NA,NA,NA,NA,NA
"2186","sexo2=1,fxet3=1,mumigual=0,pdres5=1,tipores3=1  encerra2=1",32,1.48960302457467,0.231884057971014,0.0541455160744501,NA,NA,NA,NA,NA,NA,NA,NA
"2187","sexo2=1,mumigual=0,hiv3=0,comdiab=0,cavitacao=1  encerra2=1",27,1.48244147157191,0.230769230769231,0.0456852791878173,NA,NA,NA,NA,NA,NA,NA,NA
"2188","sexo2=1,mumigual=0,hiv3=0,pdres5=1,cavitacao=1  encerra2=1",31,1.49730304020922,0.233082706766917,0.0524534686971235,NA,NA,NA,NA,NA,NA,NA,NA
"2189","sexo2=1,mumigual=0,hiv3=0,comdiab=0,pdres5=1  encerra2=1",29,1.33066770186335,0.207142857142857,0.0490693739424704,NA,NA,NA,NA,NA,NA,NA,NA
"2190","sexo2=1,fxet3=1,mumigual=0,hiv3=0,pdres5=1  encerra2=1",32,1.36135905557155,0.211920529801325,0.0541455160744501,NA,NA,NA,NA,NA,NA,NA,NA
"2191","sexo2=1,fxet3=1,mumigual=0,comdiab=0,cavitacao=1  encerra2=1",32,1.43751900273639,0.223776223776224,0.0541455160744501,NA,NA,NA,NA,NA,NA,NA,NA
"2192","sexo2=1,fxet3=1,mumigual=0,comdiab=0,pdres5=1  encerra2=1",36,1.36035805626598,0.211764705882353,0.0609137055837563,NA,NA,NA,NA,NA,NA,NA,NA
"2193","mumigual=0,hiv3=0,comdiab=0,comtabagis=0,tipores3=1  encerra2=1",21,1.183352402746,0.184210526315789,0.0355329949238579,NA,NA,NA,NA,NA,NA,NA,NA
"2194","mumigual=0,comdiab=0,comtabagis=0,cavitacao=1,tipores3=1  encerra2=1",24,1.2955791012057,0.201680672268908,0.0406091370558376,NA,NA,NA,NA,NA,NA,NA,NA
"2195","fxet3=1,mumigual=0,comdiab=0,comtabagis=0,tipores3=1  encerra2=1",27,1.23011100832562,0.191489361702128,0.0456852791878173,NA,NA,NA,NA,NA,NA,NA,NA
"2196","mumigual=0,comdiab=0,comtabagis=0,pdres5=1,tipores3=1  encerra2=1",27,1.17990239574091,0.183673469387755,0.0456852791878173,NA,NA,NA,NA,NA,NA,NA,NA
"2197","fxet3=1,mumigual=0,comtabagis=0,pdres5=1,tipores3=1  encerra2=1",30,1.23536789297659,0.192307692307692,0.050761421319797,NA,NA,NA,NA,NA,NA,NA,NA
"2198","mumigual=0,hiv3=0,comdiab=0,cavitacao=1,tipores3=1  encerra2=1",25,1.28478260869565,0.2,0.0423011844331641,NA,NA,NA,NA,NA,NA,NA,NA
"2199","mumigual=0,hiv3=0,pdres5=1,cavitacao=1,tipores3=1  encerra2=1",29,1.27598272781417,0.198630136986301,0.0490693739424704,NA,NA,NA,NA,NA,NA,NA,NA
"2200","mumigual=0,hiv3=0,comdiab=0,pdres5=1,tipores3=1  encerra2=1",27,1.17193008225617,0.182432432432432,0.0456852791878173,NA,NA,NA,NA,NA,NA,NA,NA
"2201","fxet3=1,mumigual=0,hiv3=0,pdres5=1,tipores3=1  encerra2=1",31,1.23690251147718,0.192546583850932,0.0524534686971235,NA,NA,NA,NA,NA,NA,NA,NA
"2202","fxet3=1,mumigual=0,comdiab=0,cavitacao=1,tipores3=1  encerra2=1",32,1.29286300246103,0.20125786163522,0.0541455160744501,NA,NA,NA,NA,NA,NA,NA,NA
"2203","mumigual=0,comdiab=0,pdres5=1,cavitacao=1,tipores3=1  encerra2=1",32,1.27680259249257,0.198757763975155,0.0541455160744501,NA,NA,NA,NA,NA,NA,NA,NA
"2204","fxet3=1,mumigual=0,pdres5=1,cavitacao=1,tipores3=1  encerra2=1",36,1.31398221343874,0.204545454545455,0.0609137055837563,NA,NA,NA,NA,NA,NA,NA,NA
"2205","sexo2=1,raca3=1,cavitacao=1,bilateral=1,tipores3=1  encerra2=1",20,1.25959079283887,0.196078431372549,0.0338409475465313,NA,NA,NA,NA,NA,NA,NA,NA
"2206","sexo2=1,raca3=1,comdiab=0,bilateral=1,tipores3=1  encerra2=1",22,1.27320799059929,0.198198198198198,0.0372250423011844,NA,NA,NA,NA,NA,NA,NA,NA
"2207","sexo2=1,raca3=1,fxet3=1,bilateral=1,tipores3=1  encerra2=1",23,1.33108108108108,0.207207207207207,0.038917089678511,NA,NA,NA,NA,NA,NA,NA,NA
"2208","sexo2=1,raca3=1,ppl=0,bilateral=1,tipores3=1  encerra2=1",23,1.26282051282051,0.196581196581197,0.038917089678511,NA,NA,NA,NA,NA,NA,NA,NA
"2209","sexo2=1,raca3=1,pdres5=1,bilateral=1,tipores3=1  encerra2=1",23,1.23125,0.191666666666667,0.038917089678511,NA,NA,NA,NA,NA,NA,NA,NA
"2210","sexo2=1,raca3=1,comtabagis=0,ppl=0,bilateral=1  encerra2=1",18,1.17990239574091,0.183673469387755,0.0304568527918782,NA,NA,NA,NA,NA,NA,NA,NA
"2211","sexo2=1,raca3=1,comdiab=0,cavitacao=1,bilateral=1  encerra2=1",21,1.23763462305544,0.192660550458716,0.0355329949238579,NA,NA,NA,NA,NA,NA,NA,NA
"2212","sexo2=1,raca3=1,fxet3=1,cavitacao=1,bilateral=1  encerra2=1",22,1.2618400621118,0.196428571428571,0.0372250423011844,NA,NA,NA,NA,NA,NA,NA,NA
"2213","sexo2=1,raca3=1,ppl=0,cavitacao=1,bilateral=1  encerra2=1",22,1.21832833583208,0.189655172413793,0.0372250423011844,NA,NA,NA,NA,NA,NA,NA,NA
"2214","sexo2=1,raca3=1,comdiab=0,ppl=0,bilateral=1  encerra2=1",24,1.22360248447205,0.19047619047619,0.0406091370558376,NA,NA,NA,NA,NA,NA,NA,NA
"2215","sexo2=1,raca3=1,fxet3=1,ppl=0,bilateral=1  encerra2=1",25,1.26454981170832,0.196850393700787,0.0423011844331641,NA,NA,NA,NA,NA,NA,NA,NA
"2216","raca3=1,comdiab=0,cavitacao=1,bilateral=1,tipores3=1  encerra2=1",24,1.14202898550725,0.177777777777778,0.0406091370558376,NA,NA,NA,NA,NA,NA,NA,NA
"2217","raca3=1,fxet3=1,cavitacao=1,bilateral=1,tipores3=1  encerra2=1",27,1.23011100832562,0.191489361702128,0.0456852791878173,NA,NA,NA,NA,NA,NA,NA,NA
"2218","raca3=1,ppl=0,cavitacao=1,bilateral=1,tipores3=1  encerra2=1",27,1.15630434782609,0.18,0.0456852791878173,NA,NA,NA,NA,NA,NA,NA,NA
"2219","raca3=1,comdiab=0,ppl=0,bilateral=1,tipores3=1  encerra2=1",28,1.14566602049294,0.178343949044586,0.0473773265651438,NA,NA,NA,NA,NA,NA,NA,NA
"2220","raca3=1,comdiab=0,pdres5=1,bilateral=1,tipores3=1  encerra2=1",28,1.1241847826087,0.175,0.0473773265651438,NA,NA,NA,NA,NA,NA,NA,NA
"2221","raca3=1,fxet3=1,ppl=0,bilateral=1,tipores3=1  encerra2=1",31,1.22172579354495,0.190184049079755,0.0524534686971235,NA,NA,NA,NA,NA,NA,NA,NA
"2222","raca3=1,ppl=0,pdres5=1,bilateral=1,tipores3=1  encerra2=1",31,1.1187713727406,0.174157303370787,0.0524534686971235,NA,NA,NA,NA,NA,NA,NA,NA
"2223","raca3=1,comdiab=0,ppl=0,cavitacao=1,bilateral=1  encerra2=1",27,1.14108981693364,0.177631578947368,0.0456852791878173,NA,NA,NA,NA,NA,NA,NA,NA
"2224","raca3=1,fxet3=1,ppl=0,cavitacao=1,bilateral=1  encerra2=1",31,1.21427624602333,0.189024390243902,0.0524534686971235,NA,NA,NA,NA,NA,NA,NA,NA
"2225","raca3=1,escol4=1,comdiab=0,comtabagis=0,cavitacao=1  encerra2=1",25,1.31637562366358,0.204918032786885,0.0423011844331641,NA,NA,NA,NA,NA,NA,NA,NA
"2226","sexo2=1,raca3=1,comdiab=0,comtabagis=0,tipores3=1  encerra2=1",26,1.32556935817805,0.206349206349206,0.0439932318104907,NA,NA,NA,NA,NA,NA,NA,NA
"2227","sexo2=1,raca3=1,fxet3=1,comdiab=0,tipores3=1  encerra2=1",33,1.33326497128794,0.207547169811321,0.0558375634517767,NA,NA,NA,NA,NA,NA,NA,NA
"2228","sexo2=1,raca3=1,comdiab=0,pdres5=1,tipores3=1  encerra2=1",33,1.23249494438827,0.191860465116279,0.0558375634517767,NA,NA,NA,NA,NA,NA,NA,NA
"2229","sexo2=1,raca3=1,fxet3=1,ppl=0,tipores3=1  encerra2=1",33,1.32493206521739,0.20625,0.0558375634517767,NA,NA,NA,NA,NA,NA,NA,NA
"2230","sexo2=1,raca3=1,fxet3=1,comdiab=0,comtabagis=0  encerra2=1",30,1.38645605254926,0.215827338129496,0.050761421319797,NA,NA,NA,NA,NA,NA,NA,NA
"2231","raca3=1,comtabagis=0,pdres5=1,cavitacao=1,tipores3=1  encerra2=1",29,1.1571023494464,0.180124223602484,0.0490693739424704,NA,NA,NA,NA,NA,NA,NA,NA
"2232","raca3=1,fxet3=1,comdiab=0,comtabagis=0,tipores3=1  encerra2=1",33,1.24699488491049,0.194117647058824,0.0558375634517767,NA,NA,NA,NA,NA,NA,NA,NA
"2233","raca3=1,comdiab=0,comtabagis=0,pdres5=1,tipores3=1  encerra2=1",33,1.16477544194936,0.181318681318681,0.0558375634517767,NA,NA,NA,NA,NA,NA,NA,NA
"2234","raca3=1,fxet3=1,comtabagis=0,pdres5=1,tipores3=1  encerra2=1",35,1.23536789297659,0.192307692307692,0.0592216582064298,NA,NA,NA,NA,NA,NA,NA,NA
"2235","raca3=1,fxet3=1,pdres5=1,cavitacao=1,tipores3=1  encerra2=1",38,1.22054347826087,0.19,0.0642978003384095,NA,NA,NA,NA,NA,NA,NA,NA
"2236","raca3=1,fxet3=1,comdiab=0,comtabagis=0,cavitacao=1  encerra2=1",32,1.20920716112532,0.188235294117647,0.0541455160744501,NA,NA,NA,NA,NA,NA,NA,NA
"2237","fxet3=1,ppl=0,cavitacao=1,bilateral=1,tipores3=1  encerra2=1",38,1.13538928210313,0.176744186046512,0.0642978003384095,NA,NA,NA,NA,NA,NA,NA,NA
"2238","sexo2=1,escol4=1,comdiab=0,comtabagis=0,tipores3=1  encerra2=1",28,1.3943377148635,0.217054263565891,0.0473773265651438,NA,NA,NA,NA,NA,NA,NA,NA
"2239","sexo2=1,fxet3=1,escol4=1,comtabagis=0,tipores3=1  encerra2=1",30,1.48244147157191,0.230769230769231,0.050761421319797,NA,NA,NA,NA,NA,NA,NA,NA
"2240","sexo2=1,fxet3=1,escol4=1,pdres5=1,tipores3=1  encerra2=1",40,1.35955831608006,0.211640211640212,0.0676818950930626,NA,NA,NA,NA,NA,NA,NA,NA
"2241","sexo2=1,escol4=1,comdiab=0,comtabagis=0,pdres5=1  encerra2=1",32,1.34356351236147,0.209150326797386,0.0541455160744501,NA,NA,NA,NA,NA,NA,NA,NA
"2242","sexo2=1,fxet3=1,escol4=1,comtabagis=0,pdres5=1  encerra2=1",34,1.40008361204013,0.217948717948718,0.0575296108291032,NA,NA,NA,NA,NA,NA,NA,NA
"2243","sexo2=1,fxet3=1,escol4=1,comdiab=0,pdres5=1  encerra2=1",45,1.35082283624543,0.210280373831776,0.0761421319796954,NA,NA,NA,NA,NA,NA,NA,NA
"2244","fxet3=1,escol4=1,alcool=0,comdiab=0,comtabagis=0  encerra2=1",36,1.43640291655415,0.22360248447205,0.0609137055837563,NA,NA,NA,NA,NA,NA,NA,NA
"2245","escol4=1,alcool=0,comdiab=0,comtabagis=0,pdres5=1  encerra2=1",35,1.3383152173913,0.208333333333333,0.0592216582064298,NA,NA,NA,NA,NA,NA,NA,NA
"2246","fxet3=1,escol4=1,alcool=0,comdiab=0,pdres5=1  encerra2=1",39,1.34694950911641,0.209677419354839,0.065989847715736,NA,NA,NA,NA,NA,NA,NA,NA
"2247","fxet3=1,escol4=1,comtabagis=0,pdres5=1,tipores3=1  encerra2=1",38,1.34125656951744,0.208791208791209,0.0642978003384095,NA,NA,NA,NA,NA,NA,NA,NA
"2248","fxet3=1,escol4=1,comdiab=0,comtabagis=0,pdres5=1  encerra2=1",45,1.44538043478261,0.225,0.0761421319796954,NA,NA,NA,NA,NA,NA,NA,NA
"2249","sexo2=1,comdiab=0,comtabagis=0,pdres5=1,tipores3=1  encerra2=1",38,1.31950646298472,0.205405405405405,0.0642978003384095,NA,NA,NA,NA,NA,NA,NA,NA
"2250","sexo2=1,fxet3=1,comtabagis=0,pdres5=1,tipores3=1  encerra2=1",42,1.43512950971323,0.223404255319149,0.0710659898477157,NA,NA,NA,NA,NA,NA,NA,NA
"2251","comdiab=0,comtabagis=0,pdres5=1,cavitacao=1,tipores3=1  encerra2=1",37,1.11067655424624,0.172897196261682,0.0626057529610829,NA,NA,NA,NA,NA,NA,NA,NA
"2252","fxet3=1,comdiab=0,comtabagis=0,pdres5=1,tipores3=1  encerra2=1",48,1.18140929535232,0.183908045977011,0.0812182741116751,NA,NA,NA,NA,NA,NA,NA,NA
"2253","fxet3=1,comdiab=0,pdres5=1,cavitacao=1,tipores3=1  encerra2=1",50,1.15955109088055,0.180505415162455,0.0846023688663283,NA,NA,NA,NA,NA,NA,NA,NA
"2254","mumigual=0,alcool=0,ppl=0,cavitacao=0,tipores3=0  encerra2=0",20,1.32111322230915,0.869565217391304,0.0338409475465313,NA,NA,NA,NA,NA,NA,NA,NA
"2255","sexo2=1,alcool=0,ppl=0,cavitacao=0,tipores3=0  encerra2=0",18,1.36735218508997,0.9,0.0304568527918782,NA,NA,NA,NA,NA,NA,NA,NA
"2256","sexo2=1,comdrogas=0,ppl=0,cavitacao=0,tipores3=0  encerra2=0",18,1.51928020565553,1,0.0304568527918782,NA,NA,NA,NA,NA,NA,NA,NA
"2257","raca3=0,fxet3=1,escol4=0,comdrogas=0,cavitacao=0  encerra2=0",19,1.37458685273595,0.904761904761905,0.0321489001692047,NA,NA,NA,NA,NA,NA,NA,NA
"2258","raca3=0,fxet3=1,escol4=0,comdiab=0,cavitacao=0  encerra2=0",19,1.37458685273595,0.904761904761905,0.0321489001692047,NA,NA,NA,NA,NA,NA,NA,NA
"2259","fxet3=1,escol4=0,comdiab=0,cavitacao=0,tipores3=1  encerra2=0",20,1.32111322230915,0.869565217391304,0.0338409475465313,NA,NA,NA,NA,NA,NA,NA,NA
"2260","fxet3=1,escol4=0,comdiab=0,comdrogas=0,cavitacao=0  encerra2=0",25,1.30972431522028,0.862068965517241,0.0423011844331641,NA,NA,NA,NA,NA,NA,NA,NA
"2261","sexo2=0,fxet3=1,alcool=0,comdrogas=0,cavitacao=0  encerra2=0",29,1.25883217040029,0.828571428571429,0.0490693739424704,NA,NA,NA,NA,NA,NA,NA,NA
"2262","sexo2=0,fxet3=1,comtabagis=0,comdrogas=0,cavitacao=0  encerra2=0",25,1.22522597230284,0.806451612903226,0.0423011844331641,NA,NA,NA,NA,NA,NA,NA,NA
"2263","sexo2=0,fxet3=1,hiv3=0,comdrogas=0,cavitacao=0  encerra2=0",20,1.32111322230915,0.869565217391304,0.0338409475465313,NA,NA,NA,NA,NA,NA,NA,NA
"2264","raca3=0,alcool=0,ppl=0,cavitacao=0,bilateral=1  encerra2=0",19,1.20276349614396,0.791666666666667,0.0321489001692047,NA,NA,NA,NA,NA,NA,NA,NA
"2265","raca3=0,alcool=0,comdiab=0,comdrogas=0,cavitacao=0  encerra2=0",26,1.19700864688011,0.787878787878788,0.0439932318104907,NA,NA,NA,NA,NA,NA,NA,NA
"2266","raca3=0,fxet3=1,alcool=0,comdrogas=0,cavitacao=0  encerra2=0",31,1.23941279935056,0.815789473684211,0.0524534686971235,NA,NA,NA,NA,NA,NA,NA,NA
"2267","raca3=0,alcool=0,comdrogas=0,ppl=0,cavitacao=0  encerra2=0",31,1.2076329839826,0.794871794871795,0.0524534686971235,NA,NA,NA,NA,NA,NA,NA,NA
"2268","raca3=0,fxet3=1,alcool=0,ppl=0,cavitacao=0  encerra2=0",31,1.14872405793467,0.75609756097561,0.0524534686971235,NA,NA,NA,NA,NA,NA,NA,NA
"2269","raca3=0,fxet3=1,comdiab=0,cavitacao=0,tipores3=1  encerra2=0",27,1.13946015424165,0.75,0.0456852791878173,NA,NA,NA,NA,NA,NA,NA,NA
"2270","raca3=0,comdiab=0,comtabagis=0,comdrogas=0,cavitacao=0  encerra2=0",23,1.20494637000266,0.793103448275862,0.038917089678511,NA,NA,NA,NA,NA,NA,NA,NA
"2271","raca3=0,fxet3=1,comtabagis=0,comdrogas=0,cavitacao=0  encerra2=0",27,1.24304744099089,0.818181818181818,0.0456852791878173,NA,NA,NA,NA,NA,NA,NA,NA
"2272","raca3=0,comtabagis=0,comdrogas=0,ppl=0,cavitacao=0  encerra2=0",26,1.19700864688011,0.787878787878788,0.0439932318104907,NA,NA,NA,NA,NA,NA,NA,NA
"2273","raca3=0,comdiab=0,comtabagis=0,ppl=0,cavitacao=0  encerra2=0",25,1.15096985276934,0.757575757575758,0.0423011844331641,NA,NA,NA,NA,NA,NA,NA,NA
"2274","raca3=0,fxet3=1,comtabagis=0,ppl=0,cavitacao=0  encerra2=0",29,1.19078718821649,0.783783783783784,0.0490693739424704,NA,NA,NA,NA,NA,NA,NA,NA
"2275","raca3=0,fxet3=1,hiv3=0,comdrogas=0,cavitacao=0  encerra2=0",26,1.36211328782909,0.896551724137931,0.0439932318104907,NA,NA,NA,NA,NA,NA,NA,NA
"2276","raca3=0,comdiab=0,comdrogas=0,ppl=0,cavitacao=0  encerra2=0",29,1.19078718821649,0.783783783783784,0.0490693739424704,NA,NA,NA,NA,NA,NA,NA,NA
"2277","raca3=0,fxet3=1,comdrogas=0,ppl=0,cavitacao=0  encerra2=0",34,1.22989349981638,0.80952380952381,0.0575296108291032,NA,NA,NA,NA,NA,NA,NA,NA
"2278","mumigual=1,alcool=0,comdrogas=0,cavitacao=0,bilateral=1  encerra2=0",25,1.30972431522028,0.862068965517241,0.0423011844331641,NA,NA,NA,NA,NA,NA,NA,NA
"2279","fxet3=1,mumigual=1,alcool=0,cavitacao=0,bilateral=1  encerra2=0",24,1.25733534261147,0.827586206896552,0.0406091370558376,NA,NA,NA,NA,NA,NA,NA,NA
"2280","mumigual=1,comtabagis=0,comdrogas=0,cavitacao=0,bilateral=1  encerra2=0",22,1.28554478940083,0.846153846153846,0.0372250423011844,NA,NA,NA,NA,NA,NA,NA,NA
"2281","fxet3=1,mumigual=1,comdrogas=0,cavitacao=0,bilateral=1  encerra2=0",25,1.22522597230284,0.806451612903226,0.0423011844331641,NA,NA,NA,NA,NA,NA,NA,NA
"2282","sexo2=1,escol4=1,mumigual=1,alcool=0,cavitacao=0  encerra2=0",18,1.13946015424165,0.75,0.0304568527918782,NA,NA,NA,NA,NA,NA,NA,NA
"2283","escol4=1,mumigual=1,alcool=0,comdrogas=0,cavitacao=0  encerra2=0",26,1.27423501119496,0.838709677419355,0.0439932318104907,NA,NA,NA,NA,NA,NA,NA,NA
"2284","escol4=1,mumigual=1,hiv3=0,comdrogas=0,cavitacao=0  encerra2=0",23,1.29420165666952,0.851851851851852,0.038917089678511,NA,NA,NA,NA,NA,NA,NA,NA
"2285","sexo2=1,mumigual=1,alcool=0,comtabagis=0,cavitacao=0  encerra2=0",21,1.18166238217652,0.777777777777778,0.0355329949238579,NA,NA,NA,NA,NA,NA,NA,NA
"2286","mumigual=1,alcool=0,comtabagis=0,comdrogas=0,cavitacao=0  encerra2=0",31,1.27291044257625,0.837837837837838,0.0524534686971235,NA,NA,NA,NA,NA,NA,NA,NA
"2287","fxet3=1,mumigual=1,alcool=0,comdrogas=0,cavitacao=0  encerra2=0",32,1.31397206975613,0.864864864864865,0.0541455160744501,NA,NA,NA,NA,NA,NA,NA,NA
"2288","fxet3=1,mumigual=1,comtabagis=0,comdrogas=0,cavitacao=0  encerra2=0",28,1.21542416452442,0.8,0.0473773265651438,NA,NA,NA,NA,NA,NA,NA,NA
"2289","fxet3=1,mumigual=1,hiv3=0,comdrogas=0,cavitacao=0  encerra2=0",24,1.30224017627617,0.857142857142857,0.0406091370558376,NA,NA,NA,NA,NA,NA,NA,NA
"2290","raca3=1,escol4=1,mumigual=0,comtabagis=0,cavitacao=0  encerra2=0",19,1.20276349614396,0.791666666666667,0.0321489001692047,NA,NA,NA,NA,NA,NA,NA,NA
"2291","raca3=1,escol4=1,mumigual=0,comdiab=0,cavitacao=0  encerra2=0",20,1.16867708127348,0.769230769230769,0.0338409475465313,NA,NA,NA,NA,NA,NA,NA,NA
"2292","raca3=1,mumigual=0,alcool=0,comtabagis=0,cavitacao=0  encerra2=0",21,1.18166238217652,0.777777777777778,0.0355329949238579,NA,NA,NA,NA,NA,NA,NA,NA
"2293","raca3=1,fxet3=1,mumigual=0,alcool=0,cavitacao=0  encerra2=0",18,1.18900190007824,0.782608695652174,0.0304568527918782,NA,NA,NA,NA,NA,NA,NA,NA
"2294","sexo2=1,mumigual=0,ppl=0,cavitacao=0,bilateral=1  encerra2=0",18,1.30224017627617,0.857142857142857,0.0304568527918782,NA,NA,NA,NA,NA,NA,NA,NA
"2295","mumigual=0,alcool=0,ppl=0,cavitacao=0,bilateral=1  encerra2=0",18,1.24304744099089,0.818181818181818,0.0304568527918782,NA,NA,NA,NA,NA,NA,NA,NA
"2296","mumigual=0,comtabagis=0,ppl=0,cavitacao=0,bilateral=1  encerra2=0",19,1.31210563215705,0.863636363636364,0.0321489001692047,NA,NA,NA,NA,NA,NA,NA,NA
"2297","sexo2=1,mumigual=0,comtabagis=0,ppl=0,cavitacao=0  encerra2=0",25,1.15096985276934,0.757575757575758,0.0423011844331641,NA,NA,NA,NA,NA,NA,NA,NA
"2298","fxet3=1,mumigual=0,alcool=0,ppl=0,cavitacao=0  encerra2=0",34,1.14790059982862,0.755555555555556,0.0575296108291032,NA,NA,NA,NA,NA,NA,NA,NA
"2299","mumigual=0,comdiab=0,comtabagis=0,ppl=0,cavitacao=0  encerra2=0",35,1.13137887655199,0.74468085106383,0.0592216582064298,NA,NA,NA,NA,NA,NA,NA,NA
"2300","fxet3=1,mumigual=0,comtabagis=0,ppl=0,cavitacao=0  encerra2=0",34,1.14790059982862,0.755555555555556,0.0575296108291032,NA,NA,NA,NA,NA,NA,NA,NA
"2301","raca3=1,escol4=1,hiv3=0,cavitacao=0,bilateral=1  encerra2=0",18,1.36735218508997,0.9,0.0304568527918782,NA,NA,NA,NA,NA,NA,NA,NA
"2302","raca3=1,alcool=0,comtabagis=0,cavitacao=0,bilateral=1  encerra2=0",22,1.28554478940083,0.846153846153846,0.0372250423011844,NA,NA,NA,NA,NA,NA,NA,NA
"2303","raca3=1,alcool=0,comdrogas=0,cavitacao=0,bilateral=1  encerra2=0",21,1.27619537275064,0.84,0.0355329949238579,NA,NA,NA,NA,NA,NA,NA,NA
"2304","raca3=1,fxet3=1,alcool=0,cavitacao=0,bilateral=1  encerra2=0",19,1.2550575611937,0.826086956521739,0.0321489001692047,NA,NA,NA,NA,NA,NA,NA,NA
"2305","raca3=1,hiv3=0,comtabagis=0,cavitacao=0,bilateral=1  encerra2=0",21,1.32937017994859,0.875,0.0355329949238579,NA,NA,NA,NA,NA,NA,NA,NA
"2306","raca3=1,comtabagis=0,comdrogas=0,cavitacao=0,bilateral=1  encerra2=0",22,1.28554478940083,0.846153846153846,0.0372250423011844,NA,NA,NA,NA,NA,NA,NA,NA
"2307","raca3=1,fxet3=1,comtabagis=0,cavitacao=0,bilateral=1  encerra2=0",22,1.23793201942302,0.814814814814815,0.0372250423011844,NA,NA,NA,NA,NA,NA,NA,NA
"2308","raca3=1,fxet3=1,hiv3=0,cavitacao=0,bilateral=1  encerra2=0",20,1.38116382332321,0.909090909090909,0.0338409475465313,NA,NA,NA,NA,NA,NA,NA,NA
"2309","raca3=1,fxet3=1,comdrogas=0,cavitacao=0,bilateral=1  encerra2=0",19,1.20276349614396,0.791666666666667,0.0321489001692047,NA,NA,NA,NA,NA,NA,NA,NA
"2310","sexo2=1,raca3=1,escol4=1,hiv3=0,cavitacao=0  encerra2=0",22,1.28554478940083,0.846153846153846,0.0372250423011844,NA,NA,NA,NA,NA,NA,NA,NA
"2311","raca3=1,escol4=1,alcool=0,comdrogas=0,cavitacao=0  encerra2=0",27,1.17201615864855,0.771428571428571,0.0456852791878173,NA,NA,NA,NA,NA,NA,NA,NA
"2312","sexo2=1,raca3=1,alcool=0,comtabagis=0,cavitacao=0  encerra2=0",22,1.19372016158649,0.785714285714286,0.0372250423011844,NA,NA,NA,NA,NA,NA,NA,NA
"2313","sexo2=1,raca3=1,alcool=0,comdrogas=0,cavitacao=0  encerra2=0",21,1.18166238217652,0.777777777777778,0.0355329949238579,NA,NA,NA,NA,NA,NA,NA,NA
"2314","sexo2=1,raca3=1,fxet3=1,alcool=0,cavitacao=0  encerra2=0",18,1.18900190007824,0.782608695652174,0.0304568527918782,NA,NA,NA,NA,NA,NA,NA,NA
"2315","escol4=1,hiv3=0,comdrogas=0,cavitacao=0,bilateral=1  encerra2=0",21,1.38716888342461,0.91304347826087,0.0355329949238579,NA,NA,NA,NA,NA,NA,NA,NA
"2316","fxet3=1,escol4=1,hiv3=0,cavitacao=0,bilateral=1  encerra2=0",24,1.35047129391602,0.888888888888889,0.0406091370558376,NA,NA,NA,NA,NA,NA,NA,NA
"2317","sexo2=1,comtabagis=0,cavitacao=0,bilateral=1,tipores3=1  encerra2=0",21,1.22711093533716,0.807692307692308,0.0355329949238579,NA,NA,NA,NA,NA,NA,NA,NA
"2318","sexo2=1,comtabagis=0,comdrogas=0,cavitacao=0,bilateral=1  encerra2=0",23,1.29420165666952,0.851851851851852,0.038917089678511,NA,NA,NA,NA,NA,NA,NA,NA
"2319","sexo2=1,comtabagis=0,ppl=0,cavitacao=0,bilateral=1  encerra2=0",26,1.23441516709512,0.8125,0.0439932318104907,NA,NA,NA,NA,NA,NA,NA,NA
"2320","sexo2=1,comdrogas=0,ppl=0,cavitacao=0,bilateral=1  encerra2=0",26,1.19700864688011,0.787878787878788,0.0439932318104907,NA,NA,NA,NA,NA,NA,NA,NA
"2321","alcool=0,comtabagis=0,comdrogas=0,cavitacao=0,bilateral=1  encerra2=0",35,1.32937017994859,0.875,0.0592216582064298,NA,NA,NA,NA,NA,NA,NA,NA
"2322","fxet3=1,alcool=0,comtabagis=0,cavitacao=0,bilateral=1  encerra2=0",33,1.25340616966581,0.825,0.0558375634517767,NA,NA,NA,NA,NA,NA,NA,NA
"2323","alcool=0,comtabagis=0,ppl=0,cavitacao=0,bilateral=1  encerra2=0",35,1.23662342320799,0.813953488372093,0.0592216582064298,NA,NA,NA,NA,NA,NA,NA,NA
"2324","fxet3=1,alcool=0,comdrogas=0,cavitacao=0,bilateral=1  encerra2=0",34,1.32450069210995,0.871794871794872,0.0575296108291032,NA,NA,NA,NA,NA,NA,NA,NA
"2325","alcool=0,comdrogas=0,ppl=0,cavitacao=0,bilateral=1  encerra2=0",38,1.28294772922022,0.844444444444444,0.0642978003384095,NA,NA,NA,NA,NA,NA,NA,NA
"2326","fxet3=1,alcool=0,ppl=0,cavitacao=0,bilateral=1  encerra2=0",35,1.23662342320799,0.813953488372093,0.0592216582064298,NA,NA,NA,NA,NA,NA,NA,NA
"2327","hiv3=0,comtabagis=0,comdrogas=0,cavitacao=0,bilateral=1  encerra2=0",26,1.36211328782909,0.896551724137931,0.0439932318104907,NA,NA,NA,NA,NA,NA,NA,NA
"2328","fxet3=1,comtabagis=0,comdrogas=0,cavitacao=0,bilateral=1  encerra2=0",31,1.30826906598115,0.861111111111111,0.0524534686971235,NA,NA,NA,NA,NA,NA,NA,NA
"2329","comtabagis=0,comdrogas=0,ppl=0,cavitacao=0,bilateral=1  encerra2=0",34,1.2913881748072,0.85,0.0575296108291032,NA,NA,NA,NA,NA,NA,NA,NA
"2330","fxet3=1,comtabagis=0,ppl=0,cavitacao=0,bilateral=1  encerra2=0",34,1.22989349981638,0.80952380952381,0.0575296108291032,NA,NA,NA,NA,NA,NA,NA,NA
"2331","fxet3=1,hiv3=0,comdrogas=0,cavitacao=0,bilateral=1  encerra2=0",28,1.41799485861183,0.933333333333333,0.0473773265651438,NA,NA,NA,NA,NA,NA,NA,NA
"2332","fxet3=1,comdrogas=0,ppl=0,cavitacao=0,bilateral=1  encerra2=0",35,1.20851834540781,0.795454545454545,0.0592216582064298,NA,NA,NA,NA,NA,NA,NA,NA
"2333","sexo2=1,escol4=1,alcool=0,comtabagis=0,cavitacao=0  encerra2=0",24,1.13946015424165,0.75,0.0406091370558376,NA,NA,NA,NA,NA,NA,NA,NA
"2334","sexo2=1,escol4=1,alcool=0,comdrogas=0,cavitacao=0  encerra2=0",25,1.18693766066838,0.78125,0.0423011844331641,NA,NA,NA,NA,NA,NA,NA,NA
"2335","sexo2=1,escol4=1,hiv3=0,comdrogas=0,cavitacao=0  encerra2=0",26,1.27423501119496,0.838709677419355,0.0439932318104907,NA,NA,NA,NA,NA,NA,NA,NA
"2336","escol4=1,hiv3=0,alcool=0,comdrogas=0,cavitacao=0  encerra2=0",32,1.24658888669171,0.82051282051282,0.0541455160744501,NA,NA,NA,NA,NA,NA,NA,NA
"2337","sexo2=1,alcool=0,comtabagis=0,comdrogas=0,cavitacao=0  encerra2=0",38,1.1782173023451,0.775510204081633,0.0642978003384095,NA,NA,NA,NA,NA,NA,NA,NA
"2338","fxet3=1,alcool=0,comtabagis=0,comdrogas=0,cavitacao=0  encerra2=0",56,1.21542416452442,0.8,0.0947546531302876,NA,NA,NA,NA,NA,NA,NA,NA
"2339","alcool=0,comtabagis=0,comdrogas=0,ppl=0,cavitacao=0  encerra2=0",63,1.18166238217652,0.777777777777778,0.106598984771574,NA,NA,NA,NA,NA,NA,NA,NA
"2340","fxet3=1,alcool=0,comtabagis=0,ppl=0,cavitacao=0  encerra2=0",56,1.14972556103662,0.756756756756757,0.0947546531302876,NA,NA,NA,NA,NA,NA,NA,NA
"2341","fxet3=1,hiv3=0,alcool=0,comdrogas=0,cavitacao=0  encerra2=0",46,1.27067071745735,0.836363636363636,0.077834179357022,NA,NA,NA,NA,NA,NA,NA,NA
"2342","fxet3=1,alcool=0,comdrogas=0,ppl=0,cavitacao=0  encerra2=0",60,1.21542416452442,0.8,0.101522842639594,NA,NA,NA,NA,NA,NA,NA,NA
"2343","fxet3=1,comtabagis=0,comdrogas=0,ppl=0,cavitacao=0  encerra2=0",55,1.16056126820908,0.763888888888889,0.0930626057529611,NA,NA,NA,NA,NA,NA,NA,NA
"2344","alcool=1,comdiab=0,comtabagis=1,ppl=0,bilateral=0  encerra2=0",20,1.32111322230915,0.869565217391304,0.0338409475465313,NA,NA,NA,NA,NA,NA,NA,NA
"2345","escol4=1,mumigual=1,alcool=1,comtabagis=1,cavitacao=1  encerra2=0",19,1.11024322720981,0.730769230769231,0.0321489001692047,NA,NA,NA,NA,NA,NA,NA,NA
"2346","sexo2=1,mumigual=1,hiv3=0,alcool=1,comtabagis=1  encerra2=0",23,1.24798016893133,0.821428571428571,0.038917089678511,NA,NA,NA,NA,NA,NA,NA,NA
"2347","sexo2=1,mumigual=1,alcool=1,comtabagis=1,comdrogas=0  encerra2=0",20,1.16867708127348,0.769230769230769,0.0338409475465313,NA,NA,NA,NA,NA,NA,NA,NA
"2348","fxet3=1,mumigual=1,hiv3=0,alcool=1,comtabagis=1  encerra2=0",21,1.22711093533716,0.807692307692308,0.0355329949238579,NA,NA,NA,NA,NA,NA,NA,NA
"2349","fxet3=1,mumigual=1,alcool=1,comtabagis=1,cavitacao=1  encerra2=0",19,1.11024322720981,0.730769230769231,0.0321489001692047,NA,NA,NA,NA,NA,NA,NA,NA
"2350","fxet3=1,mumigual=0,comtabagis=1,ppl=0,bilateral=0  encerra2=0",19,1.1546529562982,0.76,0.0321489001692047,NA,NA,NA,NA,NA,NA,NA,NA
"2351","sexo2=1,escol4=1,comdiab=0,comtabagis=1,bilateral=0  encerra2=0",21,1.13946015424165,0.75,0.0355329949238579,NA,NA,NA,NA,NA,NA,NA,NA
"2352","escol4=1,comdiab=0,comtabagis=1,comdrogas=0,bilateral=0  encerra2=0",19,1.2550575611937,0.826086956521739,0.0321489001692047,NA,NA,NA,NA,NA,NA,NA,NA
"2353","escol4=1,comdiab=0,comtabagis=1,ppl=0,bilateral=0  encerra2=0",25,1.15096985276934,0.757575757575758,0.0423011844331641,NA,NA,NA,NA,NA,NA,NA,NA
"2354","fxet3=1,comdiab=0,comtabagis=1,comdrogas=0,bilateral=0  encerra2=0",21,1.27619537275064,0.84,0.0355329949238579,NA,NA,NA,NA,NA,NA,NA,NA
"2355","fxet3=1,comdiab=0,comtabagis=1,ppl=0,bilateral=0  encerra2=0",27,1.17201615864855,0.771428571428571,0.0456852791878173,NA,NA,NA,NA,NA,NA,NA,NA
"2356","raca3=0,hiv3=0,comtabagis=1,comdrogas=0,tipores3=1  encerra2=0",18,1.24304744099089,0.818181818181818,0.0304568527918782,NA,NA,NA,NA,NA,NA,NA,NA
"2357","raca3=0,fxet3=1,hiv3=0,comtabagis=1,tipores3=1  encerra2=0",21,1.13946015424165,0.75,0.0355329949238579,NA,NA,NA,NA,NA,NA,NA,NA
"2358","raca3=0,fxet3=1,hiv3=0,comtabagis=1,comdrogas=0  encerra2=0",25,1.26606683804627,0.833333333333333,0.0423011844331641,NA,NA,NA,NA,NA,NA,NA,NA
"2359","raca3=0,fxet3=1,hiv3=0,comtabagis=1,ppl=0  encerra2=0",28,1.11946962521986,0.736842105263158,0.0473773265651438,NA,NA,NA,NA,NA,NA,NA,NA
"2360","raca3=0,fxet3=1,comtabagis=1,comdrogas=0,cavitacao=1  encerra2=0",20,1.21542416452442,0.8,0.0338409475465313,NA,NA,NA,NA,NA,NA,NA,NA
"2361","raca3=0,fxet3=1,comdiab=0,comtabagis=1,comdrogas=0  encerra2=0",26,1.19700864688011,0.787878787878788,0.0439932318104907,NA,NA,NA,NA,NA,NA,NA,NA
"2362","raca3=1,escol4=1,mumigual=1,comdiab=0,comtabagis=1  encerra2=0",21,1.13946015424165,0.75,0.0355329949238579,NA,NA,NA,NA,NA,NA,NA,NA
"2363","raca3=1,mumigual=1,hiv3=0,comdiab=0,comtabagis=1  encerra2=0",19,1.11024322720981,0.730769230769231,0.0321489001692047,NA,NA,NA,NA,NA,NA,NA,NA
"2364","fxet3=1,mumigual=1,hiv3=0,comtabagis=1,bilateral=1  encerra2=0",23,1.12720789451862,0.741935483870968,0.038917089678511,NA,NA,NA,NA,NA,NA,NA,NA
"2365","mumigual=1,comtabagis=1,comdrogas=0,cavitacao=1,bilateral=1  encerra2=0",20,1.16867708127348,0.769230769230769,0.0338409475465313,NA,NA,NA,NA,NA,NA,NA,NA
"2366","escol4=1,mumigual=1,hiv3=0,comtabagis=1,comdrogas=0  encerra2=0",25,1.22522597230284,0.806451612903226,0.0423011844331641,NA,NA,NA,NA,NA,NA,NA,NA
"2367","escol4=1,mumigual=1,hiv3=0,comdiab=0,comtabagis=1  encerra2=0",29,1.12972117856437,0.743589743589744,0.0490693739424704,NA,NA,NA,NA,NA,NA,NA,NA
"2368","escol4=1,mumigual=1,comtabagis=1,comdrogas=0,cavitacao=1  encerra2=0",21,1.18166238217652,0.777777777777778,0.0355329949238579,NA,NA,NA,NA,NA,NA,NA,NA
"2369","escol4=1,mumigual=1,comdiab=0,comtabagis=1,comdrogas=0  encerra2=0",28,1.18166238217652,0.777777777777778,0.0473773265651438,NA,NA,NA,NA,NA,NA,NA,NA
"2370","mumigual=1,hiv3=0,comdiab=0,comtabagis=1,comdrogas=0  encerra2=0",28,1.18166238217652,0.777777777777778,0.0473773265651438,NA,NA,NA,NA,NA,NA,NA,NA
"2371","fxet3=1,mumigual=1,hiv3=0,comtabagis=1,comdrogas=0  encerra2=0",25,1.26606683804627,0.833333333333333,0.0423011844331641,NA,NA,NA,NA,NA,NA,NA,NA
"2372","fxet3=1,mumigual=1,hiv3=0,comdiab=0,comtabagis=1  encerra2=0",28,1.11946962521986,0.736842105263158,0.0473773265651438,NA,NA,NA,NA,NA,NA,NA,NA
"2373","mumigual=1,comdiab=0,comtabagis=1,comdrogas=0,cavitacao=1  encerra2=0",23,1.16478149100257,0.766666666666667,0.038917089678511,NA,NA,NA,NA,NA,NA,NA,NA
"2374","fxet3=1,mumigual=1,comtabagis=1,comdrogas=0,cavitacao=1  encerra2=0",21,1.22711093533716,0.807692307692308,0.0355329949238579,NA,NA,NA,NA,NA,NA,NA,NA
"2375","escol4=1,hiv3=0,comdiab=0,comtabagis=1,comdrogas=0  encerra2=0",42,1.11946962521986,0.736842105263158,0.0710659898477157,NA,NA,NA,NA,NA,NA,NA,NA
"2376","fxet3=1,hiv3=0,alcool=0,comtabagis=1,comdrogas=0  encerra2=0",19,1.20276349614396,0.791666666666667,0.0321489001692047,NA,NA,NA,NA,NA,NA,NA,NA
"2377","fxet3=1,hiv3=0,comdiab=0,comtabagis=1,comdrogas=0  encerra2=0",45,1.10270337507256,0.725806451612903,0.0761421319796954,NA,NA,NA,NA,NA,NA,NA,NA
"2378","fxet3=1,escol4=0,cavitacao=1,bilateral=0,tipores3=0  encerra2=0",20,1.44693352919574,0.952380952380952,0.0338409475465313,NA,NA,NA,NA,NA,NA,NA,NA
"2379","raca3=0,escol4=0,mumigual=0,alcool=0,tipores3=0  encerra2=0",25,1.35650018362101,0.892857142857143,0.0423011844331641,NA,NA,NA,NA,NA,NA,NA,NA
"2380","raca3=0,escol4=0,mumigual=0,comdrogas=0,tipores3=0  encerra2=0",25,1.35650018362101,0.892857142857143,0.0423011844331641,NA,NA,NA,NA,NA,NA,NA,NA
"2381","raca3=0,escol4=0,mumigual=0,comdiab=0,tipores3=0  encerra2=0",21,1.27619537275064,0.84,0.0355329949238579,NA,NA,NA,NA,NA,NA,NA,NA
"2382","raca3=0,escol4=0,mumigual=0,ppl=0,tipores3=0  encerra2=0",25,1.30972431522028,0.862068965517241,0.0423011844331641,NA,NA,NA,NA,NA,NA,NA,NA
"2383","raca3=0,escol4=0,alcool=0,comtabagis=0,tipores3=0  encerra2=0",25,1.40674093116252,0.925925925925926,0.0423011844331641,NA,NA,NA,NA,NA,NA,NA,NA
"2384","raca3=0,escol4=0,alcool=0,comdrogas=0,tipores3=0  encerra2=0",30,1.42432519280206,0.9375,0.050761421319797,NA,NA,NA,NA,NA,NA,NA,NA
"2385","raca3=0,fxet3=1,escol4=0,alcool=0,tipores3=0  encerra2=0",29,1.37684768637532,0.90625,0.0490693739424704,NA,NA,NA,NA,NA,NA,NA,NA
"2386","raca3=0,escol4=0,alcool=0,ppl=0,tipores3=0  encerra2=0",30,1.38116382332321,0.909090909090909,0.050761421319797,NA,NA,NA,NA,NA,NA,NA,NA
"2387","raca3=0,escol4=0,comtabagis=0,cavitacao=1,tipores3=0  encerra2=0",18,1.36735218508997,0.9,0.0304568527918782,NA,NA,NA,NA,NA,NA,NA,NA
"2388","raca3=0,escol4=0,comtabagis=0,comdrogas=0,tipores3=0  encerra2=0",25,1.40674093116252,0.925925925925926,0.0423011844331641,NA,NA,NA,NA,NA,NA,NA,NA
"2389","raca3=0,escol4=0,comdiab=0,comtabagis=0,tipores3=0  encerra2=0",21,1.38716888342461,0.91304347826087,0.0355329949238579,NA,NA,NA,NA,NA,NA,NA,NA
"2390","raca3=0,escol4=0,comdiab=0,comdrogas=0,tipores3=0  encerra2=0",25,1.35650018362101,0.892857142857143,0.0423011844331641,NA,NA,NA,NA,NA,NA,NA,NA
"2391","raca3=0,fxet3=1,escol4=0,comdrogas=0,tipores3=0  encerra2=0",29,1.37684768637532,0.90625,0.0490693739424704,NA,NA,NA,NA,NA,NA,NA,NA
"2392","raca3=0,fxet3=1,escol4=0,comdiab=0,tipores3=0  encerra2=0",24,1.30224017627617,0.857142857142857,0.0406091370558376,NA,NA,NA,NA,NA,NA,NA,NA
"2393","raca3=0,escol4=0,comdiab=0,ppl=0,tipores3=0  encerra2=0",25,1.30972431522028,0.862068965517241,0.0423011844331641,NA,NA,NA,NA,NA,NA,NA,NA
"2394","raca3=0,fxet3=1,escol4=0,ppl=0,tipores3=0  encerra2=0",29,1.33512502921243,0.878787878787879,0.0490693739424704,NA,NA,NA,NA,NA,NA,NA,NA
"2395","escol4=0,mumigual=0,alcool=0,cavitacao=1,tipores3=0  encerra2=0",26,1.36211328782909,0.896551724137931,0.0439932318104907,NA,NA,NA,NA,NA,NA,NA,NA
"2396","escol4=0,mumigual=0,alcool=0,ppl=0,tipores3=0  encerra2=0",39,1.37795181443176,0.906976744186046,0.065989847715736,NA,NA,NA,NA,NA,NA,NA,NA
"2397","escol4=0,mumigual=0,comdrogas=0,pdres5=1,tipores3=0  encerra2=0",41,1.32532954110376,0.872340425531915,0.0693739424703892,NA,NA,NA,NA,NA,NA,NA,NA
"2398","raca3=1,escol4=0,pdres5=1,cavitacao=1,tipores3=0  encerra2=0",18,1.30224017627617,0.857142857142857,0.0304568527918782,NA,NA,NA,NA,NA,NA,NA,NA
"2399","escol4=0,alcool=0,comdrogas=0,bilateral=1,tipores3=0  encerra2=0",25,1.40674093116252,0.925925925925926,0.0423011844331641,NA,NA,NA,NA,NA,NA,NA,NA
"2400","escol4=0,alcool=0,comtabagis=0,cavitacao=1,tipores3=0  encerra2=0",34,1.39609532411589,0.918918918918919,0.0575296108291032,NA,NA,NA,NA,NA,NA,NA,NA
"2401","escol4=0,alcool=0,comtabagis=0,comdrogas=0,tipores3=0  encerra2=0",46,1.39773778920308,0.92,0.077834179357022,NA,NA,NA,NA,NA,NA,NA,NA
"2402","fxet3=1,escol4=0,alcool=0,cavitacao=1,tipores3=0  encerra2=0",37,1.37105774656718,0.902439024390244,0.0626057529610829,NA,NA,NA,NA,NA,NA,NA,NA
"2403","escol4=0,alcool=0,ppl=0,cavitacao=1,tipores3=0  encerra2=0",38,1.37458685273595,0.904761904761905,0.0642978003384095,NA,NA,NA,NA,NA,NA,NA,NA
"2404","fxet3=1,escol4=0,alcool=0,comdrogas=0,tipores3=0  encerra2=0",50,1.40674093116252,0.925925925925926,0.0846023688663283,NA,NA,NA,NA,NA,NA,NA,NA
"2405","fxet3=1,escol4=0,alcool=0,ppl=0,tipores3=0  encerra2=0",50,1.38116382332321,0.909090909090909,0.0846023688663283,NA,NA,NA,NA,NA,NA,NA,NA
"2406","escol4=0,comdiab=0,comtabagis=0,cavitacao=1,tipores3=0  encerra2=0",29,1.33512502921243,0.878787878787879,0.0490693739424704,NA,NA,NA,NA,NA,NA,NA,NA
"2407","fxet3=1,escol4=0,comdrogas=0,pdres5=1,tipores3=0  encerra2=0",52,1.33902662193368,0.88135593220339,0.0879864636209814,NA,NA,NA,NA,NA,NA,NA,NA
"2408","fxet3=1,escol4=0,ppl=0,pdres5=1,tipores3=0  encerra2=0",52,1.31670951156812,0.866666666666667,0.0879864636209814,NA,NA,NA,NA,NA,NA,NA,NA
"2409","sexo2=0,mumigual=0,alcool=0,comdiab=0,tipores3=0  encerra2=0",24,1.21542416452442,0.8,0.0406091370558376,NA,NA,NA,NA,NA,NA,NA,NA
"2410","sexo2=0,mumigual=0,hiv3=0,comdiab=0,tipores3=0  encerra2=0",21,1.22711093533716,0.807692307692308,0.0355329949238579,NA,NA,NA,NA,NA,NA,NA,NA
"2411","sexo2=0,mumigual=0,comdiab=0,cavitacao=1,tipores3=0  encerra2=0",21,1.22711093533716,0.807692307692308,0.0355329949238579,NA,NA,NA,NA,NA,NA,NA,NA
"2412","sexo2=0,mumigual=0,comdiab=0,comdrogas=0,tipores3=0  encerra2=0",25,1.22522597230284,0.806451612903226,0.0423011844331641,NA,NA,NA,NA,NA,NA,NA,NA
"2413","sexo2=0,raca3=1,comdiab=0,comtabagis=0,tipores3=0  encerra2=0",18,1.18900190007824,0.782608695652174,0.0304568527918782,NA,NA,NA,NA,NA,NA,NA,NA
"2414","sexo2=0,hiv3=0,alcool=0,cavitacao=1,tipores3=0  encerra2=0",23,1.20494637000266,0.793103448275862,0.038917089678511,NA,NA,NA,NA,NA,NA,NA,NA
"2415","sexo2=0,hiv3=0,alcool=0,comdiab=0,tipores3=0  encerra2=0",22,1.23793201942302,0.814814814814815,0.0372250423011844,NA,NA,NA,NA,NA,NA,NA,NA
"2416","sexo2=0,alcool=0,comdiab=0,cavitacao=1,tipores3=0  encerra2=0",24,1.21542416452442,0.8,0.0406091370558376,NA,NA,NA,NA,NA,NA,NA,NA
"2417","sexo2=0,hiv3=0,comtabagis=0,cavitacao=1,tipores3=0  encerra2=0",23,1.20494637000266,0.793103448275862,0.038917089678511,NA,NA,NA,NA,NA,NA,NA,NA
"2418","sexo2=0,hiv3=0,comdiab=0,comtabagis=0,tipores3=0  encerra2=0",21,1.22711093533716,0.807692307692308,0.0355329949238579,NA,NA,NA,NA,NA,NA,NA,NA
"2419","sexo2=0,hiv3=0,comdrogas=0,cavitacao=1,tipores3=0  encerra2=0",25,1.22522597230284,0.806451612903226,0.0423011844331641,NA,NA,NA,NA,NA,NA,NA,NA
"2420","sexo2=0,hiv3=0,comdiab=0,cavitacao=1,tipores3=0  encerra2=0",21,1.27619537275064,0.84,0.0355329949238579,NA,NA,NA,NA,NA,NA,NA,NA
"2421","sexo2=0,hiv3=0,comdiab=0,comdrogas=0,tipores3=0  encerra2=0",23,1.24798016893133,0.821428571428571,0.038917089678511,NA,NA,NA,NA,NA,NA,NA,NA
"2422","sexo2=0,comdiab=0,comdrogas=0,cavitacao=1,tipores3=0  encerra2=0",25,1.22522597230284,0.806451612903226,0.0423011844331641,NA,NA,NA,NA,NA,NA,NA,NA
"2423","raca3=0,fxet3=1,comdrogas=0,bilateral=0,tipores3=0  encerra2=0",20,1.38116382332321,0.909090909090909,0.0338409475465313,NA,NA,NA,NA,NA,NA,NA,NA
"2424","sexo2=1,fxet3=1,mumigual=0,bilateral=0,tipores3=0  encerra2=0",18,1.24304744099089,0.818181818181818,0.0304568527918782,NA,NA,NA,NA,NA,NA,NA,NA
"2425","sexo2=1,mumigual=0,ppl=0,bilateral=0,tipores3=0  encerra2=0",19,1.31210563215705,0.863636363636364,0.0321489001692047,NA,NA,NA,NA,NA,NA,NA,NA
"2426","fxet3=1,mumigual=0,alcool=0,bilateral=0,tipores3=0  encerra2=0",33,1.22283528747884,0.804878048780488,0.0558375634517767,NA,NA,NA,NA,NA,NA,NA,NA
"2427","mumigual=0,comtabagis=0,ppl=0,bilateral=0,tipores3=0  encerra2=0",29,1.25883217040029,0.828571428571429,0.0490693739424704,NA,NA,NA,NA,NA,NA,NA,NA
"2428","fxet3=1,mumigual=0,ppl=0,bilateral=0,tipores3=0  encerra2=0",37,1.27757653657397,0.840909090909091,0.0626057529610829,NA,NA,NA,NA,NA,NA,NA,NA
"2429","sexo2=1,raca3=1,ppl=0,bilateral=0,tipores3=0  encerra2=0",18,1.43931808956839,0.947368421052632,0.0304568527918782,NA,NA,NA,NA,NA,NA,NA,NA
"2430","raca3=1,comtabagis=0,cavitacao=1,bilateral=0,tipores3=0  encerra2=0",22,1.23793201942302,0.814814814814815,0.0372250423011844,NA,NA,NA,NA,NA,NA,NA,NA
"2431","raca3=1,comdrogas=0,cavitacao=1,bilateral=0,tipores3=0  encerra2=0",24,1.30224017627617,0.857142857142857,0.0406091370558376,NA,NA,NA,NA,NA,NA,NA,NA
"2432","raca3=1,ppl=0,cavitacao=1,bilateral=0,tipores3=0  encerra2=0",26,1.31670951156812,0.866666666666667,0.0439932318104907,NA,NA,NA,NA,NA,NA,NA,NA
"2433","sexo2=1,comtabagis=0,comdrogas=0,bilateral=0,tipores3=0  encerra2=0",22,1.3926735218509,0.916666666666667,0.0372250423011844,NA,NA,NA,NA,NA,NA,NA,NA
"2434","sexo2=1,comtabagis=0,ppl=0,bilateral=0,tipores3=0  encerra2=0",24,1.35047129391602,0.888888888888889,0.0406091370558376,NA,NA,NA,NA,NA,NA,NA,NA
"2435","sexo2=1,fxet3=1,comdrogas=0,bilateral=0,tipores3=0  encerra2=0",26,1.41076019096585,0.928571428571429,0.0439932318104907,NA,NA,NA,NA,NA,NA,NA,NA
"2436","sexo2=1,fxet3=1,ppl=0,bilateral=0,tipores3=0  encerra2=0",29,1.2958566460003,0.852941176470588,0.0490693739424704,NA,NA,NA,NA,NA,NA,NA,NA
"2437","fxet3=1,comdrogas=0,cavitacao=1,bilateral=0,tipores3=0  encerra2=0",37,1.30728761881987,0.86046511627907,0.0626057529610829,NA,NA,NA,NA,NA,NA,NA,NA
"2438","fxet3=1,ppl=0,cavitacao=1,bilateral=0,tipores3=0  encerra2=0",39,1.2606793195865,0.829787234042553,0.065989847715736,NA,NA,NA,NA,NA,NA,NA,NA
"2439","raca3=0,mumigual=0,hiv3=0,alcool=0,tipores3=0  encerra2=0",27,1.20648722213821,0.794117647058823,0.0456852791878173,NA,NA,NA,NA,NA,NA,NA,NA
"2440","raca3=0,mumigual=0,alcool=0,comdrogas=0,tipores3=0  encerra2=0",29,1.25883217040029,0.828571428571429,0.0490693739424704,NA,NA,NA,NA,NA,NA,NA,NA
"2441","raca3=0,fxet3=1,mumigual=0,alcool=0,tipores3=0  encerra2=0",28,1.18166238217652,0.777777777777778,0.0473773265651438,NA,NA,NA,NA,NA,NA,NA,NA
"2442","raca3=0,mumigual=0,alcool=0,ppl=0,tipores3=0  encerra2=0",30,1.23184881539637,0.810810810810811,0.050761421319797,NA,NA,NA,NA,NA,NA,NA,NA
"2443","raca3=0,mumigual=0,hiv3=0,comtabagis=0,tipores3=0  encerra2=0",22,1.23793201942302,0.814814814814815,0.0372250423011844,NA,NA,NA,NA,NA,NA,NA,NA
"2444","raca3=0,mumigual=0,comdiab=0,comtabagis=0,tipores3=0  encerra2=0",21,1.22711093533716,0.807692307692308,0.0355329949238579,NA,NA,NA,NA,NA,NA,NA,NA
"2445","raca3=0,mumigual=0,comtabagis=0,ppl=0,tipores3=0  encerra2=0",23,1.20494637000266,0.793103448275862,0.038917089678511,NA,NA,NA,NA,NA,NA,NA,NA
"2446","raca3=0,mumigual=0,hiv3=0,comdiab=0,tipores3=0  encerra2=0",25,1.18693766066838,0.78125,0.0423011844331641,NA,NA,NA,NA,NA,NA,NA,NA
"2447","raca3=0,mumigual=0,comdiab=0,cavitacao=1,tipores3=0  encerra2=0",22,1.15255739739385,0.758620689655172,0.0372250423011844,NA,NA,NA,NA,NA,NA,NA,NA
"2448","raca3=0,mumigual=0,comdiab=0,comdrogas=0,tipores3=0  encerra2=0",24,1.21542416452442,0.8,0.0406091370558376,NA,NA,NA,NA,NA,NA,NA,NA
"2449","raca3=0,fxet3=1,mumigual=0,comdiab=0,tipores3=0  encerra2=0",26,1.12860815277268,0.742857142857143,0.0439932318104907,NA,NA,NA,NA,NA,NA,NA,NA
"2450","raca3=0,mumigual=0,comdiab=0,ppl=0,tipores3=0  encerra2=0",26,1.16180251020717,0.764705882352941,0.0439932318104907,NA,NA,NA,NA,NA,NA,NA,NA
"2451","raca3=0,hiv3=0,alcool=0,bilateral=1,tipores3=0  encerra2=0",20,1.26606683804627,0.833333333333333,0.0338409475465313,NA,NA,NA,NA,NA,NA,NA,NA
"2452","raca3=0,alcool=0,comdrogas=0,bilateral=1,tipores3=0  encerra2=0",24,1.25733534261147,0.827586206896552,0.0406091370558376,NA,NA,NA,NA,NA,NA,NA,NA
"2453","raca3=0,alcool=0,ppl=0,bilateral=1,tipores3=0  encerra2=0",23,1.24798016893133,0.821428571428571,0.038917089678511,NA,NA,NA,NA,NA,NA,NA,NA
"2454","raca3=0,hiv3=0,ppl=0,bilateral=1,tipores3=0  encerra2=0",22,1.15255739739385,0.758620689655172,0.0372250423011844,NA,NA,NA,NA,NA,NA,NA,NA
"2455","sexo2=1,raca3=0,alcool=0,comtabagis=0,tipores3=0  encerra2=0",24,1.21542416452442,0.8,0.0406091370558376,NA,NA,NA,NA,NA,NA,NA,NA
"2456","sexo2=1,raca3=0,comtabagis=0,comdrogas=0,tipores3=0  encerra2=0",23,1.20494637000266,0.793103448275862,0.038917089678511,NA,NA,NA,NA,NA,NA,NA,NA
"2457","sexo2=1,raca3=0,comdiab=0,comtabagis=0,tipores3=0  encerra2=0",21,1.18166238217652,0.777777777777778,0.0355329949238579,NA,NA,NA,NA,NA,NA,NA,NA
"2458","raca3=0,hiv3=0,alcool=0,comtabagis=0,tipores3=0  encerra2=0",29,1.25883217040029,0.828571428571429,0.0490693739424704,NA,NA,NA,NA,NA,NA,NA,NA
"2459","raca3=0,alcool=0,comtabagis=0,comdrogas=0,tipores3=0  encerra2=0",34,1.25989090225092,0.829268292682927,0.0575296108291032,NA,NA,NA,NA,NA,NA,NA,NA
"2460","raca3=0,alcool=0,comtabagis=0,ppl=0,tipores3=0  encerra2=0",34,1.22989349981638,0.80952380952381,0.0575296108291032,NA,NA,NA,NA,NA,NA,NA,NA
"2461","raca3=0,hiv3=0,alcool=0,comdrogas=0,tipores3=0  encerra2=0",36,1.30224017627617,0.857142857142857,0.0609137055837563,NA,NA,NA,NA,NA,NA,NA,NA
"2462","raca3=0,fxet3=1,hiv3=0,alcool=0,tipores3=0  encerra2=0",34,1.22989349981638,0.80952380952381,0.0575296108291032,NA,NA,NA,NA,NA,NA,NA,NA
"2463","raca3=0,hiv3=0,alcool=0,ppl=0,tipores3=0  encerra2=0",36,1.21542416452442,0.8,0.0609137055837563,NA,NA,NA,NA,NA,NA,NA,NA
"2464","raca3=0,fxet3=1,alcool=0,comdrogas=0,tipores3=0  encerra2=0",40,1.29300443034513,0.851063829787234,0.0676818950930626,NA,NA,NA,NA,NA,NA,NA,NA
"2465","raca3=0,alcool=0,comdrogas=0,ppl=0,tipores3=0  encerra2=0",41,1.2712344577934,0.836734693877551,0.0693739424703892,NA,NA,NA,NA,NA,NA,NA,NA
"2466","raca3=0,fxet3=1,alcool=0,ppl=0,tipores3=0  encerra2=0",39,1.20922302082787,0.795918367346939,0.065989847715736,NA,NA,NA,NA,NA,NA,NA,NA
"2467","raca3=0,hiv3=0,comtabagis=0,comdrogas=0,tipores3=0  encerra2=0",28,1.25117193406926,0.823529411764706,0.0473773265651438,NA,NA,NA,NA,NA,NA,NA,NA
"2468","raca3=0,hiv3=0,comdiab=0,comtabagis=0,tipores3=0  encerra2=0",25,1.22522597230284,0.806451612903226,0.0423011844331641,NA,NA,NA,NA,NA,NA,NA,NA
"2469","raca3=0,comdiab=0,comtabagis=0,comdrogas=0,tipores3=0  encerra2=0",27,1.20648722213821,0.794117647058823,0.0456852791878173,NA,NA,NA,NA,NA,NA,NA,NA
"2470","raca3=0,comtabagis=0,comdrogas=0,ppl=0,tipores3=0  encerra2=0",33,1.22283528747884,0.804878048780488,0.0558375634517767,NA,NA,NA,NA,NA,NA,NA,NA
"2471","raca3=0,hiv3=0,comdiab=0,comdrogas=0,tipores3=0  encerra2=0",29,1.2238646101114,0.805555555555556,0.0490693739424704,NA,NA,NA,NA,NA,NA,NA,NA
"2472","raca3=0,fxet3=1,hiv3=0,comdrogas=0,tipores3=0  encerra2=0",34,1.22989349981638,0.80952380952381,0.0575296108291032,NA,NA,NA,NA,NA,NA,NA,NA
"2473","raca3=0,fxet3=1,hiv3=0,comdiab=0,tipores3=0  encerra2=0",29,1.15945068326343,0.763157894736842,0.0490693739424704,NA,NA,NA,NA,NA,NA,NA,NA
"2474","raca3=0,fxet3=1,hiv3=0,ppl=0,tipores3=0  encerra2=0",35,1.15597406952051,0.760869565217391,0.0592216582064298,NA,NA,NA,NA,NA,NA,NA,NA
"2475","raca3=0,fxet3=1,comdiab=0,comdrogas=0,tipores3=0  encerra2=0",33,1.22283528747884,0.804878048780488,0.0558375634517767,NA,NA,NA,NA,NA,NA,NA,NA
"2476","raca3=0,comdiab=0,comdrogas=0,ppl=0,tipores3=0  encerra2=0",35,1.20851834540781,0.795454545454545,0.0592216582064298,NA,NA,NA,NA,NA,NA,NA,NA
"2477","raca3=0,fxet3=1,comdrogas=0,ppl=0,tipores3=0  encerra2=0",40,1.21542416452442,0.8,0.0676818950930626,NA,NA,NA,NA,NA,NA,NA,NA
"2478","sexo2=1,fxet3=1,mumigual=1,comdrogas=0,tipores3=0  encerra2=0",19,1.31210563215705,0.863636363636364,0.0321489001692047,NA,NA,NA,NA,NA,NA,NA,NA
"2479","mumigual=1,alcool=0,comtabagis=0,comdrogas=0,tipores3=0  encerra2=0",25,1.30972431522028,0.862068965517241,0.0423011844331641,NA,NA,NA,NA,NA,NA,NA,NA
"2480","fxet3=1,mumigual=1,alcool=0,comdrogas=0,tipores3=0  encerra2=0",24,1.30224017627617,0.857142857142857,0.0406091370558376,NA,NA,NA,NA,NA,NA,NA,NA
"2481","sexo2=1,mumigual=0,alcool=0,ppl=0,tipores3=0  encerra2=0",34,1.20129132540204,0.790697674418605,0.0575296108291032,NA,NA,NA,NA,NA,NA,NA,NA
"2482","mumigual=0,hiv3=0,alcool=0,comdiab=0,tipores3=0  encerra2=0",41,1.17529223456371,0.773584905660377,0.0693739424703892,NA,NA,NA,NA,NA,NA,NA,NA
"2483","mumigual=0,hiv3=0,alcool=0,ppl=0,tipores3=0  encerra2=0",51,1.19205062289895,0.784615384615385,0.0862944162436548,NA,NA,NA,NA,NA,NA,NA,NA
"2484","mumigual=0,alcool=0,comdiab=0,ppl=0,tipores3=0  encerra2=0",49,1.18166238217652,0.777777777777778,0.0829103214890017,NA,NA,NA,NA,NA,NA,NA,NA
"2485","mumigual=0,alcool=0,ppl=0,pdres5=1,tipores3=0  encerra2=0",61,1.18815503262804,0.782051282051282,0.10321489001692,NA,NA,NA,NA,NA,NA,NA,NA
"2486","mumigual=0,hiv3=0,comdiab=0,comtabagis=0,tipores3=0  encerra2=0",41,1.19789400830532,0.788461538461538,0.0693739424703892,NA,NA,NA,NA,NA,NA,NA,NA
"2487","mumigual=0,hiv3=0,comdiab=0,comdrogas=0,tipores3=0  encerra2=0",44,1.21542416452442,0.8,0.0744500846023689,NA,NA,NA,NA,NA,NA,NA,NA
"2488","mumigual=0,hiv3=0,comdiab=0,ppl=0,tipores3=0  encerra2=0",48,1.15754682335659,0.761904761904762,0.0812182741116751,NA,NA,NA,NA,NA,NA,NA,NA
"2489","sexo2=1,raca3=1,escol4=1,comdrogas=0,tipores3=0  encerra2=0",19,1.2550575611937,0.826086956521739,0.0321489001692047,NA,NA,NA,NA,NA,NA,NA,NA
"2490","sexo2=1,raca3=1,escol4=1,ppl=0,tipores3=0  encerra2=0",24,1.25733534261147,0.827586206896552,0.0406091370558376,NA,NA,NA,NA,NA,NA,NA,NA
"2491","sexo2=1,raca3=1,alcool=0,ppl=0,tipores3=0  encerra2=0",22,1.23793201942302,0.814814814814815,0.0372250423011844,NA,NA,NA,NA,NA,NA,NA,NA
"2492","sexo2=1,raca3=1,alcool=0,pdres5=1,tipores3=0  encerra2=0",22,1.23793201942302,0.814814814814815,0.0372250423011844,NA,NA,NA,NA,NA,NA,NA,NA
"2493","sexo2=1,raca3=1,hiv3=0,comdrogas=0,tipores3=0  encerra2=0",22,1.23793201942302,0.814814814814815,0.0372250423011844,NA,NA,NA,NA,NA,NA,NA,NA
"2494","sexo2=1,raca3=1,hiv3=0,ppl=0,tipores3=0  encerra2=0",25,1.22522597230284,0.806451612903226,0.0423011844331641,NA,NA,NA,NA,NA,NA,NA,NA
"2495","sexo2=1,raca3=1,comdrogas=0,pdres5=1,tipores3=0  encerra2=0",27,1.28189267352185,0.84375,0.0456852791878173,NA,NA,NA,NA,NA,NA,NA,NA
"2496","sexo2=1,raca3=1,ppl=0,pdres5=1,tipores3=0  encerra2=0",32,1.27939385739413,0.842105263157895,0.0541455160744501,NA,NA,NA,NA,NA,NA,NA,NA
"2497","sexo2=1,alcool=0,pdres5=1,bilateral=1,tipores3=0  encerra2=0",26,1.16180251020717,0.764705882352941,0.0439932318104907,NA,NA,NA,NA,NA,NA,NA,NA
"2498","hiv3=0,alcool=0,comtabagis=0,bilateral=1,tipores3=0  encerra2=0",32,1.21542416452442,0.8,0.0541455160744501,NA,NA,NA,NA,NA,NA,NA,NA
"2499","hiv3=0,alcool=0,comdrogas=0,bilateral=1,tipores3=0  encerra2=0",33,1.25340616966581,0.825,0.0558375634517767,NA,NA,NA,NA,NA,NA,NA,NA
"2500","hiv3=0,alcool=0,comdiab=0,bilateral=1,tipores3=0  encerra2=0",24,1.21542416452442,0.8,0.0406091370558376,NA,NA,NA,NA,NA,NA,NA,NA
"2501","hiv3=0,alcool=0,ppl=0,bilateral=1,tipores3=0  encerra2=0",34,1.22989349981638,0.80952380952381,0.0575296108291032,NA,NA,NA,NA,NA,NA,NA,NA
"2502","alcool=0,ppl=0,pdres5=1,bilateral=1,tipores3=0  encerra2=0",39,1.18503856041131,0.78,0.065989847715736,NA,NA,NA,NA,NA,NA,NA,NA
"2503","sexo2=1,hiv3=0,alcool=0,comtabagis=0,tipores3=0  encerra2=0",37,1.22202973063597,0.804347826086957,0.0626057529610829,NA,NA,NA,NA,NA,NA,NA,NA
"2504","sexo2=1,alcool=0,comtabagis=0,comdrogas=0,tipores3=0  encerra2=0",43,1.25632786236899,0.826923076923077,0.0727580372250423,NA,NA,NA,NA,NA,NA,NA,NA
"2505","sexo2=1,alcool=0,comtabagis=0,ppl=0,tipores3=0  encerra2=0",44,1.23793201942302,0.814814814814815,0.0744500846023689,NA,NA,NA,NA,NA,NA,NA,NA
"2506","sexo2=1,alcool=0,comtabagis=0,pdres5=1,tipores3=0  encerra2=0",45,1.22085016525891,0.803571428571429,0.0761421319796954,NA,NA,NA,NA,NA,NA,NA,NA
"2507","sexo2=1,hiv3=0,alcool=0,comdrogas=0,tipores3=0  encerra2=0",39,1.2606793195865,0.829787234042553,0.065989847715736,NA,NA,NA,NA,NA,NA,NA,NA
"2508","sexo2=1,hiv3=0,alcool=0,ppl=0,tipores3=0  encerra2=0",40,1.1915923181612,0.784313725490196,0.0676818950930626,NA,NA,NA,NA,NA,NA,NA,NA
"2509","sexo2=1,fxet3=1,alcool=0,comdrogas=0,tipores3=0  encerra2=0",42,1.25117193406926,0.823529411764706,0.0710659898477157,NA,NA,NA,NA,NA,NA,NA,NA
"2510","sexo2=1,alcool=0,comdrogas=0,ppl=0,tipores3=0  encerra2=0",46,1.24798016893133,0.821428571428571,0.077834179357022,NA,NA,NA,NA,NA,NA,NA,NA
"2511","sexo2=1,alcool=0,comdrogas=0,pdres5=1,tipores3=0  encerra2=0",47,1.25273981869842,0.824561403508772,0.0795262267343486,NA,NA,NA,NA,NA,NA,NA,NA
"2512","sexo2=1,fxet3=1,alcool=0,ppl=0,tipores3=0  encerra2=0",43,1.18780088805796,0.781818181818182,0.0727580372250423,NA,NA,NA,NA,NA,NA,NA,NA
"2513","sexo2=1,alcool=0,ppl=0,pdres5=1,tipores3=0  encerra2=0",48,1.19549917822074,0.786885245901639,0.0812182741116751,NA,NA,NA,NA,NA,NA,NA,NA
"2514","sexo2=1,hiv3=0,comtabagis=0,comdrogas=0,tipores3=0  encerra2=0",35,1.20851834540781,0.795454545454545,0.0592216582064298,NA,NA,NA,NA,NA,NA,NA,NA
"2515","sexo2=1,comtabagis=0,comdrogas=0,ppl=0,tipores3=0  encerra2=0",43,1.20979720079977,0.796296296296296,0.0727580372250423,NA,NA,NA,NA,NA,NA,NA,NA
"2516","sexo2=1,comtabagis=0,comdrogas=0,pdres5=1,tipores3=0  encerra2=0",43,1.20979720079977,0.796296296296296,0.0727580372250423,NA,NA,NA,NA,NA,NA,NA,NA
"2517","sexo2=1,comtabagis=0,ppl=0,pdres5=1,tipores3=0  encerra2=0",46,1.18452355017211,0.779661016949153,0.077834179357022,NA,NA,NA,NA,NA,NA,NA,NA
"2518","sexo2=1,comdrogas=0,ppl=0,pdres5=1,tipores3=0  encerra2=0",55,1.21102045378339,0.797101449275362,0.0930626057529611,NA,NA,NA,NA,NA,NA,NA,NA
"2519","hiv3=0,alcool=0,comtabagis=0,comdrogas=0,tipores3=0  encerra2=0",60,1.23184881539637,0.810810810810811,0.101522842639594,NA,NA,NA,NA,NA,NA,NA,NA
"2520","hiv3=0,alcool=0,comtabagis=0,ppl=0,tipores3=0  encerra2=0",62,1.2076329839826,0.794871794871795,0.104906937394247,NA,NA,NA,NA,NA,NA,NA,NA
"2521","alcool=0,comtabagis=0,ppl=0,pdres5=1,tipores3=0  encerra2=0",75,1.199431741307,0.789473684210526,0.126903553299492,NA,NA,NA,NA,NA,NA,NA,NA
"2522","fxet3=1,hiv3=0,alcool=0,comdrogas=0,tipores3=0  encerra2=0",62,1.23941279935056,0.815789473684211,0.104906937394247,NA,NA,NA,NA,NA,NA,NA,NA
"2523","fxet3=1,hiv3=0,alcool=0,ppl=0,tipores3=0  encerra2=0",63,1.19643316195373,0.7875,0.106598984771574,NA,NA,NA,NA,NA,NA,NA,NA
"2524","fxet3=1,alcool=0,comdrogas=0,ppl=0,tipores3=0  encerra2=0",76,1.21542416452442,0.8,0.128595600676819,NA,NA,NA,NA,NA,NA,NA,NA
"2525","fxet3=1,alcool=0,comdrogas=0,pdres5=1,tipores3=0  encerra2=0",76,1.21542416452442,0.8,0.128595600676819,NA,NA,NA,NA,NA,NA,NA,NA
"2526","alcool=0,comdrogas=0,ppl=0,pdres5=1,tipores3=0  encerra2=0",81,1.21843264017918,0.801980198019802,0.137055837563452,NA,NA,NA,NA,NA,NA,NA,NA
"2527","hiv3=0,comdiab=0,comtabagis=0,comdrogas=0,tipores3=0  encerra2=0",46,1.20494637000266,0.793103448275862,0.077834179357022,NA,NA,NA,NA,NA,NA,NA,NA
"2528","fxet3=1,hiv3=0,comdiab=0,comdrogas=0,tipores3=0  encerra2=0",52,1.19700864688011,0.787878787878788,0.0879864636209814,NA,NA,NA,NA,NA,NA,NA,NA
"2529","hiv3=0,comdiab=0,comdrogas=0,pdres5=1,tipores3=0  encerra2=0",58,1.20709934147973,0.794520547945205,0.0981387478849408,NA,NA,NA,NA,NA,NA,NA,NA
"2530","hiv3=0,comdiab=0,ppl=0,pdres5=1,tipores3=0  encerra2=0",64,1.15754682335659,0.761904761904762,0.1082910321489,NA,NA,NA,NA,NA,NA,NA,NA
"2531","comdiab=0,comdrogas=0,ppl=0,pdres5=1,tipores3=0  encerra2=0",72,1.20206785502415,0.791208791208791,0.121827411167513,NA,NA,NA,NA,NA,NA,NA,NA
"2532","raca3=1,escol4=1,alcool=1,cavitacao=1,bilateral=0  encerra2=0",19,1.31210563215705,0.863636363636364,0.0321489001692047,NA,NA,NA,NA,NA,NA,NA,NA
"2533","raca3=1,escol4=1,alcool=1,comdiab=0,bilateral=0  encerra2=0",24,1.30224017627617,0.857142857142857,0.0406091370558376,NA,NA,NA,NA,NA,NA,NA,NA
"2534","raca3=1,escol4=1,alcool=1,ppl=0,bilateral=0  encerra2=0",24,1.25733534261147,0.827586206896552,0.0406091370558376,NA,NA,NA,NA,NA,NA,NA,NA
"2535","raca3=1,escol4=1,alcool=1,pdres5=1,bilateral=0  encerra2=0",24,1.25733534261147,0.827586206896552,0.0406091370558376,NA,NA,NA,NA,NA,NA,NA,NA
"2536","raca3=1,alcool=1,comdiab=0,cavitacao=1,bilateral=0  encerra2=0",22,1.33696658097686,0.88,0.0372250423011844,NA,NA,NA,NA,NA,NA,NA,NA
"2537","raca3=1,alcool=1,ppl=0,cavitacao=1,bilateral=0  encerra2=0",22,1.28554478940083,0.846153846153846,0.0372250423011844,NA,NA,NA,NA,NA,NA,NA,NA
"2538","raca3=1,alcool=1,pdres5=1,cavitacao=1,bilateral=0  encerra2=0",22,1.28554478940083,0.846153846153846,0.0372250423011844,NA,NA,NA,NA,NA,NA,NA,NA
"2539","raca3=1,alcool=1,comdiab=0,ppl=0,bilateral=0  encerra2=0",27,1.28189267352185,0.84375,0.0456852791878173,NA,NA,NA,NA,NA,NA,NA,NA
"2540","raca3=1,alcool=1,ppl=0,pdres5=1,bilateral=0  encerra2=0",27,1.24304744099089,0.818181818181818,0.0456852791878173,NA,NA,NA,NA,NA,NA,NA,NA
"2541","escol4=1,alcool=1,comdiab=0,cavitacao=1,bilateral=0  encerra2=0",25,1.30972431522028,0.862068965517241,0.0423011844331641,NA,NA,NA,NA,NA,NA,NA,NA
"2542","escol4=1,alcool=1,ppl=0,cavitacao=1,bilateral=0  encerra2=0",25,1.26606683804627,0.833333333333333,0.0423011844331641,NA,NA,NA,NA,NA,NA,NA,NA
"2543","escol4=1,alcool=1,pdres5=1,cavitacao=1,bilateral=0  encerra2=0",25,1.26606683804627,0.833333333333333,0.0423011844331641,NA,NA,NA,NA,NA,NA,NA,NA
"2544","escol4=1,alcool=1,comdiab=0,comdrogas=0,bilateral=0  encerra2=0",26,1.31670951156812,0.866666666666667,0.0439932318104907,NA,NA,NA,NA,NA,NA,NA,NA
"2545","escol4=1,alcool=1,comdrogas=0,pdres5=1,bilateral=0  encerra2=0",26,1.27423501119496,0.838709677419355,0.0439932318104907,NA,NA,NA,NA,NA,NA,NA,NA
"2546","escol4=1,alcool=1,comdiab=0,ppl=0,bilateral=0  encerra2=0",35,1.29694651702301,0.853658536585366,0.0592216582064298,NA,NA,NA,NA,NA,NA,NA,NA
"2547","escol4=1,alcool=1,ppl=0,pdres5=1,bilateral=0  encerra2=0",35,1.26606683804627,0.833333333333333,0.0592216582064298,NA,NA,NA,NA,NA,NA,NA,NA
"2548","alcool=1,comdiab=0,comdrogas=0,cavitacao=1,bilateral=0  encerra2=0",21,1.32937017994859,0.875,0.0355329949238579,NA,NA,NA,NA,NA,NA,NA,NA
"2549","alcool=1,comdrogas=0,pdres5=1,cavitacao=1,bilateral=0  encerra2=0",21,1.27619537275064,0.84,0.0355329949238579,NA,NA,NA,NA,NA,NA,NA,NA
"2550","alcool=1,comdiab=0,ppl=0,cavitacao=1,bilateral=0  encerra2=0",29,1.2958566460003,0.852941176470588,0.0490693739424704,NA,NA,NA,NA,NA,NA,NA,NA
"2551","alcool=1,ppl=0,pdres5=1,cavitacao=1,bilateral=0  encerra2=0",29,1.2238646101114,0.805555555555556,0.0490693739424704,NA,NA,NA,NA,NA,NA,NA,NA
"2552","raca3=0,fxet3=1,escol4=1,hiv3=0,alcool=1  encerra2=0",19,1.11024322720981,0.730769230769231,0.0321489001692047,NA,NA,NA,NA,NA,NA,NA,NA
"2553","sexo2=1,raca3=1,escol4=1,mumigual=1,alcool=1  encerra2=0",22,1.19372016158649,0.785714285714286,0.0372250423011844,NA,NA,NA,NA,NA,NA,NA,NA
"2554","raca3=1,escol4=1,mumigual=1,alcool=1,cavitacao=1  encerra2=0",21,1.13946015424165,0.75,0.0355329949238579,NA,NA,NA,NA,NA,NA,NA,NA
"2555","sexo2=1,raca3=1,mumigual=1,hiv3=0,alcool=1  encerra2=0",21,1.27619537275064,0.84,0.0355329949238579,NA,NA,NA,NA,NA,NA,NA,NA
"2556","sexo2=1,raca3=1,mumigual=1,alcool=1,cavitacao=1  encerra2=0",21,1.22711093533716,0.807692307692308,0.0355329949238579,NA,NA,NA,NA,NA,NA,NA,NA
"2557","raca3=1,mumigual=1,hiv3=0,alcool=1,cavitacao=1  encerra2=0",21,1.22711093533716,0.807692307692308,0.0355329949238579,NA,NA,NA,NA,NA,NA,NA,NA
"2558","sexo2=1,escol4=1,mumigual=1,hiv3=0,alcool=1  encerra2=0",32,1.15754682335659,0.761904761904762,0.0541455160744501,NA,NA,NA,NA,NA,NA,NA,NA
"2559","fxet3=1,escol4=1,mumigual=1,hiv3=0,alcool=1  encerra2=0",32,1.15754682335659,0.761904761904762,0.0541455160744501,NA,NA,NA,NA,NA,NA,NA,NA
"2560","sexo2=1,mumigual=1,hiv3=0,alcool=1,comdiab=0  encerra2=0",36,1.16370398731062,0.765957446808511,0.0609137055837563,NA,NA,NA,NA,NA,NA,NA,NA
"2561","sexo2=1,fxet3=1,mumigual=1,hiv3=0,alcool=1  encerra2=0",34,1.17398924982473,0.772727272727273,0.0575296108291032,NA,NA,NA,NA,NA,NA,NA,NA
"2562","fxet3=1,mumigual=1,hiv3=0,alcool=1,comdiab=0  encerra2=0",36,1.16370398731062,0.765957446808511,0.0609137055837563,NA,NA,NA,NA,NA,NA,NA,NA
"2563","sexo2=0,escol4=0,mumigual=0,hiv3=0,bilateral=0  encerra2=0",23,1.39773778920308,0.92,0.038917089678511,NA,NA,NA,NA,NA,NA,NA,NA
"2564","sexo2=0,escol4=0,mumigual=0,cavitacao=1,bilateral=0  encerra2=0",20,1.44693352919574,0.952380952380952,0.0338409475465313,NA,NA,NA,NA,NA,NA,NA,NA
"2565","sexo2=0,raca3=0,escol4=0,mumigual=0,hiv3=0  encerra2=0",24,1.45850899742931,0.96,0.0406091370558376,NA,NA,NA,NA,NA,NA,NA,NA
"2566","sexo2=0,raca3=0,escol4=0,mumigual=0,cavitacao=1  encerra2=0",22,1.45322454454007,0.956521739130435,0.0372250423011844,NA,NA,NA,NA,NA,NA,NA,NA
"2567","raca3=0,escol4=0,mumigual=0,hiv3=0,bilateral=0  encerra2=0",23,1.3439786434645,0.884615384615385,0.038917089678511,NA,NA,NA,NA,NA,NA,NA,NA
"2568","raca3=0,escol4=0,mumigual=0,cavitacao=1,bilateral=0  encerra2=0",18,1.43931808956839,0.947368421052632,0.0304568527918782,NA,NA,NA,NA,NA,NA,NA,NA
"2569","raca3=0,escol4=0,mumigual=0,comdiab=0,bilateral=0  encerra2=0",25,1.35650018362101,0.892857142857143,0.0423011844331641,NA,NA,NA,NA,NA,NA,NA,NA
"2570","raca3=0,fxet3=1,escol4=0,mumigual=0,bilateral=0  encerra2=0",27,1.36735218508997,0.9,0.0456852791878173,NA,NA,NA,NA,NA,NA,NA,NA
"2571","raca3=0,escol4=0,alcool=0,comtabagis=0,bilateral=0  encerra2=0",28,1.32937017994859,0.875,0.0473773265651438,NA,NA,NA,NA,NA,NA,NA,NA
"2572","raca3=0,escol4=0,hiv3=0,alcool=0,bilateral=0  encerra2=0",26,1.31670951156812,0.866666666666667,0.0439932318104907,NA,NA,NA,NA,NA,NA,NA,NA
"2573","raca3=0,escol4=0,alcool=0,cavitacao=1,bilateral=0  encerra2=0",21,1.38716888342461,0.91304347826087,0.0355329949238579,NA,NA,NA,NA,NA,NA,NA,NA
"2574","raca3=0,fxet3=1,escol4=0,alcool=0,bilateral=0  encerra2=0",31,1.38522606986239,0.911764705882353,0.0524534686971235,NA,NA,NA,NA,NA,NA,NA,NA
"2575","raca3=0,escol4=0,hiv3=0,comtabagis=0,bilateral=0  encerra2=0",25,1.30972431522028,0.862068965517241,0.0423011844331641,NA,NA,NA,NA,NA,NA,NA,NA
"2576","raca3=0,escol4=0,comtabagis=0,cavitacao=1,bilateral=0  encerra2=0",18,1.36735218508997,0.9,0.0304568527918782,NA,NA,NA,NA,NA,NA,NA,NA
"2577","raca3=0,escol4=0,comtabagis=0,comdrogas=0,bilateral=0  encerra2=0",27,1.32324405008707,0.870967741935484,0.0456852791878173,NA,NA,NA,NA,NA,NA,NA,NA
"2578","raca3=0,escol4=0,comdiab=0,comtabagis=0,bilateral=0  encerra2=0",27,1.36735218508997,0.9,0.0456852791878173,NA,NA,NA,NA,NA,NA,NA,NA
"2579","raca3=0,escol4=0,hiv3=0,comdrogas=0,bilateral=0  encerra2=0",26,1.31670951156812,0.866666666666667,0.0439932318104907,NA,NA,NA,NA,NA,NA,NA,NA
"2580","raca3=0,escol4=0,hiv3=0,comdiab=0,bilateral=0  encerra2=0",26,1.36211328782909,0.896551724137931,0.0439932318104907,NA,NA,NA,NA,NA,NA,NA,NA
"2581","raca3=0,fxet3=1,escol4=0,hiv3=0,bilateral=0  encerra2=0",28,1.37225308897919,0.903225806451613,0.0473773265651438,NA,NA,NA,NA,NA,NA,NA,NA
"2582","raca3=0,escol4=0,comdrogas=0,cavitacao=1,bilateral=0  encerra2=0",21,1.38716888342461,0.91304347826087,0.0355329949238579,NA,NA,NA,NA,NA,NA,NA,NA
"2583","raca3=0,escol4=0,comdiab=0,cavitacao=1,bilateral=0  encerra2=0",21,1.38716888342461,0.91304347826087,0.0355329949238579,NA,NA,NA,NA,NA,NA,NA,NA
"2584","raca3=0,fxet3=1,escol4=0,cavitacao=1,bilateral=0  encerra2=0",22,1.3926735218509,0.916666666666667,0.0372250423011844,NA,NA,NA,NA,NA,NA,NA,NA
"2585","raca3=0,fxet3=1,escol4=0,comdrogas=0,bilateral=0  encerra2=0",31,1.38522606986239,0.911764705882353,0.0524534686971235,NA,NA,NA,NA,NA,NA,NA,NA
"2586","raca3=0,fxet3=1,escol4=0,comdiab=0,bilateral=0  encerra2=0",31,1.42720261743398,0.939393939393939,0.0524534686971235,NA,NA,NA,NA,NA,NA,NA,NA
"2587","escol4=0,mumigual=0,hiv3=0,alcool=0,bilateral=0  encerra2=0",37,1.27757653657397,0.840909090909091,0.0626057529610829,NA,NA,NA,NA,NA,NA,NA,NA
"2588","escol4=0,mumigual=0,alcool=0,comdiab=0,bilateral=0  encerra2=0",37,1.27757653657397,0.840909090909091,0.0626057529610829,NA,NA,NA,NA,NA,NA,NA,NA
"2589","fxet3=1,escol4=0,mumigual=0,alcool=0,bilateral=0  encerra2=0",41,1.35414105286688,0.891304347826087,0.0693739424703892,NA,NA,NA,NA,NA,NA,NA,NA
"2590","escol4=0,mumigual=0,hiv3=0,comtabagis=0,bilateral=0  encerra2=0",37,1.24918594687232,0.822222222222222,0.0626057529610829,NA,NA,NA,NA,NA,NA,NA,NA
"2591","escol4=0,mumigual=0,comtabagis=0,cavitacao=1,bilateral=0  encerra2=0",27,1.36735218508997,0.9,0.0456852791878173,NA,NA,NA,NA,NA,NA,NA,NA
"2592","escol4=0,mumigual=0,hiv3=0,comdiab=0,bilateral=0  encerra2=0",36,1.24304744099089,0.818181818181818,0.0609137055837563,NA,NA,NA,NA,NA,NA,NA,NA
"2593","fxet3=1,escol4=0,mumigual=0,hiv3=0,bilateral=0  encerra2=0",40,1.32111322230915,0.869565217391304,0.0676818950930626,NA,NA,NA,NA,NA,NA,NA,NA
"2594","fxet3=1,escol4=0,mumigual=0,cavitacao=1,bilateral=0  encerra2=0",31,1.38522606986239,0.911764705882353,0.0524534686971235,NA,NA,NA,NA,NA,NA,NA,NA
"2595","fxet3=1,escol4=0,mumigual=0,comdiab=0,bilateral=0  encerra2=0",40,1.32111322230915,0.869565217391304,0.0676818950930626,NA,NA,NA,NA,NA,NA,NA,NA
"2596","escol4=0,hiv3=0,alcool=0,comtabagis=0,bilateral=0  encerra2=0",44,1.28554478940083,0.846153846153846,0.0744500846023689,NA,NA,NA,NA,NA,NA,NA,NA
"2597","escol4=0,alcool=0,comtabagis=0,cavitacao=1,bilateral=0  encerra2=0",35,1.39933703152483,0.921052631578947,0.0592216582064298,NA,NA,NA,NA,NA,NA,NA,NA
"2598","escol4=0,alcool=0,comdiab=0,comtabagis=0,bilateral=0  encerra2=0",44,1.28554478940083,0.846153846153846,0.0744500846023689,NA,NA,NA,NA,NA,NA,NA,NA
"2599","fxet3=1,escol4=0,alcool=0,comtabagis=0,bilateral=0  encerra2=0",49,1.32937017994859,0.875,0.0829103214890017,NA,NA,NA,NA,NA,NA,NA,NA
"2600","fxet3=1,escol4=0,hiv3=0,alcool=0,bilateral=0  encerra2=0",46,1.31862055585197,0.867924528301887,0.077834179357022,NA,NA,NA,NA,NA,NA,NA,NA
"2601","fxet3=1,escol4=0,alcool=0,cavitacao=1,bilateral=0  encerra2=0",38,1.37458685273595,0.904761904761905,0.0642978003384095,NA,NA,NA,NA,NA,NA,NA,NA
"2602","fxet3=1,escol4=0,alcool=0,comdiab=0,bilateral=0  encerra2=0",47,1.32233647529277,0.87037037037037,0.0795262267343486,NA,NA,NA,NA,NA,NA,NA,NA
"2603","fxet3=1,escol4=0,hiv3=0,comtabagis=0,bilateral=0  encerra2=0",47,1.27511017260375,0.839285714285714,0.0795262267343486,NA,NA,NA,NA,NA,NA,NA,NA
"2604","escol4=0,comtabagis=0,comdrogas=0,cavitacao=1,bilateral=0  encerra2=0",36,1.3340021317951,0.878048780487805,0.0609137055837563,NA,NA,NA,NA,NA,NA,NA,NA
"2605","escol4=0,comdiab=0,comtabagis=0,cavitacao=1,bilateral=0  encerra2=0",34,1.32450069210995,0.871794871794872,0.0575296108291032,NA,NA,NA,NA,NA,NA,NA,NA
"2606","fxet3=1,escol4=0,comtabagis=0,comdrogas=0,bilateral=0  encerra2=0",50,1.28752559801316,0.847457627118644,0.0846023688663283,NA,NA,NA,NA,NA,NA,NA,NA
"2607","fxet3=1,escol4=0,comdiab=0,comtabagis=0,bilateral=0  encerra2=0",47,1.29829399392381,0.854545454545454,0.0795262267343486,NA,NA,NA,NA,NA,NA,NA,NA
"2608","fxet3=1,escol4=0,comdrogas=0,cavitacao=1,bilateral=0  encerra2=0",41,1.32532954110376,0.872340425531915,0.0693739424703892,NA,NA,NA,NA,NA,NA,NA,NA
"2609","fxet3=1,escol4=0,comdiab=0,cavitacao=1,bilateral=0  encerra2=0",39,1.31670951156812,0.866666666666667,0.065989847715736,NA,NA,NA,NA,NA,NA,NA,NA
"2610","raca3=0,escol4=0,mumigual=0,alcool=0,bilateral=1  encerra2=0",29,1.33512502921243,0.878787878787879,0.0490693739424704,NA,NA,NA,NA,NA,NA,NA,NA
"2611","raca3=0,escol4=0,mumigual=0,alcool=0,comtabagis=0  encerra2=0",49,1.32937017994859,0.875,0.0829103214890017,NA,NA,NA,NA,NA,NA,NA,NA
"2612","raca3=0,escol4=0,mumigual=0,alcool=0,cavitacao=1  encerra2=0",39,1.37795181443176,0.906976744186046,0.065989847715736,NA,NA,NA,NA,NA,NA,NA,NA
"2613","raca3=0,escol4=0,mumigual=0,alcool=0,comdrogas=0  encerra2=0",51,1.35935597348126,0.894736842105263,0.0862944162436548,NA,NA,NA,NA,NA,NA,NA,NA
"2614","raca3=0,fxet3=1,escol4=0,mumigual=0,alcool=0  encerra2=0",54,1.34493657549834,0.885245901639344,0.0913705583756345,NA,NA,NA,NA,NA,NA,NA,NA
"2615","raca3=0,escol4=0,mumigual=0,alcool=0,ppl=0  encerra2=0",54,1.34493657549834,0.885245901639344,0.0913705583756345,NA,NA,NA,NA,NA,NA,NA,NA
"2616","raca3=0,escol4=0,mumigual=0,cavitacao=1,tipores3=1  encerra2=0",23,1.29420165666952,0.851851851851852,0.038917089678511,NA,NA,NA,NA,NA,NA,NA,NA
"2617","raca3=0,fxet3=1,escol4=0,mumigual=0,tipores3=1  encerra2=0",31,1.27291044257625,0.837837837837838,0.0524534686971235,NA,NA,NA,NA,NA,NA,NA,NA
"2618","raca3=0,escol4=0,mumigual=0,comtabagis=0,cavitacao=1  encerra2=0",34,1.2913881748072,0.85,0.0575296108291032,NA,NA,NA,NA,NA,NA,NA,NA
"2619","raca3=0,escol4=0,mumigual=0,comtabagis=0,comdrogas=0  encerra2=0",46,1.31862055585197,0.867924528301887,0.077834179357022,NA,NA,NA,NA,NA,NA,NA,NA
"2620","raca3=0,escol4=0,mumigual=0,comdiab=0,comtabagis=0  encerra2=0",40,1.26606683804627,0.833333333333333,0.0676818950930626,NA,NA,NA,NA,NA,NA,NA,NA
"2621","raca3=0,fxet3=1,escol4=0,mumigual=0,comtabagis=0  encerra2=0",48,1.27939385739413,0.842105263157895,0.0812182741116751,NA,NA,NA,NA,NA,NA,NA,NA
"2622","raca3=0,escol4=0,mumigual=0,comdrogas=0,cavitacao=1  encerra2=0",38,1.34261971662581,0.883720930232558,0.0642978003384095,NA,NA,NA,NA,NA,NA,NA,NA
"2623","raca3=0,escol4=0,mumigual=0,ppl=0,cavitacao=1  encerra2=0",39,1.28808539175143,0.847826086956522,0.065989847715736,NA,NA,NA,NA,NA,NA,NA,NA
"2624","raca3=0,escol4=0,mumigual=0,comdiab=0,comdrogas=0  encerra2=0",42,1.32937017994859,0.875,0.0710659898477157,NA,NA,NA,NA,NA,NA,NA,NA
"2625","raca3=0,fxet3=1,escol4=0,mumigual=0,comdrogas=0  encerra2=0",51,1.33591880152469,0.879310344827586,0.0862944162436548,NA,NA,NA,NA,NA,NA,NA,NA
"2626","raca3=0,fxet3=1,escol4=0,mumigual=0,ppl=0  encerra2=0",54,1.28189267352185,0.84375,0.0913705583756345,NA,NA,NA,NA,NA,NA,NA,NA
"2627","raca3=0,escol4=0,alcool=0,comdrogas=0,bilateral=1  encerra2=0",46,1.31862055585197,0.867924528301887,0.077834179357022,NA,NA,NA,NA,NA,NA,NA,NA
"2628","raca3=0,escol4=0,alcool=0,ppl=0,bilateral=1  encerra2=0",50,1.30972431522028,0.862068965517241,0.0846023688663283,NA,NA,NA,NA,NA,NA,NA,NA
"2629","raca3=0,escol4=0,hiv3=0,alcool=0,comtabagis=0  encerra2=0",59,1.31819900196582,0.867647058823529,0.0998307952622673,NA,NA,NA,NA,NA,NA,NA,NA
"2630","raca3=0,escol4=0,alcool=0,comtabagis=0,cavitacao=1  encerra2=0",54,1.32324405008707,0.870967741935484,0.0913705583756345,NA,NA,NA,NA,NA,NA,NA,NA
"2631","raca3=0,escol4=0,alcool=0,comdiab=0,comtabagis=0  encerra2=0",60,1.32111322230915,0.869565217391304,0.101522842639594,NA,NA,NA,NA,NA,NA,NA,NA
"2632","raca3=0,escol4=0,hiv3=0,alcool=0,cavitacao=1  encerra2=0",50,1.30972431522028,0.862068965517241,0.0846023688663283,NA,NA,NA,NA,NA,NA,NA,NA
"2633","raca3=0,escol4=0,hiv3=0,alcool=0,comdrogas=0  encerra2=0",61,1.3239441792141,0.871428571428571,0.10321489001692,NA,NA,NA,NA,NA,NA,NA,NA
"2634","raca3=0,escol4=0,hiv3=0,alcool=0,ppl=0  encerra2=0",64,1.31397206975613,0.864864864864865,0.1082910321489,NA,NA,NA,NA,NA,NA,NA,NA
"2635","raca3=0,escol4=0,alcool=0,comdiab=0,cavitacao=1  encerra2=0",49,1.30604789608984,0.859649122807018,0.0829103214890017,NA,NA,NA,NA,NA,NA,NA,NA
"2636","raca3=0,fxet3=1,escol4=0,alcool=0,cavitacao=1  encerra2=0",58,1.33512502921243,0.878787878787879,0.0981387478849408,NA,NA,NA,NA,NA,NA,NA,NA
"2637","raca3=0,escol4=0,alcool=0,ppl=0,cavitacao=1  encerra2=0",59,1.31819900196582,0.867647058823529,0.0998307952622673,NA,NA,NA,NA,NA,NA,NA,NA
"2638","raca3=0,escol4=0,alcool=0,comdiab=0,comdrogas=0  encerra2=0",62,1.32669539085412,0.873239436619718,0.104906937394247,NA,NA,NA,NA,NA,NA,NA,NA
"2639","raca3=0,fxet3=1,escol4=0,alcool=0,comdrogas=0  encerra2=0",73,1.35252993918114,0.890243902439024,0.123519458544839,NA,NA,NA,NA,NA,NA,NA,NA
"2640","raca3=0,fxet3=1,escol4=0,alcool=0,comdiab=0  encerra2=0",64,1.33197168715005,0.876712328767123,0.1082910321489,NA,NA,NA,NA,NA,NA,NA,NA
"2641","raca3=0,escol4=0,alcool=0,comdiab=0,ppl=0  encerra2=0",66,1.31937491543769,0.868421052631579,0.111675126903553,NA,NA,NA,NA,NA,NA,NA,NA
"2642","raca3=0,fxet3=1,escol4=0,alcool=0,ppl=0  encerra2=0",77,1.34465029695949,0.885057471264368,0.130287648054146,NA,NA,NA,NA,NA,NA,NA,NA
"2643","raca3=0,escol4=0,hiv3=0,comtabagis=0,comdrogas=0  encerra2=0",57,1.31210563215705,0.863636363636364,0.0964467005076142,NA,NA,NA,NA,NA,NA,NA,NA
"2644","raca3=0,escol4=0,comdiab=0,comtabagis=0,comdrogas=0  encerra2=0",57,1.31210563215705,0.863636363636364,0.0964467005076142,NA,NA,NA,NA,NA,NA,NA,NA
"2645","raca3=0,fxet3=1,escol4=0,comdiab=0,comtabagis=0  encerra2=0",59,1.26250045258699,0.830985915492958,0.0998307952622673,NA,NA,NA,NA,NA,NA,NA,NA
"2646","raca3=0,fxet3=1,escol4=0,hiv3=0,comdrogas=0  encerra2=0",62,1.32669539085412,0.873239436619718,0.104906937394247,NA,NA,NA,NA,NA,NA,NA,NA
"2647","raca3=0,fxet3=1,escol4=0,comdiab=0,comdrogas=0  encerra2=0",62,1.32669539085412,0.873239436619718,0.104906937394247,NA,NA,NA,NA,NA,NA,NA,NA
"2648","raca3=0,fxet3=1,escol4=0,comdiab=0,ppl=0  encerra2=0",67,1.2723971722365,0.8375,0.11336717428088,NA,NA,NA,NA,NA,NA,NA,NA
"2649","escol4=0,mumigual=1,hiv3=0,alcool=0,bilateral=1  encerra2=0",24,1.21542416452442,0.8,0.0406091370558376,NA,NA,NA,NA,NA,NA,NA,NA
"2650","escol4=0,mumigual=1,alcool=0,comdiab=0,bilateral=1  encerra2=0",31,1.23941279935056,0.815789473684211,0.0524534686971235,NA,NA,NA,NA,NA,NA,NA,NA
"2651","escol4=0,mumigual=1,hiv3=0,cavitacao=1,bilateral=1  encerra2=0",22,1.23793201942302,0.814814814814815,0.0372250423011844,NA,NA,NA,NA,NA,NA,NA,NA
"2652","escol4=0,mumigual=1,hiv3=0,comdrogas=0,bilateral=1  encerra2=0",26,1.23441516709512,0.8125,0.0439932318104907,NA,NA,NA,NA,NA,NA,NA,NA
"2653","fxet3=1,escol4=0,mumigual=1,hiv3=0,bilateral=1  encerra2=0",26,1.23441516709512,0.8125,0.0439932318104907,NA,NA,NA,NA,NA,NA,NA,NA
"2654","escol4=0,mumigual=1,comdiab=0,comdrogas=0,bilateral=1  encerra2=0",32,1.24658888669171,0.82051282051282,0.0541455160744501,NA,NA,NA,NA,NA,NA,NA,NA
"2655","escol4=0,mumigual=1,hiv3=0,alcool=0,comtabagis=0  encerra2=0",31,1.23941279935056,0.815789473684211,0.0524534686971235,NA,NA,NA,NA,NA,NA,NA,NA
"2656","escol4=0,mumigual=1,alcool=0,comdiab=0,comtabagis=0  encerra2=0",39,1.2606793195865,0.829787234042553,0.065989847715736,NA,NA,NA,NA,NA,NA,NA,NA
"2657","fxet3=1,escol4=0,mumigual=1,alcool=0,comdiab=0  encerra2=0",39,1.23441516709512,0.8125,0.065989847715736,NA,NA,NA,NA,NA,NA,NA,NA
"2658","escol4=0,mumigual=1,hiv3=0,comtabagis=0,comdrogas=0  encerra2=0",31,1.23941279935056,0.815789473684211,0.0524534686971235,NA,NA,NA,NA,NA,NA,NA,NA
"2659","escol4=0,mumigual=1,comdiab=0,comtabagis=0,comdrogas=0  encerra2=0",38,1.2550575611937,0.826086956521739,0.0642978003384095,NA,NA,NA,NA,NA,NA,NA,NA
"2660","escol4=0,mumigual=1,hiv3=0,comdrogas=0,cavitacao=1  encerra2=0",31,1.2076329839826,0.794871794871795,0.0524534686971235,NA,NA,NA,NA,NA,NA,NA,NA
"2661","fxet3=1,escol4=0,mumigual=1,hiv3=0,comdrogas=0  encerra2=0",35,1.23662342320799,0.813953488372093,0.0592216582064298,NA,NA,NA,NA,NA,NA,NA,NA
"2662","fxet3=1,escol4=0,mumigual=1,comdiab=0,comdrogas=0  encerra2=0",41,1.24580976863753,0.82,0.0693739424703892,NA,NA,NA,NA,NA,NA,NA,NA
"2663","sexo2=1,escol4=0,mumigual=0,alcool=0,bilateral=1  encerra2=0",34,1.22989349981638,0.80952380952381,0.0575296108291032,NA,NA,NA,NA,NA,NA,NA,NA
"2664","sexo2=1,escol4=0,mumigual=0,alcool=0,comtabagis=0  encerra2=0",46,1.24798016893133,0.821428571428571,0.077834179357022,NA,NA,NA,NA,NA,NA,NA,NA
"2665","sexo2=1,escol4=0,mumigual=0,alcool=0,cavitacao=1  encerra2=0",35,1.23662342320799,0.813953488372093,0.0592216582064298,NA,NA,NA,NA,NA,NA,NA,NA
"2666","sexo2=1,fxet3=1,escol4=0,mumigual=0,alcool=0  encerra2=0",48,1.25733534261147,0.827586206896552,0.0812182741116751,NA,NA,NA,NA,NA,NA,NA,NA
"2667","escol4=0,mumigual=0,alcool=0,comtabagis=0,cavitacao=1  encerra2=0",59,1.26250045258699,0.830985915492958,0.0998307952622673,NA,NA,NA,NA,NA,NA,NA,NA
"2668","escol4=0,mumigual=0,alcool=0,comtabagis=0,comdrogas=0  encerra2=0",79,1.23735192006997,0.814432989690722,0.133671742808799,NA,NA,NA,NA,NA,NA,NA,NA
"2669","fxet3=1,escol4=0,mumigual=0,alcool=0,comtabagis=0  encerra2=0",80,1.2530146026025,0.824742268041237,0.135363790186125,NA,NA,NA,NA,NA,NA,NA,NA
"2670","escol4=0,mumigual=0,alcool=0,comdrogas=0,cavitacao=1  encerra2=0",63,1.24304744099089,0.818181818181818,0.106598984771574,NA,NA,NA,NA,NA,NA,NA,NA
"2671","escol4=0,mumigual=0,alcool=0,ppl=0,cavitacao=1  encerra2=0",64,1.24658888669171,0.82051282051282,0.1082910321489,NA,NA,NA,NA,NA,NA,NA,NA
"2672","fxet3=1,escol4=0,mumigual=0,alcool=0,comdrogas=0  encerra2=0",83,1.26100257069409,0.83,0.140439932318105,NA,NA,NA,NA,NA,NA,NA,NA
"2673","fxet3=1,escol4=0,mumigual=0,alcool=0,ppl=0  encerra2=0",87,1.25883217040029,0.828571428571429,0.147208121827411,NA,NA,NA,NA,NA,NA,NA,NA
"2674","escol4=0,mumigual=0,comtabagis=0,comdrogas=0,cavitacao=1  encerra2=0",61,1.20358561746737,0.792207792207792,0.10321489001692,NA,NA,NA,NA,NA,NA,NA,NA
"2675","fxet3=1,escol4=0,mumigual=0,comtabagis=0,comdrogas=0  encerra2=0",80,1.21542416452442,0.8,0.135363790186125,NA,NA,NA,NA,NA,NA,NA,NA
"2676","fxet3=1,escol4=0,mumigual=0,ppl=0,pdres5=1  encerra2=0",92,1.16478149100257,0.766666666666667,0.155668358714044,NA,NA,NA,NA,NA,NA,NA,NA
"2677","sexo2=1,escol4=0,alcool=0,comdrogas=0,bilateral=1  encerra2=0",49,1.22040541110034,0.80327868852459,0.0829103214890017,NA,NA,NA,NA,NA,NA,NA,NA
"2678","sexo2=1,escol4=0,alcool=0,comtabagis=0,cavitacao=1  encerra2=0",51,1.2497304917489,0.82258064516129,0.0862944162436548,NA,NA,NA,NA,NA,NA,NA,NA
"2679","sexo2=1,escol4=0,alcool=0,comtabagis=0,comdrogas=0  encerra2=0",64,1.23080928053106,0.810126582278481,0.1082910321489,NA,NA,NA,NA,NA,NA,NA,NA
"2680","sexo2=1,fxet3=1,escol4=0,alcool=0,comtabagis=0  encerra2=0",64,1.24658888669171,0.82051282051282,0.1082910321489,NA,NA,NA,NA,NA,NA,NA,NA
"2681","sexo2=1,fxet3=1,escol4=0,alcool=0,comdrogas=0  encerra2=0",64,1.24658888669171,0.82051282051282,0.1082910321489,NA,NA,NA,NA,NA,NA,NA,NA
"2682","escol4=0,hiv3=0,alcool=0,comtabagis=0,cavitacao=1  encerra2=0",82,1.24580976863753,0.82,0.138747884940778,NA,NA,NA,NA,NA,NA,NA,NA
"2683","escol4=0,hiv3=0,alcool=0,comtabagis=0,comdrogas=0  encerra2=0",101,1.22757840616967,0.808,0.170896785109983,NA,NA,NA,NA,NA,NA,NA,NA
"2684","escol4=0,alcool=0,comtabagis=0,comdrogas=0,cavitacao=1  encerra2=0",93,1.22863529674751,0.808695652173913,0.157360406091371,NA,NA,NA,NA,NA,NA,NA,NA
"2685","escol4=0,alcool=0,comdiab=0,comtabagis=0,cavitacao=1  encerra2=0",81,1.23061696658098,0.81,0.137055837563452,NA,NA,NA,NA,NA,NA,NA,NA
"2686","escol4=0,alcool=0,comdiab=0,comtabagis=0,comdrogas=0  encerra2=0",102,1.22989349981638,0.80952380952381,0.17258883248731,NA,NA,NA,NA,NA,NA,NA,NA
"2687","fxet3=1,escol4=0,alcool=0,comtabagis=0,comdrogas=0  encerra2=0",118,1.24496572407883,0.819444444444444,0.199661590524535,NA,NA,NA,NA,NA,NA,NA,NA
"2688","escol4=0,hiv3=0,alcool=0,comdrogas=0,cavitacao=1  encerra2=0",85,1.21829073095019,0.80188679245283,0.143824027072758,NA,NA,NA,NA,NA,NA,NA,NA
"2689","escol4=0,hiv3=0,alcool=0,ppl=0,cavitacao=1  encerra2=0",87,1.2238646101114,0.805555555555556,0.147208121827411,NA,NA,NA,NA,NA,NA,NA,NA
"2690","fxet3=1,escol4=0,hiv3=0,alcool=0,comdrogas=0  encerra2=0",105,1.2462845437018,0.8203125,0.177664974619289,NA,NA,NA,NA,NA,NA,NA,NA
"2691","fxet3=1,escol4=0,hiv3=0,alcool=0,ppl=0  encerra2=0",108,1.24304744099089,0.818181818181818,0.182741116751269,NA,NA,NA,NA,NA,NA,NA,NA
"2692","escol4=0,hiv3=0,comtabagis=0,comdrogas=0,cavitacao=1  encerra2=0",84,1.20395789882136,0.792452830188679,0.142131979695431,NA,NA,NA,NA,NA,NA,NA,NA
"2693","fxet3=1,escol4=0,hiv3=0,comdrogas=0,pdres5=1  encerra2=0",113,1.20900467069771,0.795774647887324,0.191201353637902,NA,NA,NA,NA,NA,NA,NA,NA
"2694","sexo2=0,raca3=0,mumigual=0,hiv3=0,bilateral=0  encerra2=0",22,1.45322454454007,0.956521739130435,0.0372250423011844,NA,NA,NA,NA,NA,NA,NA,NA
"2695","sexo2=0,raca3=0,mumigual=0,cavitacao=1,bilateral=0  encerra2=0",20,1.44693352919574,0.952380952380952,0.0338409475465313,NA,NA,NA,NA,NA,NA,NA,NA
"2696","sexo2=0,raca3=0,hiv3=0,bilateral=0,tipores3=1  encerra2=0",23,1.39773778920308,0.92,0.038917089678511,NA,NA,NA,NA,NA,NA,NA,NA
"2697","sexo2=0,raca3=0,cavitacao=1,bilateral=0,tipores3=1  encerra2=0",21,1.38716888342461,0.91304347826087,0.0355329949238579,NA,NA,NA,NA,NA,NA,NA,NA
"2698","sexo2=0,raca3=0,comdrogas=0,bilateral=0,tipores3=1  encerra2=0",27,1.36735218508997,0.9,0.0456852791878173,NA,NA,NA,NA,NA,NA,NA,NA
"2699","sexo2=0,raca3=0,pdres5=1,bilateral=0,tipores3=1  encerra2=0",27,1.36735218508997,0.9,0.0456852791878173,NA,NA,NA,NA,NA,NA,NA,NA
"2700","sexo2=0,raca3=0,hiv3=0,cavitacao=1,bilateral=0  encerra2=0",22,1.3926735218509,0.916666666666667,0.0372250423011844,NA,NA,NA,NA,NA,NA,NA,NA
"2701","sexo2=0,raca3=0,hiv3=0,comdrogas=0,bilateral=0  encerra2=0",27,1.4145022604379,0.931034482758621,0.0456852791878173,NA,NA,NA,NA,NA,NA,NA,NA
"2702","sexo2=0,raca3=0,pdres5=1,cavitacao=1,bilateral=0  encerra2=0",26,1.41076019096585,0.928571428571429,0.0439932318104907,NA,NA,NA,NA,NA,NA,NA,NA
"2703","sexo2=0,raca3=0,comdrogas=0,pdres5=1,bilateral=0  encerra2=0",34,1.39609532411589,0.918918918918919,0.0575296108291032,NA,NA,NA,NA,NA,NA,NA,NA
"2704","sexo2=0,mumigual=0,comtabagis=0,bilateral=0,tipores3=1  encerra2=0",28,1.25117193406926,0.823529411764706,0.0473773265651438,NA,NA,NA,NA,NA,NA,NA,NA
"2705","sexo2=0,mumigual=0,cavitacao=1,bilateral=0,tipores3=1  encerra2=0",22,1.28554478940083,0.846153846153846,0.0372250423011844,NA,NA,NA,NA,NA,NA,NA,NA
"2706","sexo2=0,mumigual=0,comdrogas=0,bilateral=0,tipores3=1  encerra2=0",31,1.27291044257625,0.837837837837838,0.0524534686971235,NA,NA,NA,NA,NA,NA,NA,NA
"2707","sexo2=0,fxet3=1,mumigual=0,bilateral=0,tipores3=1  encerra2=0",30,1.26606683804627,0.833333333333333,0.050761421319797,NA,NA,NA,NA,NA,NA,NA,NA
"2708","sexo2=0,mumigual=0,comtabagis=0,cavitacao=1,bilateral=0  encerra2=0",33,1.28554478940083,0.846153846153846,0.0558375634517767,NA,NA,NA,NA,NA,NA,NA,NA
"2709","sexo2=0,mumigual=0,comdrogas=0,cavitacao=1,bilateral=0  encerra2=0",38,1.31210563215705,0.863636363636364,0.0642978003384095,NA,NA,NA,NA,NA,NA,NA,NA
"2710","sexo2=0,fxet3=1,mumigual=0,comdrogas=0,bilateral=0  encerra2=0",49,1.2617750860529,0.830508474576271,0.0829103214890017,NA,NA,NA,NA,NA,NA,NA,NA
"2711","sexo2=0,hiv3=0,comtabagis=0,bilateral=0,tipores3=1  encerra2=0",30,1.16867708127348,0.769230769230769,0.050761421319797,NA,NA,NA,NA,NA,NA,NA,NA
"2712","sexo2=0,hiv3=0,comdrogas=0,bilateral=0,tipores3=1  encerra2=0",32,1.21542416452442,0.8,0.0541455160744501,NA,NA,NA,NA,NA,NA,NA,NA
"2713","sexo2=0,fxet3=1,hiv3=0,bilateral=0,tipores3=1  encerra2=0",30,1.16867708127348,0.769230769230769,0.050761421319797,NA,NA,NA,NA,NA,NA,NA,NA
"2714","sexo2=0,hiv3=0,comtabagis=0,cavitacao=1,bilateral=0  encerra2=0",34,1.20129132540204,0.790697674418605,0.0575296108291032,NA,NA,NA,NA,NA,NA,NA,NA
"2715","sexo2=0,fxet3=1,hiv3=0,comtabagis=0,bilateral=0  encerra2=0",42,1.18166238217652,0.777777777777778,0.0710659898477157,NA,NA,NA,NA,NA,NA,NA,NA
"2716","sexo2=0,fxet3=1,comtabagis=0,cavitacao=1,bilateral=0  encerra2=0",40,1.1915923181612,0.784313725490196,0.0676818950930626,NA,NA,NA,NA,NA,NA,NA,NA
"2717","sexo2=0,comtabagis=0,pdres5=1,cavitacao=1,bilateral=0  encerra2=0",42,1.20395789882136,0.792452830188679,0.0710659898477157,NA,NA,NA,NA,NA,NA,NA,NA
"2718","sexo2=0,hiv3=0,comdrogas=0,cavitacao=1,bilateral=0  encerra2=0",38,1.22835420882787,0.808510638297872,0.0642978003384095,NA,NA,NA,NA,NA,NA,NA,NA
"2719","sexo2=0,fxet3=1,hiv3=0,cavitacao=1,bilateral=0  encerra2=0",37,1.19602909806924,0.787234042553192,0.0626057529610829,NA,NA,NA,NA,NA,NA,NA,NA
"2720","sexo2=0,hiv3=0,comdiab=0,comdrogas=0,bilateral=0  encerra2=0",38,1.20276349614396,0.791666666666667,0.0642978003384095,NA,NA,NA,NA,NA,NA,NA,NA
"2721","sexo2=0,fxet3=1,hiv3=0,comdrogas=0,bilateral=0  encerra2=0",46,1.22608578000271,0.807017543859649,0.077834179357022,NA,NA,NA,NA,NA,NA,NA,NA
"2722","sexo2=0,fxet3=1,comdrogas=0,cavitacao=1,bilateral=0  encerra2=0",45,1.22085016525891,0.803571428571429,0.0761421319796954,NA,NA,NA,NA,NA,NA,NA,NA
"2723","sexo2=0,comdrogas=0,pdres5=1,cavitacao=1,bilateral=0  encerra2=0",47,1.23114085630706,0.810344827586207,0.0795262267343486,NA,NA,NA,NA,NA,NA,NA,NA
"2724","sexo2=0,fxet3=1,pdres5=1,cavitacao=1,bilateral=0  encerra2=0",45,1.199431741307,0.789473684210526,0.0761421319796954,NA,NA,NA,NA,NA,NA,NA,NA
"2725","sexo2=0,fxet3=1,comdrogas=0,pdres5=1,bilateral=0  encerra2=0",61,1.21942227032878,0.802631578947368,0.10321489001692,NA,NA,NA,NA,NA,NA,NA,NA
"2726","sexo2=0,raca3=0,mumigual=0,hiv3=0,comdrogas=0  encerra2=0",35,1.39933703152483,0.921052631578947,0.0592216582064298,NA,NA,NA,NA,NA,NA,NA,NA
"2727","sexo2=0,raca3=0,mumigual=0,hiv3=0,comdiab=0  encerra2=0",29,1.37684768637532,0.90625,0.0490693739424704,NA,NA,NA,NA,NA,NA,NA,NA
"2728","sexo2=0,raca3=0,fxet3=1,mumigual=0,hiv3=0  encerra2=0",36,1.40241249752818,0.923076923076923,0.0609137055837563,NA,NA,NA,NA,NA,NA,NA,NA
"2729","sexo2=0,raca3=0,mumigual=0,comdrogas=0,cavitacao=1  encerra2=0",32,1.35047129391602,0.888888888888889,0.0541455160744501,NA,NA,NA,NA,NA,NA,NA,NA
"2730","sexo2=0,raca3=0,mumigual=0,comdiab=0,comdrogas=0  encerra2=0",32,1.35047129391602,0.888888888888889,0.0541455160744501,NA,NA,NA,NA,NA,NA,NA,NA
"2731","sexo2=0,raca3=0,fxet3=1,mumigual=0,comdrogas=0  encerra2=0",39,1.37795181443176,0.906976744186046,0.065989847715736,NA,NA,NA,NA,NA,NA,NA,NA
"2732","sexo2=0,raca3=0,comdiab=0,comdrogas=0,tipores3=1  encerra2=0",33,1.28554478940083,0.846153846153846,0.0558375634517767,NA,NA,NA,NA,NA,NA,NA,NA
"2733","sexo2=0,raca3=0,fxet3=1,comdrogas=0,tipores3=1  encerra2=0",43,1.30658097686375,0.86,0.0727580372250423,NA,NA,NA,NA,NA,NA,NA,NA
"2734","sexo2=0,raca3=0,comdrogas=0,pdres5=1,tipores3=1  encerra2=0",44,1.28554478940083,0.846153846153846,0.0744500846023689,NA,NA,NA,NA,NA,NA,NA,NA
"2735","sexo2=0,raca3=0,hiv3=0,comdiab=0,comdrogas=0  encerra2=0",37,1.33841351450606,0.880952380952381,0.0626057529610829,NA,NA,NA,NA,NA,NA,NA,NA
"2736","sexo2=0,raca3=0,fxet3=1,hiv3=0,comdrogas=0  encerra2=0",49,1.35354054685674,0.890909090909091,0.0829103214890017,NA,NA,NA,NA,NA,NA,NA,NA
"2737","sexo2=0,raca3=0,comdiab=0,comdrogas=0,pdres5=1  encerra2=0",47,1.29829399392381,0.854545454545454,0.0795262267343486,NA,NA,NA,NA,NA,NA,NA,NA
"2738","sexo2=0,raca3=0,fxet3=1,comdrogas=0,pdres5=1  encerra2=0",59,1.31819900196582,0.867647058823529,0.0998307952622673,NA,NA,NA,NA,NA,NA,NA,NA
"2739","sexo2=0,mumigual=0,hiv3=0,alcool=0,comdiab=0  encerra2=0",50,1.11711779827612,0.735294117647059,0.0846023688663283,NA,NA,NA,NA,NA,NA,NA,NA
"2740","sexo2=0,mumigual=0,alcool=0,comdiab=0,comdrogas=0  encerra2=0",58,1.11542091048127,0.734177215189873,0.0981387478849408,NA,NA,NA,NA,NA,NA,NA,NA
"2741","sexo2=0,fxet3=1,mumigual=0,alcool=0,comdrogas=0  encerra2=0",70,1.10780848329049,0.729166666666667,0.11844331641286,NA,NA,NA,NA,NA,NA,NA,NA
"2742","sexo2=0,mumigual=0,hiv3=0,comdiab=0,comtabagis=0  encerra2=0",46,1.10931570571673,0.73015873015873,0.077834179357022,NA,NA,NA,NA,NA,NA,NA,NA
"2743","sexo2=0,mumigual=0,hiv3=0,comdiab=0,comdrogas=0  encerra2=0",51,1.13946015424165,0.75,0.0862944162436548,NA,NA,NA,NA,NA,NA,NA,NA
"2744","sexo2=0,fxet3=1,mumigual=0,hiv3=0,comdrogas=0  encerra2=0",62,1.13488400904389,0.746987951807229,0.104906937394247,NA,NA,NA,NA,NA,NA,NA,NA
"2745","sexo2=0,mumigual=0,hiv3=0,comdrogas=0,pdres5=1  encerra2=0",66,1.12665723116028,0.741573033707865,0.111675126903553,NA,NA,NA,NA,NA,NA,NA,NA
"2746","sexo2=0,fxet3=1,mumigual=0,hiv3=0,pdres5=1  encerra2=0",65,1.12219560645011,0.738636363636364,0.109983079526227,NA,NA,NA,NA,NA,NA,NA,NA
"2747","sexo2=0,mumigual=0,comdiab=0,comdrogas=0,cavitacao=1  encerra2=0",48,1.10493105865857,0.727272727272727,0.0812182741116751,NA,NA,NA,NA,NA,NA,NA,NA
"2748","sexo2=0,fxet3=1,mumigual=0,comdrogas=0,pdres5=1  encerra2=0",75,1.10627199440936,0.728155339805825,0.126903553299492,NA,NA,NA,NA,NA,NA,NA,NA
"2749","sexo2=0,fxet3=1,alcool=0,comdiab=0,comdrogas=0  encerra2=0",89,1.10832736314215,0.729508196721312,0.150592216582064,NA,NA,NA,NA,NA,NA,NA,NA
"2750","sexo2=0,alcool=0,comdiab=0,comdrogas=0,pdres5=1  encerra2=0",91,1.10603598971722,0.728,0.153976311336717,NA,NA,NA,NA,NA,NA,NA,NA
"2751","sexo2=0,fxet3=1,hiv3=0,comdrogas=0,pdres5=1  encerra2=0",92,1.12720789451862,0.741935483870968,0.155668358714044,NA,NA,NA,NA,NA,NA,NA,NA
"2752","raca3=0,mumigual=1,comdrogas=0,pdres5=1,bilateral=0  encerra2=0",19,1.31210563215705,0.863636363636364,0.0321489001692047,NA,NA,NA,NA,NA,NA,NA,NA
"2753","raca3=0,mumigual=0,hiv3=0,alcool=0,bilateral=0  encerra2=0",34,1.22989349981638,0.80952380952381,0.0575296108291032,NA,NA,NA,NA,NA,NA,NA,NA
"2754","raca3=0,mumigual=0,alcool=0,cavitacao=1,bilateral=0  encerra2=0",29,1.2958566460003,0.852941176470588,0.0490693739424704,NA,NA,NA,NA,NA,NA,NA,NA
"2755","raca3=0,fxet3=1,mumigual=0,alcool=0,bilateral=0  encerra2=0",38,1.2550575611937,0.826086956521739,0.0642978003384095,NA,NA,NA,NA,NA,NA,NA,NA
"2756","raca3=0,mumigual=0,cavitacao=1,bilateral=0,tipores3=1  encerra2=0",22,1.28554478940083,0.846153846153846,0.0372250423011844,NA,NA,NA,NA,NA,NA,NA,NA
"2757","raca3=0,mumigual=0,hiv3=0,comtabagis=0,bilateral=0  encerra2=0",28,1.25117193406926,0.823529411764706,0.0473773265651438,NA,NA,NA,NA,NA,NA,NA,NA
"2758","raca3=0,mumigual=0,comtabagis=0,cavitacao=1,bilateral=0  encerra2=0",22,1.33696658097686,0.88,0.0372250423011844,NA,NA,NA,NA,NA,NA,NA,NA
"2759","raca3=0,fxet3=1,mumigual=0,comtabagis=0,bilateral=0  encerra2=0",31,1.23941279935056,0.815789473684211,0.0524534686971235,NA,NA,NA,NA,NA,NA,NA,NA
"2760","raca3=0,fxet3=1,mumigual=0,hiv3=0,bilateral=0  encerra2=0",36,1.24304744099089,0.818181818181818,0.0609137055837563,NA,NA,NA,NA,NA,NA,NA,NA
"2761","raca3=0,mumigual=0,comdrogas=0,cavitacao=1,bilateral=0  encerra2=0",29,1.2958566460003,0.852941176470588,0.0490693739424704,NA,NA,NA,NA,NA,NA,NA,NA
"2762","raca3=0,fxet3=1,mumigual=0,cavitacao=1,bilateral=0  encerra2=0",31,1.27291044257625,0.837837837837838,0.0524534686971235,NA,NA,NA,NA,NA,NA,NA,NA
"2763","raca3=0,hiv3=0,alcool=0,bilateral=0,tipores3=1  encerra2=0",26,1.19700864688011,0.787878787878788,0.0439932318104907,NA,NA,NA,NA,NA,NA,NA,NA
"2764","raca3=0,alcool=0,cavitacao=1,bilateral=0,tipores3=1  encerra2=0",23,1.24798016893133,0.821428571428571,0.038917089678511,NA,NA,NA,NA,NA,NA,NA,NA
"2765","raca3=0,alcool=0,ppl=0,bilateral=0,tipores3=1  encerra2=0",31,1.14872405793467,0.75609756097561,0.0524534686971235,NA,NA,NA,NA,NA,NA,NA,NA
"2766","raca3=0,alcool=0,pdres5=1,bilateral=0,tipores3=1  encerra2=0",32,1.15754682335659,0.761904761904762,0.0541455160744501,NA,NA,NA,NA,NA,NA,NA,NA
"2767","raca3=0,hiv3=0,alcool=0,comtabagis=0,bilateral=0  encerra2=0",36,1.18900190007824,0.782608695652174,0.0609137055837563,NA,NA,NA,NA,NA,NA,NA,NA
"2768","raca3=0,alcool=0,comtabagis=0,cavitacao=1,bilateral=0  encerra2=0",30,1.199431741307,0.789473684210526,0.050761421319797,NA,NA,NA,NA,NA,NA,NA,NA
"2769","raca3=0,alcool=0,comtabagis=0,ppl=0,bilateral=0  encerra2=0",43,1.16659015791407,0.767857142857143,0.0727580372250423,NA,NA,NA,NA,NA,NA,NA,NA
"2770","raca3=0,alcool=0,comtabagis=0,pdres5=1,bilateral=0  encerra2=0",44,1.17277770261128,0.771929824561403,0.0744500846023689,NA,NA,NA,NA,NA,NA,NA,NA
"2771","raca3=0,hiv3=0,alcool=0,cavitacao=1,bilateral=0  encerra2=0",32,1.18577967270675,0.780487804878049,0.0541455160744501,NA,NA,NA,NA,NA,NA,NA,NA
"2772","raca3=0,fxet3=1,hiv3=0,alcool=0,bilateral=0  encerra2=0",42,1.22711093533716,0.807692307692308,0.0710659898477157,NA,NA,NA,NA,NA,NA,NA,NA
"2773","raca3=0,fxet3=1,alcool=0,cavitacao=1,bilateral=0  encerra2=0",36,1.21542416452442,0.8,0.0609137055837563,NA,NA,NA,NA,NA,NA,NA,NA
"2774","raca3=0,alcool=0,ppl=0,cavitacao=1,bilateral=0  encerra2=0",36,1.18900190007824,0.782608695652174,0.0609137055837563,NA,NA,NA,NA,NA,NA,NA,NA
"2775","raca3=0,alcool=0,pdres5=1,cavitacao=1,bilateral=0  encerra2=0",38,1.20276349614396,0.791666666666667,0.0642978003384095,NA,NA,NA,NA,NA,NA,NA,NA
"2776","raca3=0,fxet3=1,alcool=0,ppl=0,bilateral=0  encerra2=0",48,1.17621693341073,0.774193548387097,0.0812182741116751,NA,NA,NA,NA,NA,NA,NA,NA
"2777","raca3=0,fxet3=1,alcool=0,pdres5=1,bilateral=0  encerra2=0",50,1.18693766066838,0.78125,0.0846023688663283,NA,NA,NA,NA,NA,NA,NA,NA
"2778","raca3=0,comtabagis=0,cavitacao=1,bilateral=0,tipores3=1  encerra2=0",24,1.17621693341073,0.774193548387097,0.0406091370558376,NA,NA,NA,NA,NA,NA,NA,NA
"2779","raca3=0,hiv3=0,cavitacao=1,bilateral=0,tipores3=1  encerra2=0",25,1.18693766066838,0.78125,0.0423011844331641,NA,NA,NA,NA,NA,NA,NA,NA
"2780","raca3=0,hiv3=0,comdrogas=0,bilateral=0,tipores3=1  encerra2=0",31,1.23941279935056,0.815789473684211,0.0524534686971235,NA,NA,NA,NA,NA,NA,NA,NA
"2781","raca3=0,comdrogas=0,cavitacao=1,bilateral=0,tipores3=1  encerra2=0",26,1.27423501119496,0.838709677419355,0.0439932318104907,NA,NA,NA,NA,NA,NA,NA,NA
"2782","raca3=0,ppl=0,cavitacao=1,bilateral=0,tipores3=1  encerra2=0",28,1.18166238217652,0.777777777777778,0.0473773265651438,NA,NA,NA,NA,NA,NA,NA,NA
"2783","raca3=0,pdres5=1,cavitacao=1,bilateral=0,tipores3=1  encerra2=0",29,1.19078718821649,0.783783783783784,0.0490693739424704,NA,NA,NA,NA,NA,NA,NA,NA
"2784","raca3=0,ppl=0,pdres5=1,bilateral=0,tipores3=1  encerra2=0",42,1.16017761159149,0.763636363636364,0.0710659898477157,NA,NA,NA,NA,NA,NA,NA,NA
"2785","raca3=0,hiv3=0,comtabagis=0,cavitacao=1,bilateral=0  encerra2=0",28,1.18166238217652,0.777777777777778,0.0473773265651438,NA,NA,NA,NA,NA,NA,NA,NA
"2786","raca3=0,hiv3=0,comtabagis=0,comdrogas=0,bilateral=0  encerra2=0",36,1.24304744099089,0.818181818181818,0.0609137055837563,NA,NA,NA,NA,NA,NA,NA,NA
"2787","raca3=0,comtabagis=0,comdrogas=0,cavitacao=1,bilateral=0  encerra2=0",30,1.26606683804627,0.833333333333333,0.050761421319797,NA,NA,NA,NA,NA,NA,NA,NA
"2788","raca3=0,comtabagis=0,ppl=0,cavitacao=1,bilateral=0  encerra2=0",32,1.18577967270675,0.780487804878049,0.0541455160744501,NA,NA,NA,NA,NA,NA,NA,NA
"2789","raca3=0,comtabagis=0,pdres5=1,cavitacao=1,bilateral=0  encerra2=0",33,1.19372016158649,0.785714285714286,0.0558375634517767,NA,NA,NA,NA,NA,NA,NA,NA
"2790","raca3=0,comtabagis=0,ppl=0,pdres5=1,bilateral=0  encerra2=0",48,1.17621693341073,0.774193548387097,0.0812182741116751,NA,NA,NA,NA,NA,NA,NA,NA
"2791","raca3=0,fxet3=1,hiv3=0,comdrogas=0,bilateral=0  encerra2=0",46,1.29420165666952,0.851851851851852,0.077834179357022,NA,NA,NA,NA,NA,NA,NA,NA
"2792","raca3=0,fxet3=1,comdrogas=0,cavitacao=1,bilateral=0  encerra2=0",38,1.28294772922022,0.844444444444444,0.0642978003384095,NA,NA,NA,NA,NA,NA,NA,NA
"2793","raca3=0,comdrogas=0,pdres5=1,cavitacao=1,bilateral=0  encerra2=0",41,1.2712344577934,0.836734693877551,0.0693739424703892,NA,NA,NA,NA,NA,NA,NA,NA
"2794","raca3=0,fxet3=1,pdres5=1,cavitacao=1,bilateral=0  encerra2=0",42,1.18166238217652,0.777777777777778,0.0710659898477157,NA,NA,NA,NA,NA,NA,NA,NA
"2795","raca3=0,ppl=0,pdres5=1,cavitacao=1,bilateral=0  encerra2=0",43,1.16659015791407,0.767857142857143,0.0727580372250423,NA,NA,NA,NA,NA,NA,NA,NA
"2796","raca3=0,fxet3=1,comdrogas=0,pdres5=1,bilateral=0  encerra2=0",56,1.28908623510166,0.848484848484849,0.0947546531302876,NA,NA,NA,NA,NA,NA,NA,NA
"2797","raca3=0,fxet3=1,ppl=0,pdres5=1,bilateral=0  encerra2=0",60,1.18385470570561,0.779220779220779,0.101522842639594,NA,NA,NA,NA,NA,NA,NA,NA
"2798","sexo2=1,raca3=1,escol4=1,mumigual=1,bilateral=0  encerra2=0",24,1.25733534261147,0.827586206896552,0.0406091370558376,NA,NA,NA,NA,NA,NA,NA,NA
"2799","raca3=1,escol4=1,mumigual=1,hiv3=0,bilateral=0  encerra2=0",21,1.18166238217652,0.777777777777778,0.0355329949238579,NA,NA,NA,NA,NA,NA,NA,NA
"2800","raca3=1,escol4=1,mumigual=1,cavitacao=1,bilateral=0  encerra2=0",19,1.1546529562982,0.76,0.0321489001692047,NA,NA,NA,NA,NA,NA,NA,NA
"2801","raca3=1,escol4=1,mumigual=1,comdiab=0,bilateral=0  encerra2=0",22,1.11413881748072,0.733333333333333,0.0372250423011844,NA,NA,NA,NA,NA,NA,NA,NA
"2802","sexo2=1,raca3=1,mumigual=1,comtabagis=0,bilateral=0  encerra2=0",22,1.23793201942302,0.814814814814815,0.0372250423011844,NA,NA,NA,NA,NA,NA,NA,NA
"2803","sexo2=1,raca3=1,mumigual=1,hiv3=0,bilateral=0  encerra2=0",24,1.25733534261147,0.827586206896552,0.0406091370558376,NA,NA,NA,NA,NA,NA,NA,NA
"2804","sexo2=1,raca3=1,mumigual=1,cavitacao=1,bilateral=0  encerra2=0",23,1.29420165666952,0.851851851851852,0.038917089678511,NA,NA,NA,NA,NA,NA,NA,NA
"2805","raca3=1,mumigual=1,hiv3=0,comtabagis=0,bilateral=0  encerra2=0",22,1.19372016158649,0.785714285714286,0.0372250423011844,NA,NA,NA,NA,NA,NA,NA,NA
"2806","raca3=1,mumigual=1,comtabagis=0,cavitacao=1,bilateral=0  encerra2=0",22,1.19372016158649,0.785714285714286,0.0372250423011844,NA,NA,NA,NA,NA,NA,NA,NA
"2807","raca3=1,mumigual=1,hiv3=0,cavitacao=1,bilateral=0  encerra2=0",22,1.15255739739385,0.758620689655172,0.0372250423011844,NA,NA,NA,NA,NA,NA,NA,NA
"2808","raca3=1,mumigual=1,hiv3=0,comdiab=0,bilateral=0  encerra2=0",23,1.16478149100257,0.766666666666667,0.038917089678511,NA,NA,NA,NA,NA,NA,NA,NA
"2809","raca3=1,mumigual=1,comdiab=0,cavitacao=1,bilateral=0  encerra2=0",21,1.13946015424165,0.75,0.0355329949238579,NA,NA,NA,NA,NA,NA,NA,NA
"2810","raca3=1,fxet3=1,mumigual=1,cavitacao=1,bilateral=0  encerra2=0",25,1.15096985276934,0.757575757575758,0.0423011844331641,NA,NA,NA,NA,NA,NA,NA,NA
"2811","sexo2=1,escol4=1,mumigual=1,hiv3=0,bilateral=0  encerra2=0",30,1.26606683804627,0.833333333333333,0.050761421319797,NA,NA,NA,NA,NA,NA,NA,NA
"2812","sexo2=1,escol4=1,mumigual=1,cavitacao=1,bilateral=0  encerra2=0",25,1.22522597230284,0.806451612903226,0.0423011844331641,NA,NA,NA,NA,NA,NA,NA,NA
"2813","sexo2=1,escol4=1,mumigual=1,comdrogas=0,bilateral=0  encerra2=0",30,1.30224017627617,0.857142857142857,0.050761421319797,NA,NA,NA,NA,NA,NA,NA,NA
"2814","sexo2=1,escol4=1,mumigual=1,ppl=0,bilateral=0  encerra2=0",34,1.20129132540204,0.790697674418605,0.0575296108291032,NA,NA,NA,NA,NA,NA,NA,NA
"2815","escol4=1,mumigual=1,hiv3=0,comdrogas=0,bilateral=0  encerra2=0",27,1.24304744099089,0.818181818181818,0.0456852791878173,NA,NA,NA,NA,NA,NA,NA,NA
"2816","escol4=1,mumigual=1,comdrogas=0,pdres5=1,bilateral=0  encerra2=0",37,1.19602909806924,0.787234042553192,0.0626057529610829,NA,NA,NA,NA,NA,NA,NA,NA
"2817","sexo2=1,mumigual=1,alcool=0,comtabagis=0,bilateral=0  encerra2=0",24,1.17621693341073,0.774193548387097,0.0406091370558376,NA,NA,NA,NA,NA,NA,NA,NA
"2818","sexo2=1,mumigual=1,comdiab=0,bilateral=0,tipores3=1  encerra2=0",25,1.15096985276934,0.757575757575758,0.0423011844331641,NA,NA,NA,NA,NA,NA,NA,NA
"2819","sexo2=1,mumigual=1,hiv3=0,comtabagis=0,bilateral=0  encerra2=0",27,1.20648722213821,0.794117647058823,0.0456852791878173,NA,NA,NA,NA,NA,NA,NA,NA
"2820","sexo2=1,mumigual=1,comtabagis=0,cavitacao=1,bilateral=0  encerra2=0",24,1.17621693341073,0.774193548387097,0.0406091370558376,NA,NA,NA,NA,NA,NA,NA,NA
"2821","sexo2=1,mumigual=1,comtabagis=0,ppl=0,bilateral=0  encerra2=0",31,1.17744215938303,0.775,0.0524534686971235,NA,NA,NA,NA,NA,NA,NA,NA
"2822","sexo2=1,mumigual=1,hiv3=0,comdrogas=0,bilateral=0  encerra2=0",29,1.25883217040029,0.828571428571429,0.0490693739424704,NA,NA,NA,NA,NA,NA,NA,NA
"2823","sexo2=1,mumigual=1,hiv3=0,comdiab=0,bilateral=0  encerra2=0",30,1.199431741307,0.789473684210526,0.050761421319797,NA,NA,NA,NA,NA,NA,NA,NA
"2824","sexo2=1,mumigual=1,comdrogas=0,cavitacao=1,bilateral=0  encerra2=0",25,1.26606683804627,0.833333333333333,0.0423011844331641,NA,NA,NA,NA,NA,NA,NA,NA
"2825","sexo2=1,fxet3=1,mumigual=1,cavitacao=1,bilateral=0  encerra2=0",28,1.14972556103662,0.756756756756757,0.0473773265651438,NA,NA,NA,NA,NA,NA,NA,NA
"2826","sexo2=1,mumigual=1,ppl=0,cavitacao=1,bilateral=0  encerra2=0",28,1.14972556103662,0.756756756756757,0.0473773265651438,NA,NA,NA,NA,NA,NA,NA,NA
"2827","sexo2=1,fxet3=1,mumigual=1,comdrogas=0,bilateral=0  encerra2=0",31,1.23941279935056,0.815789473684211,0.0524534686971235,NA,NA,NA,NA,NA,NA,NA,NA
"2828","mumigual=1,hiv3=0,comdiab=0,bilateral=0,tipores3=1  encerra2=0",26,1.12860815277268,0.742857142857143,0.0439932318104907,NA,NA,NA,NA,NA,NA,NA,NA
"2829","mumigual=1,hiv3=0,comdiab=0,cavitacao=1,bilateral=0  encerra2=0",28,1.11946962521986,0.736842105263158,0.0473773265651438,NA,NA,NA,NA,NA,NA,NA,NA
"2830","fxet3=1,mumigual=1,hiv3=0,comdrogas=0,bilateral=0  encerra2=0",31,1.2076329839826,0.794871794871795,0.0524534686971235,NA,NA,NA,NA,NA,NA,NA,NA
"2831","fxet3=1,mumigual=1,comdrogas=0,cavitacao=1,bilateral=0  encerra2=0",31,1.17744215938303,0.775,0.0524534686971235,NA,NA,NA,NA,NA,NA,NA,NA
"2832","fxet3=1,mumigual=1,comdrogas=0,pdres5=1,bilateral=0  encerra2=0",43,1.18780088805796,0.781818181818182,0.0727580372250423,NA,NA,NA,NA,NA,NA,NA,NA
"2833","mumigual=0,hiv3=0,alcool=0,comtabagis=0,bilateral=0  encerra2=0",61,1.13019625054862,0.74390243902439,0.10321489001692,NA,NA,NA,NA,NA,NA,NA,NA
"2834","mumigual=0,alcool=0,comtabagis=0,cavitacao=1,bilateral=0  encerra2=0",51,1.1564670222154,0.761194029850746,0.0862944162436548,NA,NA,NA,NA,NA,NA,NA,NA
"2835","mumigual=0,alcool=0,comtabagis=0,ppl=0,bilateral=0  encerra2=0",68,1.12294623896278,0.739130434782609,0.115059221658206,NA,NA,NA,NA,NA,NA,NA,NA
"2836","mumigual=0,hiv3=0,alcool=0,cavitacao=1,bilateral=0  encerra2=0",49,1.14530353964801,0.753846153846154,0.0829103214890017,NA,NA,NA,NA,NA,NA,NA,NA
"2837","fxet3=1,mumigual=0,hiv3=0,alcool=0,bilateral=0  encerra2=0",66,1.1659592275961,0.767441860465116,0.111675126903553,NA,NA,NA,NA,NA,NA,NA,NA
"2838","mumigual=0,hiv3=0,alcool=0,ppl=0,bilateral=0  encerra2=0",65,1.12219560645011,0.738636363636364,0.109983079526227,NA,NA,NA,NA,NA,NA,NA,NA
"2839","mumigual=0,alcool=0,comdrogas=0,cavitacao=1,bilateral=0  encerra2=0",53,1.15031215571061,0.757142857142857,0.089678510998308,NA,NA,NA,NA,NA,NA,NA,NA
"2840","fxet3=1,mumigual=0,alcool=0,cavitacao=1,bilateral=0  encerra2=0",58,1.15945068326343,0.763157894736842,0.0981387478849408,NA,NA,NA,NA,NA,NA,NA,NA
"2841","mumigual=0,alcool=0,ppl=0,cavitacao=1,bilateral=0  encerra2=0",55,1.16056126820908,0.763888888888889,0.0930626057529611,NA,NA,NA,NA,NA,NA,NA,NA
"2842","fxet3=1,mumigual=0,alcool=0,comdrogas=0,bilateral=0  encerra2=0",72,1.15145447165472,0.757894736842105,0.121827411167513,NA,NA,NA,NA,NA,NA,NA,NA
"2843","fxet3=1,mumigual=0,alcool=0,ppl=0,bilateral=0  encerra2=0",75,1.16271444310372,0.76530612244898,0.126903553299492,NA,NA,NA,NA,NA,NA,NA,NA
"2844","mumigual=0,hiv3=0,comtabagis=0,cavitacao=1,bilateral=0  encerra2=0",49,1.16319890745501,0.765625,0.0829103214890017,NA,NA,NA,NA,NA,NA,NA,NA
"2845","fxet3=1,mumigual=0,hiv3=0,comtabagis=0,bilateral=0  encerra2=0",65,1.13509440652424,0.747126436781609,0.109983079526227,NA,NA,NA,NA,NA,NA,NA,NA
"2846","mumigual=0,comtabagis=0,ppl=0,cavitacao=1,bilateral=0  encerra2=0",56,1.18166238217652,0.777777777777778,0.0947546531302876,NA,NA,NA,NA,NA,NA,NA,NA
"2847","mumigual=0,comtabagis=0,pdres5=1,cavitacao=1,bilateral=0  encerra2=0",60,1.16867708127348,0.769230769230769,0.101522842639594,NA,NA,NA,NA,NA,NA,NA,NA
"2848","fxet3=1,mumigual=0,comtabagis=0,pdres5=1,bilateral=0  encerra2=0",75,1.11711779827612,0.735294117647059,0.126903553299492,NA,NA,NA,NA,NA,NA,NA,NA
"2849","mumigual=0,comtabagis=0,ppl=0,pdres5=1,bilateral=0  encerra2=0",78,1.12860815277268,0.742857142857143,0.131979695431472,NA,NA,NA,NA,NA,NA,NA,NA
"2850","fxet3=1,mumigual=0,hiv3=0,comdiab=0,bilateral=0  encerra2=0",68,1.12294623896278,0.739130434782609,0.115059221658206,NA,NA,NA,NA,NA,NA,NA,NA
"2851","fxet3=1,mumigual=0,hiv3=0,ppl=0,bilateral=0  encerra2=0",75,1.13946015424165,0.75,0.126903553299492,NA,NA,NA,NA,NA,NA,NA,NA
"2852","fxet3=1,mumigual=0,hiv3=0,pdres5=1,bilateral=0  encerra2=0",77,1.12485169072573,0.740384615384615,0.130287648054146,NA,NA,NA,NA,NA,NA,NA,NA
"2853","mumigual=0,comdrogas=0,ppl=0,cavitacao=1,bilateral=0  encerra2=0",63,1.15318858983492,0.759036144578313,0.106598984771574,NA,NA,NA,NA,NA,NA,NA,NA
"2854","fxet3=1,mumigual=0,ppl=0,cavitacao=1,bilateral=0  encerra2=0",68,1.16079835937726,0.764044943820225,0.115059221658206,NA,NA,NA,NA,NA,NA,NA,NA
"2855","fxet3=1,mumigual=0,pdres5=1,cavitacao=1,bilateral=0  encerra2=0",72,1.13946015424165,0.75,0.121827411167513,NA,NA,NA,NA,NA,NA,NA,NA
"2856","mumigual=0,ppl=0,pdres5=1,cavitacao=1,bilateral=0  encerra2=0",72,1.16370398731062,0.765957446808511,0.121827411167513,NA,NA,NA,NA,NA,NA,NA,NA
"2857","fxet3=1,mumigual=0,ppl=0,pdres5=1,bilateral=0  encerra2=0",90,1.13946015424165,0.75,0.152284263959391,NA,NA,NA,NA,NA,NA,NA,NA
"2858","sexo2=1,raca3=1,escol4=1,hiv3=0,bilateral=0  encerra2=0",41,1.17529223456371,0.773584905660377,0.0693739424703892,NA,NA,NA,NA,NA,NA,NA,NA
"2859","sexo2=1,raca3=1,escol4=1,cavitacao=1,bilateral=0  encerra2=0",40,1.14662657030606,0.754716981132076,0.0676818950930626,NA,NA,NA,NA,NA,NA,NA,NA
"2860","sexo2=1,raca3=1,escol4=1,comdiab=0,bilateral=0  encerra2=0",48,1.15754682335659,0.761904761904762,0.0812182741116751,NA,NA,NA,NA,NA,NA,NA,NA
"2861","sexo2=1,raca3=1,escol4=1,ppl=0,bilateral=0  encerra2=0",49,1.18166238217652,0.777777777777778,0.0829103214890017,NA,NA,NA,NA,NA,NA,NA,NA
"2862","sexo2=1,raca3=1,escol4=1,pdres5=1,bilateral=0  encerra2=0",52,1.14496479266793,0.753623188405797,0.0879864636209814,NA,NA,NA,NA,NA,NA,NA,NA
"2863","sexo2=1,raca3=1,hiv3=0,comtabagis=0,bilateral=0  encerra2=0",41,1.13255433512503,0.745454545454545,0.0693739424703892,NA,NA,NA,NA,NA,NA,NA,NA
"2864","sexo2=1,raca3=1,comtabagis=0,cavitacao=1,bilateral=0  encerra2=0",39,1.13946015424165,0.75,0.065989847715736,NA,NA,NA,NA,NA,NA,NA,NA
"2865","sexo2=1,raca3=1,comtabagis=0,ppl=0,bilateral=0  encerra2=0",46,1.12720789451862,0.741935483870968,0.077834179357022,NA,NA,NA,NA,NA,NA,NA,NA
"2866","sexo2=1,raca3=1,comtabagis=0,pdres5=1,bilateral=0  encerra2=0",49,1.11111537428539,0.73134328358209,0.0829103214890017,NA,NA,NA,NA,NA,NA,NA,NA
"2867","sexo2=1,raca3=1,hiv3=0,cavitacao=1,bilateral=0  encerra2=0",41,1.13255433512503,0.745454545454545,0.0693739424703892,NA,NA,NA,NA,NA,NA,NA,NA
"2868","sexo2=1,raca3=1,hiv3=0,comdiab=0,bilateral=0  encerra2=0",47,1.13343126453666,0.746031746031746,0.0795262267343486,NA,NA,NA,NA,NA,NA,NA,NA
"2869","sexo2=1,raca3=1,hiv3=0,ppl=0,bilateral=0  encerra2=0",50,1.15096985276934,0.757575757575758,0.0846023688663283,NA,NA,NA,NA,NA,NA,NA,NA
"2870","sexo2=1,raca3=1,hiv3=0,pdres5=1,bilateral=0  encerra2=0",51,1.12294623896278,0.739130434782609,0.0862944162436548,NA,NA,NA,NA,NA,NA,NA,NA
"2871","sexo2=1,raca3=1,comdiab=0,cavitacao=1,bilateral=0  encerra2=0",43,1.12636291108944,0.741379310344828,0.0727580372250423,NA,NA,NA,NA,NA,NA,NA,NA
"2872","sexo2=1,raca3=1,ppl=0,cavitacao=1,bilateral=0  encerra2=0",45,1.15877303821184,0.76271186440678,0.0761421319796954,NA,NA,NA,NA,NA,NA,NA,NA
"2873","sexo2=1,raca3=1,pdres5=1,cavitacao=1,bilateral=0  encerra2=0",49,1.12795045571395,0.742424242424242,0.0829103214890017,NA,NA,NA,NA,NA,NA,NA,NA
"2874","sexo2=1,raca3=1,comdiab=0,ppl=0,bilateral=0  encerra2=0",53,1.13411057605272,0.746478873239437,0.089678510998308,NA,NA,NA,NA,NA,NA,NA,NA
"2875","sexo2=1,raca3=1,ppl=0,pdres5=1,bilateral=0  encerra2=0",59,1.13465230548957,0.746835443037975,0.0998307952622673,NA,NA,NA,NA,NA,NA,NA,NA
"2876","raca3=1,hiv3=0,comdiab=0,cavitacao=1,bilateral=0  encerra2=0",51,1.12294623896278,0.739130434782609,0.0862944162436548,NA,NA,NA,NA,NA,NA,NA,NA
"2877","raca3=1,comdiab=0,ppl=0,cavitacao=1,bilateral=0  encerra2=0",57,1.12466197042033,0.74025974025974,0.0964467005076142,NA,NA,NA,NA,NA,NA,NA,NA
"2878","sexo2=1,escol4=1,hiv3=0,ppl=0,bilateral=0  encerra2=0",52,1.11271226329701,0.732394366197183,0.0879864636209814,NA,NA,NA,NA,NA,NA,NA,NA
"2879","hiv3=0,alcool=0,cavitacao=1,bilateral=0,tipores3=1  encerra2=0",45,1.10270337507256,0.725806451612903,0.0761421319796954,NA,NA,NA,NA,NA,NA,NA,NA
"2880","hiv3=0,alcool=0,comtabagis=0,cavitacao=1,bilateral=0  encerra2=0",62,1.16290583642769,0.765432098765432,0.104906937394247,NA,NA,NA,NA,NA,NA,NA,NA
"2881","hiv3=0,alcool=0,comtabagis=0,comdrogas=0,bilateral=0  encerra2=0",81,1.15010931456166,0.757009345794392,0.137055837563452,NA,NA,NA,NA,NA,NA,NA,NA
"2882","fxet3=1,hiv3=0,alcool=0,comtabagis=0,bilateral=0  encerra2=0",81,1.15010931456166,0.757009345794392,0.137055837563452,NA,NA,NA,NA,NA,NA,NA,NA
"2883","hiv3=0,alcool=0,comtabagis=0,ppl=0,bilateral=0  encerra2=0",84,1.13946015424165,0.75,0.142131979695431,NA,NA,NA,NA,NA,NA,NA,NA
"2884","fxet3=1,alcool=0,comtabagis=0,ppl=0,bilateral=0  encerra2=0",95,1.11884976385485,0.736434108527132,0.160744500846024,NA,NA,NA,NA,NA,NA,NA,NA
"2885","fxet3=1,hiv3=0,alcool=0,cavitacao=1,bilateral=0  encerra2=0",68,1.13528630752281,0.747252747252747,0.115059221658206,NA,NA,NA,NA,NA,NA,NA,NA
"2886","fxet3=1,hiv3=0,alcool=0,comdrogas=0,bilateral=0  encerra2=0",82,1.17529223456371,0.773584905660377,0.138747884940778,NA,NA,NA,NA,NA,NA,NA,NA
"2887","fxet3=1,hiv3=0,alcool=0,ppl=0,bilateral=0  encerra2=0",85,1.13279664456772,0.745614035087719,0.143824027072758,NA,NA,NA,NA,NA,NA,NA,NA
"2888","fxet3=1,alcool=0,comdrogas=0,ppl=0,bilateral=0  encerra2=0",99,1.13946015424165,0.75,0.16751269035533,NA,NA,NA,NA,NA,NA,NA,NA
"2889","hiv3=0,comdiab=0,cavitacao=1,bilateral=0,tipores3=1  encerra2=0",55,1.11413881748072,0.733333333333333,0.0930626057529611,NA,NA,NA,NA,NA,NA,NA,NA
"2890","hiv3=0,comtabagis=0,comdrogas=0,cavitacao=1,bilateral=0  encerra2=0",67,1.18362527649907,0.779069767441861,0.11336717428088,NA,NA,NA,NA,NA,NA,NA,NA
"2891","hiv3=0,comdiab=0,comtabagis=0,cavitacao=1,bilateral=0  encerra2=0",64,1.15754682335659,0.761904761904762,0.1082910321489,NA,NA,NA,NA,NA,NA,NA,NA
"2892","fxet3=1,hiv3=0,comtabagis=0,cavitacao=1,bilateral=0  encerra2=0",73,1.15528598971722,0.760416666666667,0.123519458544839,NA,NA,NA,NA,NA,NA,NA,NA
"2893","hiv3=0,comtabagis=0,ppl=0,cavitacao=1,bilateral=0  encerra2=0",73,1.16744689487214,0.768421052631579,0.123519458544839,NA,NA,NA,NA,NA,NA,NA,NA
"2894","hiv3=0,comtabagis=0,pdres5=1,cavitacao=1,bilateral=0  encerra2=0",76,1.16631611747293,0.767676767676768,0.128595600676819,NA,NA,NA,NA,NA,NA,NA,NA
"2895","hiv3=0,comtabagis=0,comdrogas=0,ppl=0,bilateral=0  encerra2=0",90,1.13946015424165,0.75,0.152284263959391,NA,NA,NA,NA,NA,NA,NA,NA
"2896","hiv3=0,comtabagis=0,comdrogas=0,pdres5=1,bilateral=0  encerra2=0",91,1.14259916293102,0.752066115702479,0.153976311336717,NA,NA,NA,NA,NA,NA,NA,NA
"2897","fxet3=1,hiv3=0,comtabagis=0,ppl=0,bilateral=0  encerra2=0",93,1.13946015424165,0.75,0.157360406091371,NA,NA,NA,NA,NA,NA,NA,NA
"2898","fxet3=1,hiv3=0,comtabagis=0,pdres5=1,bilateral=0  encerra2=0",95,1.13646944517539,0.748031496062992,0.160744500846024,NA,NA,NA,NA,NA,NA,NA,NA
"2899","hiv3=0,comtabagis=0,ppl=0,pdres5=1,bilateral=0  encerra2=0",99,1.13089278466088,0.744360902255639,0.16751269035533,NA,NA,NA,NA,NA,NA,NA,NA
"2900","comtabagis=0,comdrogas=0,ppl=0,cavitacao=1,bilateral=0  encerra2=0",79,1.16527316744453,0.766990291262136,0.133671742808799,NA,NA,NA,NA,NA,NA,NA,NA
"2901","comtabagis=0,comdrogas=0,pdres5=1,cavitacao=1,bilateral=0  encerra2=0",83,1.17850707541503,0.775700934579439,0.140439932318105,NA,NA,NA,NA,NA,NA,NA,NA
"2902","comtabagis=0,ppl=0,pdres5=1,cavitacao=1,bilateral=0  encerra2=0",88,1.17277770261128,0.771929824561403,0.148900169204738,NA,NA,NA,NA,NA,NA,NA,NA
"2903","fxet3=1,comtabagis=0,ppl=0,pdres5=1,bilateral=0  encerra2=0",110,1.12161625920878,0.738255033557047,0.186125211505922,NA,NA,NA,NA,NA,NA,NA,NA
"2904","fxet3=1,hiv3=0,comdrogas=0,cavitacao=1,bilateral=0  encerra2=0",78,1.18503856041131,0.78,0.131979695431472,NA,NA,NA,NA,NA,NA,NA,NA
"2905","hiv3=0,comdrogas=0,ppl=0,cavitacao=1,bilateral=0  encerra2=0",80,1.15754682335659,0.761904761904762,0.135363790186125,NA,NA,NA,NA,NA,NA,NA,NA
"2906","hiv3=0,comdrogas=0,pdres5=1,cavitacao=1,bilateral=0  encerra2=0",83,1.1675949728649,0.768518518518518,0.140439932318105,NA,NA,NA,NA,NA,NA,NA,NA
"2907","fxet3=1,hiv3=0,comdiab=0,cavitacao=1,bilateral=0  encerra2=0",78,1.12860815277268,0.742857142857143,0.131979695431472,NA,NA,NA,NA,NA,NA,NA,NA
"2908","hiv3=0,comdiab=0,ppl=0,cavitacao=1,bilateral=0  encerra2=0",79,1.13229373817723,0.745283018867924,0.133671742808799,NA,NA,NA,NA,NA,NA,NA,NA
"2909","fxet3=1,hiv3=0,ppl=0,cavitacao=1,bilateral=0  encerra2=0",86,1.13615737118587,0.747826086956522,0.145516074450085,NA,NA,NA,NA,NA,NA,NA,NA
"2910","fxet3=1,hiv3=0,pdres5=1,cavitacao=1,bilateral=0  encerra2=0",90,1.13004312817353,0.743801652892562,0.152284263959391,NA,NA,NA,NA,NA,NA,NA,NA
"2911","fxet3=1,hiv3=0,comdrogas=0,ppl=0,bilateral=0  encerra2=0",99,1.1659592275961,0.767441860465116,0.16751269035533,NA,NA,NA,NA,NA,NA,NA,NA
"2912","fxet3=1,hiv3=0,comdrogas=0,pdres5=1,bilateral=0  encerra2=0",101,1.17135344100159,0.770992366412214,0.170896785109983,NA,NA,NA,NA,NA,NA,NA,NA
"2913","fxet3=1,hiv3=0,comdiab=0,ppl=0,bilateral=0  encerra2=0",97,1.13361676883528,0.746153846153846,0.164128595600677,NA,NA,NA,NA,NA,NA,NA,NA
"2914","fxet3=1,hiv3=0,ppl=0,pdres5=1,bilateral=0  encerra2=0",111,1.13181277065613,0.74496644295302,0.187817258883249,NA,NA,NA,NA,NA,NA,NA,NA
"2915","fxet3=1,comdrogas=0,ppl=0,cavitacao=1,bilateral=0  encerra2=0",88,1.16257963563206,0.765217391304348,0.148900169204738,NA,NA,NA,NA,NA,NA,NA,NA
"2916","fxet3=1,comdrogas=0,pdres5=1,cavitacao=1,bilateral=0  encerra2=0",93,1.17744215938303,0.775,0.157360406091371,NA,NA,NA,NA,NA,NA,NA,NA
"2917","comdrogas=0,ppl=0,pdres5=1,cavitacao=1,bilateral=0  encerra2=0",95,1.1639646736877,0.766129032258065,0.160744500846024,NA,NA,NA,NA,NA,NA,NA,NA
"2918","fxet3=1,comdiab=0,ppl=0,cavitacao=1,bilateral=0  encerra2=0",88,1.13302252625158,0.745762711864407,0.148900169204738,NA,NA,NA,NA,NA,NA,NA,NA
"2919","fxet3=1,ppl=0,pdres5=1,cavitacao=1,bilateral=0  encerra2=0",102,1.14790059982862,0.755555555555556,0.17258883248731,NA,NA,NA,NA,NA,NA,NA,NA
"2920","fxet3=1,comdrogas=0,ppl=0,pdres5=1,bilateral=0  encerra2=0",121,1.14895565552699,0.75625,0.204737732656514,NA,NA,NA,NA,NA,NA,NA,NA
"2921","sexo2=1,raca3=0,mumigual=1,alcool=0,bilateral=1  encerra2=0",28,1.14972556103662,0.756756756756757,0.0473773265651438,NA,NA,NA,NA,NA,NA,NA,NA
"2922","raca3=0,mumigual=1,alcool=0,comtabagis=0,bilateral=1  encerra2=0",36,1.13946015424165,0.75,0.0609137055837563,NA,NA,NA,NA,NA,NA,NA,NA
"2923","raca3=0,mumigual=1,alcool=0,comdrogas=0,bilateral=1  encerra2=0",40,1.1915923181612,0.784313725490196,0.0676818950930626,NA,NA,NA,NA,NA,NA,NA,NA
"2924","raca3=0,mumigual=1,alcool=0,comdiab=0,bilateral=1  encerra2=0",33,1.13946015424165,0.75,0.0558375634517767,NA,NA,NA,NA,NA,NA,NA,NA
"2925","sexo2=1,raca3=0,mumigual=1,alcool=0,comdrogas=0  encerra2=0",34,1.20129132540204,0.790697674418605,0.0575296108291032,NA,NA,NA,NA,NA,NA,NA,NA
"2926","raca3=0,mumigual=1,alcool=0,comdrogas=0,pdres5=1  encerra2=0",53,1.20181867014542,0.791044776119403,0.089678510998308,NA,NA,NA,NA,NA,NA,NA,NA
"2927","raca3=0,fxet3=1,mumigual=1,hiv3=0,comdrogas=0  encerra2=0",45,1.199431741307,0.789473684210526,0.0761421319796954,NA,NA,NA,NA,NA,NA,NA,NA
"2928","raca3=0,mumigual=0,hiv3=0,alcool=0,comtabagis=0  encerra2=0",54,1.15550888880843,0.76056338028169,0.0913705583756345,NA,NA,NA,NA,NA,NA,NA,NA
"2929","raca3=0,mumigual=0,alcool=0,comtabagis=0,cavitacao=1  encerra2=0",49,1.14530353964801,0.753846153846154,0.0829103214890017,NA,NA,NA,NA,NA,NA,NA,NA
"2930","raca3=0,fxet3=1,mumigual=0,alcool=0,comtabagis=0  encerra2=0",63,1.13946015424165,0.75,0.106598984771574,NA,NA,NA,NA,NA,NA,NA,NA
"2931","raca3=0,mumigual=0,alcool=0,comtabagis=0,ppl=0  encerra2=0",64,1.11763141565464,0.735632183908046,0.1082910321489,NA,NA,NA,NA,NA,NA,NA,NA
"2932","raca3=0,mumigual=0,alcool=0,comtabagis=0,pdres5=1  encerra2=0",65,1.13509440652424,0.747126436781609,0.109983079526227,NA,NA,NA,NA,NA,NA,NA,NA
"2933","raca3=0,mumigual=0,hiv3=0,alcool=0,comdrogas=0  encerra2=0",60,1.199431741307,0.789473684210526,0.101522842639594,NA,NA,NA,NA,NA,NA,NA,NA
"2934","raca3=0,fxet3=1,mumigual=0,hiv3=0,alcool=0  encerra2=0",64,1.18577967270675,0.780487804878049,0.1082910321489,NA,NA,NA,NA,NA,NA,NA,NA
"2935","raca3=0,mumigual=0,hiv3=0,alcool=0,ppl=0  encerra2=0",65,1.16180251020717,0.764705882352941,0.109983079526227,NA,NA,NA,NA,NA,NA,NA,NA
"2936","raca3=0,mumigual=0,hiv3=0,alcool=0,pdres5=1  encerra2=0",66,1.1659592275961,0.767441860465116,0.111675126903553,NA,NA,NA,NA,NA,NA,NA,NA
"2937","raca3=0,mumigual=0,alcool=0,comdrogas=0,cavitacao=1  encerra2=0",54,1.20648722213821,0.794117647058823,0.0913705583756345,NA,NA,NA,NA,NA,NA,NA,NA
"2938","raca3=0,fxet3=1,mumigual=0,alcool=0,cavitacao=1  encerra2=0",59,1.14919912991892,0.756410256410256,0.0998307952622673,NA,NA,NA,NA,NA,NA,NA,NA
"2939","raca3=0,mumigual=0,alcool=0,ppl=0,cavitacao=1  encerra2=0",59,1.13465230548957,0.746835443037975,0.0998307952622673,NA,NA,NA,NA,NA,NA,NA,NA
"2940","raca3=0,mumigual=0,alcool=0,pdres5=1,cavitacao=1  encerra2=0",61,1.15845115681234,0.7625,0.10321489001692,NA,NA,NA,NA,NA,NA,NA,NA
"2941","raca3=0,fxet3=1,mumigual=0,alcool=0,comdrogas=0  encerra2=0",67,1.197550279752,0.788235294117647,0.11336717428088,NA,NA,NA,NA,NA,NA,NA,NA
"2942","raca3=0,fxet3=1,mumigual=0,alcool=0,ppl=0  encerra2=0",74,1.14721158386234,0.755102040816326,0.125211505922166,NA,NA,NA,NA,NA,NA,NA,NA
"2943","raca3=0,fxet3=1,mumigual=0,alcool=0,pdres5=1  encerra2=0",76,1.1546529562982,0.76,0.128595600676819,NA,NA,NA,NA,NA,NA,NA,NA
"2944","raca3=0,mumigual=0,alcool=0,ppl=0,pdres5=1  encerra2=0",77,1.13577258092695,0.747572815533981,0.130287648054146,NA,NA,NA,NA,NA,NA,NA,NA
"2945","raca3=0,mumigual=0,comdrogas=0,cavitacao=1,tipores3=1  encerra2=0",38,1.1782173023451,0.775510204081633,0.0642978003384095,NA,NA,NA,NA,NA,NA,NA,NA
"2946","raca3=0,fxet3=1,mumigual=0,pdres5=1,tipores3=1  encerra2=0",56,1.10493105865857,0.727272727272727,0.0947546531302876,NA,NA,NA,NA,NA,NA,NA,NA
"2947","raca3=0,mumigual=0,hiv3=0,comdiab=0,comtabagis=0  encerra2=0",44,1.13302252625158,0.745762711864407,0.0744500846023689,NA,NA,NA,NA,NA,NA,NA,NA
"2948","raca3=0,fxet3=1,mumigual=0,hiv3=0,comtabagis=0  encerra2=0",55,1.14466316864458,0.753424657534247,0.0930626057529611,NA,NA,NA,NA,NA,NA,NA,NA
"2949","raca3=0,mumigual=0,hiv3=0,comtabagis=0,pdres5=1  encerra2=0",56,1.11946962521986,0.736842105263158,0.0947546531302876,NA,NA,NA,NA,NA,NA,NA,NA
"2950","raca3=0,mumigual=0,comtabagis=0,comdrogas=0,cavitacao=1  encerra2=0",45,1.15877303821184,0.76271186440678,0.0761421319796954,NA,NA,NA,NA,NA,NA,NA,NA
"2951","raca3=0,fxet3=1,mumigual=0,comtabagis=0,cavitacao=1  encerra2=0",49,1.11111537428539,0.73134328358209,0.0829103214890017,NA,NA,NA,NA,NA,NA,NA,NA
"2952","raca3=0,mumigual=0,comtabagis=0,pdres5=1,cavitacao=1  encerra2=0",51,1.12294623896278,0.739130434782609,0.0862944162436548,NA,NA,NA,NA,NA,NA,NA,NA
"2953","raca3=0,mumigual=0,comdiab=0,comtabagis=0,comdrogas=0  encerra2=0",45,1.15877303821184,0.76271186440678,0.0761421319796954,NA,NA,NA,NA,NA,NA,NA,NA
"2954","raca3=0,fxet3=1,mumigual=0,comtabagis=0,comdrogas=0  encerra2=0",57,1.17025637462655,0.77027027027027,0.0964467005076142,NA,NA,NA,NA,NA,NA,NA,NA
"2955","raca3=0,mumigual=0,comtabagis=0,comdrogas=0,ppl=0  encerra2=0",59,1.13465230548957,0.746835443037975,0.0998307952622673,NA,NA,NA,NA,NA,NA,NA,NA
"2956","raca3=0,mumigual=0,comdiab=0,comtabagis=0,pdres5=1  encerra2=0",53,1.11835904027421,0.736111111111111,0.089678510998308,NA,NA,NA,NA,NA,NA,NA,NA
"2957","raca3=0,fxet3=1,mumigual=0,comtabagis=0,ppl=0  encerra2=0",63,1.11296108088719,0.732558139534884,0.106598984771574,NA,NA,NA,NA,NA,NA,NA,NA
"2958","raca3=0,fxet3=1,mumigual=0,comtabagis=0,pdres5=1  encerra2=0",65,1.13509440652424,0.747126436781609,0.109983079526227,NA,NA,NA,NA,NA,NA,NA,NA
"2959","raca3=0,mumigual=0,hiv3=0,comdiab=0,comdrogas=0  encerra2=0",49,1.18166238217652,0.777777777777778,0.0829103214890017,NA,NA,NA,NA,NA,NA,NA,NA
"2960","raca3=0,fxet3=1,mumigual=0,hiv3=0,comdiab=0  encerra2=0",57,1.12466197042033,0.74025974025974,0.0964467005076142,NA,NA,NA,NA,NA,NA,NA,NA
"2961","raca3=0,mumigual=0,hiv3=0,comdiab=0,ppl=0  encerra2=0",56,1.10493105865857,0.727272727272727,0.0947546531302876,NA,NA,NA,NA,NA,NA,NA,NA
"2962","raca3=0,mumigual=0,hiv3=0,comdiab=0,pdres5=1  encerra2=0",58,1.11542091048127,0.734177215189873,0.0981387478849408,NA,NA,NA,NA,NA,NA,NA,NA
"2963","raca3=0,fxet3=1,mumigual=0,hiv3=0,ppl=0  encerra2=0",69,1.12720789451862,0.741935483870968,0.116751269035533,NA,NA,NA,NA,NA,NA,NA,NA
"2964","raca3=0,fxet3=1,mumigual=0,hiv3=0,pdres5=1  encerra2=0",71,1.13546204843729,0.747368421052632,0.120135363790186,NA,NA,NA,NA,NA,NA,NA,NA
"2965","raca3=0,mumigual=0,hiv3=0,ppl=0,pdres5=1  encerra2=0",71,1.10070300613819,0.724489795918367,0.120135363790186,NA,NA,NA,NA,NA,NA,NA,NA
"2966","raca3=0,mumigual=0,comdiab=0,comdrogas=0,cavitacao=1  encerra2=0",45,1.17875188369825,0.775862068965517,0.0761421319796954,NA,NA,NA,NA,NA,NA,NA,NA
"2967","raca3=0,fxet3=1,mumigual=0,comdrogas=0,cavitacao=1  encerra2=0",56,1.18166238217652,0.777777777777778,0.0947546531302876,NA,NA,NA,NA,NA,NA,NA,NA
"2968","raca3=0,mumigual=0,comdrogas=0,pdres5=1,cavitacao=1  encerra2=0",58,1.15945068326343,0.763157894736842,0.0981387478849408,NA,NA,NA,NA,NA,NA,NA,NA
"2969","raca3=0,fxet3=1,mumigual=0,pdres5=1,cavitacao=1  encerra2=0",67,1.10643232368392,0.728260869565217,0.11336717428088,NA,NA,NA,NA,NA,NA,NA,NA
"2970","raca3=0,fxet3=1,mumigual=0,comdiab=0,comdrogas=0  encerra2=0",57,1.17025637462655,0.77027027027027,0.0964467005076142,NA,NA,NA,NA,NA,NA,NA,NA
"2971","raca3=0,mumigual=0,comdiab=0,comdrogas=0,ppl=0  encerra2=0",58,1.15945068326343,0.763157894736842,0.0981387478849408,NA,NA,NA,NA,NA,NA,NA,NA
"2972","raca3=0,mumigual=0,comdiab=0,comdrogas=0,pdres5=1  encerra2=0",58,1.15945068326343,0.763157894736842,0.0981387478849408,NA,NA,NA,NA,NA,NA,NA,NA
"2973","raca3=0,fxet3=1,mumigual=0,comdrogas=0,ppl=0  encerra2=0",72,1.17621693341073,0.774193548387097,0.121827411167513,NA,NA,NA,NA,NA,NA,NA,NA
"2974","raca3=0,fxet3=1,mumigual=0,comdrogas=0,pdres5=1  encerra2=0",72,1.17621693341073,0.774193548387097,0.121827411167513,NA,NA,NA,NA,NA,NA,NA,NA
"2975","raca3=0,mumigual=0,comdrogas=0,ppl=0,pdres5=1  encerra2=0",75,1.13946015424165,0.75,0.126903553299492,NA,NA,NA,NA,NA,NA,NA,NA
"2976","raca3=0,fxet3=1,mumigual=0,ppl=0,pdres5=1  encerra2=0",83,1.10614260587201,0.728070175438597,0.140439932318105,NA,NA,NA,NA,NA,NA,NA,NA
"2977","raca3=0,hiv3=0,alcool=0,comtabagis=0,pdres5=1  encerra2=0",88,1.1427064794674,0.752136752136752,0.148900169204738,NA,NA,NA,NA,NA,NA,NA,NA
"2978","raca3=0,alcool=0,comtabagis=0,pdres5=1,cavitacao=1  encerra2=0",83,1.13603835197666,0.747747747747748,0.140439932318105,NA,NA,NA,NA,NA,NA,NA,NA
"2979","raca3=0,fxet3=1,alcool=0,comtabagis=0,ppl=0  encerra2=0",101,1.12005329030079,0.737226277372263,0.170896785109983,NA,NA,NA,NA,NA,NA,NA,NA
"2980","raca3=0,fxet3=1,alcool=0,comtabagis=0,pdres5=1  encerra2=0",104,1.13672763588615,0.748201438848921,0.175972927241963,NA,NA,NA,NA,NA,NA,NA,NA
"2981","raca3=0,alcool=0,comtabagis=0,ppl=0,pdres5=1  encerra2=0",110,1.13687634436808,0.748299319727891,0.186125211505922,NA,NA,NA,NA,NA,NA,NA,NA
"2982","raca3=0,fxet3=1,hiv3=0,alcool=0,comdrogas=0  encerra2=0",91,1.21275876065485,0.798245614035088,0.153976311336717,NA,NA,NA,NA,NA,NA,NA,NA
"2983","raca3=0,hiv3=0,alcool=0,comdrogas=0,pdres5=1  encerra2=0",98,1.20072145285679,0.790322580645161,0.165820642978003,NA,NA,NA,NA,NA,NA,NA,NA
"2984","raca3=0,fxet3=1,hiv3=0,alcool=0,pdres5=1  encerra2=0",98,1.14530353964801,0.753846153846154,0.165820642978003,NA,NA,NA,NA,NA,NA,NA,NA
"2985","raca3=0,alcool=0,ppl=0,pdres5=1,cavitacao=1  encerra2=0",95,1.11884976385485,0.736434108527132,0.160744500846024,NA,NA,NA,NA,NA,NA,NA,NA
"2986","raca3=0,alcool=0,comdiab=0,comdrogas=0,pdres5=1  encerra2=0",95,1.18304606178094,0.778688524590164,0.160744500846024,NA,NA,NA,NA,NA,NA,NA,NA
"2987","raca3=0,fxet3=1,alcool=0,comdrogas=0,ppl=0  encerra2=0",109,1.19137800299606,0.784172661870504,0.184433164128596,NA,NA,NA,NA,NA,NA,NA,NA
"2988","raca3=0,fxet3=1,alcool=0,comdrogas=0,pdres5=1  encerra2=0",112,1.20680413498879,0.794326241134752,0.189509306260575,NA,NA,NA,NA,NA,NA,NA,NA
"2989","raca3=0,alcool=0,comdrogas=0,ppl=0,pdres5=1  encerra2=0",120,1.18385470570561,0.779220779220779,0.203045685279188,NA,NA,NA,NA,NA,NA,NA,NA
"2990","raca3=0,fxet3=1,alcool=0,ppl=0,pdres5=1  encerra2=0",117,1.13220244625284,0.745222929936306,0.197969543147208,NA,NA,NA,NA,NA,NA,NA,NA
"2991","raca3=0,fxet3=1,hiv3=0,comtabagis=0,pdres5=1  encerra2=0",92,1.10931570571673,0.73015873015873,0.155668358714044,NA,NA,NA,NA,NA,NA,NA,NA
"2992","raca3=0,comdiab=0,comtabagis=0,comdrogas=0,ppl=0  encerra2=0",82,1.13255433512503,0.745454545454545,0.138747884940778,NA,NA,NA,NA,NA,NA,NA,NA
"2993","raca3=0,comdiab=0,comtabagis=0,comdrogas=0,pdres5=1  encerra2=0",84,1.14972556103662,0.756756756756757,0.142131979695431,NA,NA,NA,NA,NA,NA,NA,NA
"2994","raca3=0,comtabagis=0,comdrogas=0,ppl=0,pdres5=1  encerra2=0",108,1.13946015424165,0.75,0.182741116751269,NA,NA,NA,NA,NA,NA,NA,NA
"2995","raca3=0,hiv3=0,comdiab=0,comdrogas=0,pdres5=1  encerra2=0",89,1.16565464054605,0.767241379310345,0.150592216582064,NA,NA,NA,NA,NA,NA,NA,NA
"2996","raca3=0,fxet3=1,hiv3=0,comdrogas=0,pdres5=1  encerra2=0",107,1.20417023707512,0.792592592592593,0.181049069373942,NA,NA,NA,NA,NA,NA,NA,NA
"2997","raca3=0,comdiab=0,comdrogas=0,ppl=0,pdres5=1  encerra2=0",110,1.14466316864458,0.753424657534247,0.186125211505922,NA,NA,NA,NA,NA,NA,NA,NA
"2998","raca3=0,fxet3=1,comdrogas=0,ppl=0,pdres5=1  encerra2=0",127,1.16938537041365,0.76969696969697,0.214890016920474,NA,NA,NA,NA,NA,NA,NA,NA
"2999","raca3=1,fxet3=1,mumigual=1,hiv3=0,bilateral=1  encerra2=0",48,1.13946015424165,0.75,0.0812182741116751,NA,NA,NA,NA,NA,NA,NA,NA
"3000","sexo2=1,raca3=1,escol4=1,mumigual=1,hiv3=0  encerra2=0",51,1.19205062289895,0.784615384615385,0.0862944162436548,NA,NA,NA,NA,NA,NA,NA,NA
"3001","sexo2=1,raca3=1,escol4=1,mumigual=1,cavitacao=1  encerra2=0",46,1.14568671246154,0.754098360655738,0.077834179357022,NA,NA,NA,NA,NA,NA,NA,NA
"3002","sexo2=1,raca3=1,escol4=1,mumigual=1,comdrogas=0  encerra2=0",46,1.16478149100257,0.766666666666667,0.077834179357022,NA,NA,NA,NA,NA,NA,NA,NA
"3003","sexo2=1,raca3=1,escol4=1,mumigual=1,pdres5=1  encerra2=0",58,1.14439288218209,0.753246753246753,0.0981387478849408,NA,NA,NA,NA,NA,NA,NA,NA
"3004","raca3=1,escol4=1,mumigual=1,hiv3=0,comdiab=0  encerra2=0",56,1.11946962521986,0.736842105263158,0.0947546531302876,NA,NA,NA,NA,NA,NA,NA,NA
"3005","sexo2=1,raca3=1,mumigual=1,alcool=0,comtabagis=0  encerra2=0",44,1.15255739739385,0.758620689655172,0.0744500846023689,NA,NA,NA,NA,NA,NA,NA,NA
"3006","sexo2=1,raca3=1,mumigual=1,hiv3=0,comtabagis=0  encerra2=0",45,1.22085016525891,0.803571428571429,0.0761421319796954,NA,NA,NA,NA,NA,NA,NA,NA
"3007","sexo2=1,raca3=1,mumigual=1,comtabagis=0,cavitacao=1  encerra2=0",41,1.19789400830532,0.788461538461538,0.0693739424703892,NA,NA,NA,NA,NA,NA,NA,NA
"3008","sexo2=1,raca3=1,mumigual=1,comtabagis=0,comdrogas=0  encerra2=0",45,1.17875188369825,0.775862068965517,0.0761421319796954,NA,NA,NA,NA,NA,NA,NA,NA
"3009","sexo2=1,raca3=1,mumigual=1,comtabagis=0,pdres5=1  encerra2=0",52,1.16180251020717,0.764705882352941,0.0879864636209814,NA,NA,NA,NA,NA,NA,NA,NA
"3010","sexo2=1,raca3=1,mumigual=1,hiv3=0,cavitacao=1  encerra2=0",49,1.20072145285679,0.790322580645161,0.0829103214890017,NA,NA,NA,NA,NA,NA,NA,NA
"3011","sexo2=1,raca3=1,mumigual=1,hiv3=0,comdrogas=0  encerra2=0",49,1.20072145285679,0.790322580645161,0.0829103214890017,NA,NA,NA,NA,NA,NA,NA,NA
"3012","sexo2=1,raca3=1,mumigual=1,hiv3=0,comdiab=0  encerra2=0",54,1.17201615864855,0.771428571428571,0.0913705583756345,NA,NA,NA,NA,NA,NA,NA,NA
"3013","sexo2=1,raca3=1,fxet3=1,mumigual=1,hiv3=0  encerra2=0",53,1.18414486617269,0.779411764705882,0.089678510998308,NA,NA,NA,NA,NA,NA,NA,NA
"3014","sexo2=1,raca3=1,mumigual=1,hiv3=0,pdres5=1  encerra2=0",60,1.18385470570561,0.779220779220779,0.101522842639594,NA,NA,NA,NA,NA,NA,NA,NA
"3015","sexo2=1,raca3=1,mumigual=1,comdrogas=0,cavitacao=1  encerra2=0",45,1.199431741307,0.789473684210526,0.0761421319796954,NA,NA,NA,NA,NA,NA,NA,NA
"3016","sexo2=1,raca3=1,fxet3=1,mumigual=1,cavitacao=1  encerra2=0",51,1.13946015424165,0.75,0.0862944162436548,NA,NA,NA,NA,NA,NA,NA,NA
"3017","sexo2=1,raca3=1,mumigual=1,pdres5=1,cavitacao=1  encerra2=0",56,1.14972556103662,0.756756756756757,0.0947546531302876,NA,NA,NA,NA,NA,NA,NA,NA
"3018","sexo2=1,raca3=1,fxet3=1,mumigual=1,comdrogas=0  encerra2=0",51,1.17398924982473,0.772727272727273,0.0862944162436548,NA,NA,NA,NA,NA,NA,NA,NA
"3019","sexo2=1,raca3=1,mumigual=1,comdrogas=0,pdres5=1  encerra2=0",58,1.17491002570694,0.773333333333333,0.0981387478849408,NA,NA,NA,NA,NA,NA,NA,NA
"3020","sexo2=1,raca3=1,fxet3=1,mumigual=1,pdres5=1  encerra2=0",63,1.12605474066233,0.741176470588235,0.106598984771574,NA,NA,NA,NA,NA,NA,NA,NA
"3021","raca3=1,mumigual=1,hiv3=0,comtabagis=0,cavitacao=1  encerra2=0",47,1.13343126453666,0.746031746031746,0.0795262267343486,NA,NA,NA,NA,NA,NA,NA,NA
"3022","raca3=1,fxet3=1,mumigual=1,hiv3=0,comtabagis=0  encerra2=0",54,1.15550888880843,0.76056338028169,0.0913705583756345,NA,NA,NA,NA,NA,NA,NA,NA
"3023","raca3=1,mumigual=1,hiv3=0,comtabagis=0,pdres5=1  encerra2=0",59,1.13465230548957,0.746835443037975,0.0998307952622673,NA,NA,NA,NA,NA,NA,NA,NA
"3024","raca3=1,mumigual=1,hiv3=0,comdiab=0,cavitacao=1  encerra2=0",58,1.12972117856437,0.743589743589744,0.0981387478849408,NA,NA,NA,NA,NA,NA,NA,NA
"3025","raca3=1,mumigual=1,hiv3=0,pdres5=1,cavitacao=1  encerra2=0",65,1.12219560645011,0.738636363636364,0.109983079526227,NA,NA,NA,NA,NA,NA,NA,NA
"3026","raca3=1,mumigual=1,hiv3=0,comdiab=0,pdres5=1  encerra2=0",70,1.11946962521986,0.736842105263158,0.11844331641286,NA,NA,NA,NA,NA,NA,NA,NA
"3027","raca3=1,fxet3=1,mumigual=1,hiv3=0,pdres5=1  encerra2=0",70,1.14354424081599,0.752688172043011,0.11844331641286,NA,NA,NA,NA,NA,NA,NA,NA
"3028","sexo2=1,mumigual=1,alcool=0,comdiab=0,bilateral=1  encerra2=0",50,1.10092768525763,0.72463768115942,0.0846023688663283,NA,NA,NA,NA,NA,NA,NA,NA
"3029","sexo2=1,mumigual=1,alcool=0,pdres5=1,bilateral=1  encerra2=0",56,1.10493105865857,0.727272727272727,0.0947546531302876,NA,NA,NA,NA,NA,NA,NA,NA
"3030","mumigual=1,hiv3=0,alcool=0,comdrogas=0,bilateral=1  encerra2=0",66,1.15255739739385,0.758620689655172,0.111675126903553,NA,NA,NA,NA,NA,NA,NA,NA
"3031","fxet3=1,mumigual=1,hiv3=0,alcool=0,bilateral=1  encerra2=0",61,1.11657942825286,0.734939759036145,0.10321489001692,NA,NA,NA,NA,NA,NA,NA,NA
"3032","mumigual=1,alcool=0,comdiab=0,comdrogas=0,bilateral=1  encerra2=0",71,1.17248798479937,0.771739130434783,0.120135363790186,NA,NA,NA,NA,NA,NA,NA,NA
"3033","fxet3=1,mumigual=1,alcool=0,comdrogas=0,bilateral=1  encerra2=0",74,1.15903850740731,0.762886597938144,0.125211505922166,NA,NA,NA,NA,NA,NA,NA,NA
"3034","mumigual=1,alcool=0,comdrogas=0,pdres5=1,bilateral=1  encerra2=0",84,1.13946015424165,0.75,0.142131979695431,NA,NA,NA,NA,NA,NA,NA,NA
"3035","fxet3=1,mumigual=1,alcool=0,comdiab=0,bilateral=1  encerra2=0",67,1.10643232368392,0.728260869565217,0.11336717428088,NA,NA,NA,NA,NA,NA,NA,NA
"3036","mumigual=1,alcool=0,comdiab=0,pdres5=1,bilateral=1  encerra2=0",75,1.10627199440936,0.728155339805825,0.126903553299492,NA,NA,NA,NA,NA,NA,NA,NA
"3037","fxet3=1,mumigual=1,hiv3=0,pdres5=1,bilateral=1  encerra2=0",82,1.11233015056923,0.732142857142857,0.138747884940778,NA,NA,NA,NA,NA,NA,NA,NA
"3038","sexo2=1,escol4=1,mumigual=1,alcool=0,comdrogas=0  encerra2=0",56,1.21542416452442,0.8,0.0947546531302876,NA,NA,NA,NA,NA,NA,NA,NA
"3039","sexo2=1,escol4=1,mumigual=1,alcool=0,pdres5=1  encerra2=0",58,1.10147814910026,0.725,0.0981387478849408,NA,NA,NA,NA,NA,NA,NA,NA
"3040","sexo2=1,escol4=1,mumigual=1,hiv3=0,comtabagis=0  encerra2=0",55,1.14466316864458,0.753424657534247,0.0930626057529611,NA,NA,NA,NA,NA,NA,NA,NA
"3041","sexo2=1,escol4=1,mumigual=1,hiv3=0,comdrogas=0  encerra2=0",66,1.20810233220801,0.795180722891566,0.111675126903553,NA,NA,NA,NA,NA,NA,NA,NA
"3042","sexo2=1,fxet3=1,escol4=1,mumigual=1,hiv3=0  encerra2=0",69,1.13946015424165,0.75,0.116751269035533,NA,NA,NA,NA,NA,NA,NA,NA
"3043","sexo2=1,escol4=1,mumigual=1,hiv3=0,pdres5=1  encerra2=0",80,1.14662657030606,0.754716981132076,0.135363790186125,NA,NA,NA,NA,NA,NA,NA,NA
"3044","sexo2=1,escol4=1,mumigual=1,comdrogas=0,pdres5=1  encerra2=0",78,1.16180251020717,0.764705882352941,0.131979695431472,NA,NA,NA,NA,NA,NA,NA,NA
"3045","sexo2=1,mumigual=1,hiv3=0,alcool=0,comtabagis=0  encerra2=0",59,1.17944121228521,0.776315789473684,0.0998307952622673,NA,NA,NA,NA,NA,NA,NA,NA
"3046","sexo2=1,mumigual=1,alcool=0,comtabagis=0,pdres5=1  encerra2=0",75,1.15096985276934,0.757575757575758,0.126903553299492,NA,NA,NA,NA,NA,NA,NA,NA
"3047","sexo2=1,mumigual=1,hiv3=0,alcool=0,comdrogas=0  encerra2=0",61,1.18815503262804,0.782051282051282,0.10321489001692,NA,NA,NA,NA,NA,NA,NA,NA
"3048","sexo2=1,fxet3=1,mumigual=1,alcool=0,comdrogas=0  encerra2=0",66,1.19372016158649,0.785714285714286,0.111675126903553,NA,NA,NA,NA,NA,NA,NA,NA
"3049","sexo2=1,mumigual=1,alcool=0,comdrogas=0,pdres5=1  encerra2=0",78,1.18503856041131,0.78,0.131979695431472,NA,NA,NA,NA,NA,NA,NA,NA
"3050","sexo2=1,mumigual=1,hiv3=0,comtabagis=0,tipores3=1  encerra2=0",61,1.14414929067885,0.753086419753086,0.10321489001692,NA,NA,NA,NA,NA,NA,NA,NA
"3051","sexo2=1,mumigual=1,hiv3=0,comtabagis=0,cavitacao=1  encerra2=0",56,1.14972556103662,0.756756756756757,0.0947546531302876,NA,NA,NA,NA,NA,NA,NA,NA
"3052","sexo2=1,mumigual=1,hiv3=0,comtabagis=0,comdrogas=0  encerra2=0",62,1.2076329839826,0.794871794871795,0.104906937394247,NA,NA,NA,NA,NA,NA,NA,NA
"3053","sexo2=1,mumigual=1,hiv3=0,comtabagis=0,pdres5=1  encerra2=0",73,1.15528598971722,0.760416666666667,0.123519458544839,NA,NA,NA,NA,NA,NA,NA,NA
"3054","sexo2=1,mumigual=1,comtabagis=0,comdrogas=0,pdres5=1  encerra2=0",78,1.16180251020717,0.764705882352941,0.131979695431472,NA,NA,NA,NA,NA,NA,NA,NA
"3055","sexo2=1,fxet3=1,mumigual=1,hiv3=0,comdrogas=0  encerra2=0",73,1.21876324189949,0.802197802197802,0.123519458544839,NA,NA,NA,NA,NA,NA,NA,NA
"3056","sexo2=1,mumigual=1,hiv3=0,comdrogas=0,pdres5=1  encerra2=0",85,1.19572979148815,0.787037037037037,0.143824027072758,NA,NA,NA,NA,NA,NA,NA,NA
"3057","sexo2=1,fxet3=1,mumigual=1,hiv3=0,pdres5=1  encerra2=0",89,1.14589778223171,0.754237288135593,0.150592216582064,NA,NA,NA,NA,NA,NA,NA,NA
"3058","sexo2=1,fxet3=1,mumigual=1,comdrogas=0,cavitacao=1  encerra2=0",65,1.16180251020717,0.764705882352941,0.109983079526227,NA,NA,NA,NA,NA,NA,NA,NA
"3059","sexo2=1,mumigual=1,comdrogas=0,pdres5=1,cavitacao=1  encerra2=0",77,1.14690760623015,0.754901960784314,0.130287648054146,NA,NA,NA,NA,NA,NA,NA,NA
"3060","sexo2=1,fxet3=1,mumigual=1,comdrogas=0,pdres5=1  encerra2=0",89,1.16565464054605,0.767241379310345,0.150592216582064,NA,NA,NA,NA,NA,NA,NA,NA
"3061","mumigual=1,hiv3=0,alcool=0,comtabagis=0,comdrogas=0  encerra2=0",81,1.15010931456166,0.757009345794392,0.137055837563452,NA,NA,NA,NA,NA,NA,NA,NA
"3062","fxet3=1,mumigual=1,hiv3=0,alcool=0,comtabagis=0  encerra2=0",75,1.11711779827612,0.735294117647059,0.126903553299492,NA,NA,NA,NA,NA,NA,NA,NA
"3063","mumigual=1,hiv3=0,alcool=0,comtabagis=0,pdres5=1  encerra2=0",84,1.11946962521986,0.736842105263158,0.142131979695431,NA,NA,NA,NA,NA,NA,NA,NA
"3064","fxet3=1,mumigual=1,hiv3=0,alcool=0,comdrogas=0  encerra2=0",80,1.18002346070332,0.776699029126214,0.135363790186125,NA,NA,NA,NA,NA,NA,NA,NA
"3065","mumigual=1,hiv3=0,alcool=0,comdrogas=0,pdres5=1  encerra2=0",91,1.15212082262211,0.758333333333333,0.153976311336717,NA,NA,NA,NA,NA,NA,NA,NA
"3066","mumigual=1,alcool=0,comdiab=0,comdrogas=0,pdres5=1  encerra2=0",97,1.14240449572547,0.751937984496124,0.164128595600677,NA,NA,NA,NA,NA,NA,NA,NA
"3067","fxet3=1,mumigual=1,alcool=0,comdrogas=0,pdres5=1  encerra2=0",105,1.15597406952051,0.760869565217391,0.177664974619289,NA,NA,NA,NA,NA,NA,NA,NA
"3068","fxet3=1,mumigual=1,hiv3=0,comdrogas=0,pdres5=1  encerra2=0",103,1.18549894835242,0.78030303030303,0.174280879864636,NA,NA,NA,NA,NA,NA,NA,NA
"3069","sexo2=1,raca3=1,alcool=0,comtabagis=0,bilateral=1  encerra2=0",58,1.12972117856437,0.743589743589744,0.0981387478849408,NA,NA,NA,NA,NA,NA,NA,NA
"3070","sexo2=1,raca3=1,hiv3=0,alcool=0,bilateral=1  encerra2=0",52,1.11271226329701,0.732394366197183,0.0879864636209814,NA,NA,NA,NA,NA,NA,NA,NA
"3071","sexo2=1,raca3=1,escol4=1,hiv3=0,alcool=0  encerra2=0",57,1.11024322720981,0.730769230769231,0.0964467005076142,NA,NA,NA,NA,NA,NA,NA,NA
"3072","sexo2=1,raca3=1,escol4=1,hiv3=0,comtabagis=0  encerra2=0",72,1.11620586537957,0.73469387755102,0.121827411167513,NA,NA,NA,NA,NA,NA,NA,NA
"3073","sexo2=1,raca3=1,escol4=1,hiv3=0,comdrogas=0  encerra2=0",75,1.10627199440936,0.728155339805825,0.126903553299492,NA,NA,NA,NA,NA,NA,NA,NA
"3074","sexo2=1,raca3=1,escol4=1,hiv3=0,comdiab=0  encerra2=0",89,1.10832736314215,0.729508196721312,0.150592216582064,NA,NA,NA,NA,NA,NA,NA,NA
"3075","sexo2=1,raca3=1,hiv3=0,alcool=0,comtabagis=0  encerra2=0",79,1.17669741418418,0.774509803921569,0.133671742808799,NA,NA,NA,NA,NA,NA,NA,NA
"3076","sexo2=1,raca3=1,alcool=0,comtabagis=0,comdrogas=0  encerra2=0",88,1.15255739739385,0.758620689655172,0.148900169204738,NA,NA,NA,NA,NA,NA,NA,NA
"3077","sexo2=1,raca3=1,alcool=0,comtabagis=0,ppl=0  encerra2=0",88,1.12350132855199,0.739495798319328,0.148900169204738,NA,NA,NA,NA,NA,NA,NA,NA
"3078","sexo2=1,raca3=1,alcool=0,comtabagis=0,pdres5=1  encerra2=0",94,1.13343126453666,0.746031746031746,0.159052453468697,NA,NA,NA,NA,NA,NA,NA,NA
"3079","sexo2=1,raca3=1,hiv3=0,alcool=0,comdrogas=0  encerra2=0",75,1.13946015424165,0.75,0.126903553299492,NA,NA,NA,NA,NA,NA,NA,NA
"3080","sexo2=1,raca3=1,fxet3=1,hiv3=0,alcool=0  encerra2=0",75,1.12817837053628,0.742574257425743,0.126903553299492,NA,NA,NA,NA,NA,NA,NA,NA
"3081","sexo2=1,raca3=1,hiv3=0,alcool=0,pdres5=1  encerra2=0",83,1.11593147849034,0.734513274336283,0.140439932318105,NA,NA,NA,NA,NA,NA,NA,NA
"3082","sexo2=1,raca3=1,fxet3=1,alcool=0,comdrogas=0  encerra2=0",82,1.11233015056923,0.732142857142857,0.138747884940778,NA,NA,NA,NA,NA,NA,NA,NA
"3083","sexo2=1,raca3=1,hiv3=0,comtabagis=0,comdrogas=0  encerra2=0",83,1.12589515240544,0.741071428571429,0.140439932318105,NA,NA,NA,NA,NA,NA,NA,NA
"3084","sexo2=1,raca3=1,hiv3=0,comtabagis=0,ppl=0  encerra2=0",94,1.10707239791953,0.728682170542636,0.159052453468697,NA,NA,NA,NA,NA,NA,NA,NA
"3085","sexo2=1,raca3=1,hiv3=0,comtabagis=0,pdres5=1  encerra2=0",98,1.11946962521986,0.736842105263158,0.165820642978003,NA,NA,NA,NA,NA,NA,NA,NA
"3086","sexo2=1,raca3=1,comtabagis=0,comdrogas=0,pdres5=1  encerra2=0",100,1.10092768525763,0.72463768115942,0.169204737732657,NA,NA,NA,NA,NA,NA,NA,NA
"3087","sexo2=1,hiv3=0,alcool=0,comtabagis=0,bilateral=1  encerra2=0",82,1.13255433512503,0.745454545454545,0.138747884940778,NA,NA,NA,NA,NA,NA,NA,NA
"3088","sexo2=1,alcool=0,comtabagis=0,comdrogas=0,bilateral=1  encerra2=0",98,1.17235795397041,0.771653543307087,0.165820642978003,NA,NA,NA,NA,NA,NA,NA,NA
"3089","sexo2=1,alcool=0,comtabagis=0,pdres5=1,bilateral=1  encerra2=0",105,1.14765770930813,0.755395683453237,0.177664974619289,NA,NA,NA,NA,NA,NA,NA,NA
"3090","sexo2=1,hiv3=0,alcool=0,comdrogas=0,bilateral=1  encerra2=0",83,1.14636597335826,0.754545454545455,0.140439932318105,NA,NA,NA,NA,NA,NA,NA,NA
"3091","sexo2=1,hiv3=0,alcool=0,pdres5=1,bilateral=1  encerra2=0",91,1.10603598971722,0.728,0.153976311336717,NA,NA,NA,NA,NA,NA,NA,NA
"3092","sexo2=1,alcool=0,comdrogas=0,pdres5=1,bilateral=1  encerra2=0",107,1.16116415717958,0.764285714285714,0.181049069373942,NA,NA,NA,NA,NA,NA,NA,NA
"3093","alcool=0,comdiab=0,comtabagis=0,comdrogas=0,bilateral=1  encerra2=0",118,1.11350971594629,0.732919254658385,0.199661590524535,NA,NA,NA,NA,NA,NA,NA,NA
"3094","alcool=0,comdiab=0,comdrogas=0,pdres5=1,bilateral=1  encerra2=0",132,1.12036305668452,0.737430167597765,0.223350253807107,NA,NA,NA,NA,NA,NA,NA,NA
"3095","sexo2=1,hiv3=0,alcool=0,comtabagis=0,comdrogas=0  encerra2=0",115,1.15706770629394,0.76158940397351,0.194585448392555,NA,NA,NA,NA,NA,NA,NA,NA
"3096","sexo2=1,hiv3=0,alcool=0,comtabagis=0,pdres5=1  encerra2=0",126,1.13946015424165,0.75,0.213197969543147,NA,NA,NA,NA,NA,NA,NA,NA
"3097","sexo2=1,alcool=0,comtabagis=0,comdrogas=0,ppl=0  encerra2=0",138,1.13946015424165,0.75,0.233502538071066,NA,NA,NA,NA,NA,NA,NA,NA
"3098","sexo2=1,alcool=0,comtabagis=0,comdrogas=0,pdres5=1  encerra2=0",145,1.15338026083797,0.759162303664921,0.245346869712352,NA,NA,NA,NA,NA,NA,NA,NA
"3099","sexo2=1,alcool=0,comtabagis=0,ppl=0,pdres5=1  encerra2=0",148,1.12426735218509,0.74,0.250423011844332,NA,NA,NA,NA,NA,NA,NA,NA
"3100","sexo2=1,fxet3=1,hiv3=0,alcool=0,comdrogas=0  encerra2=0",111,1.13946015424165,0.75,0.187817258883249,NA,NA,NA,NA,NA,NA,NA,NA
"3101","sexo2=1,hiv3=0,alcool=0,comdrogas=0,pdres5=1  encerra2=0",125,1.13041681968417,0.744047619047619,0.211505922165821,NA,NA,NA,NA,NA,NA,NA,NA
"3102","sexo2=1,fxet3=1,alcool=0,comdrogas=0,pdres5=1  encerra2=0",138,1.12720789451862,0.741935483870968,0.233502538071066,NA,NA,NA,NA,NA,NA,NA,NA
"3103","sexo2=1,fxet3=1,hiv3=0,comtabagis=0,comdrogas=0  encerra2=0",116,1.10147814910026,0.725,0.196277495769882,NA,NA,NA,NA,NA,NA,NA,NA
"3104","sexo2=1,hiv3=0,comtabagis=0,comdrogas=0,pdres5=1  encerra2=0",128,1.11124495042233,0.731428571428571,0.2165820642978,NA,NA,NA,NA,NA,NA,NA,NA
"3105","hiv3=0,alcool=0,comtabagis=0,comdrogas=0,pdres5=1  encerra2=0",194,1.1249632057144,0.740458015267176,0.328257191201354,NA,NA,NA,NA,NA,NA,NA,NA
"3106","fxet3=1,hiv3=0,alcool=0,comtabagis=0,pdres5=1  encerra2=0",189,1.10866393385674,0.72972972972973,0.319796954314721,NA,NA,NA,NA,NA,NA,NA,NA
"3107","alcool=0,comdiab=0,comtabagis=0,comdrogas=0,pdres5=1  encerra2=0",196,1.11111537428539,0.73134328358209,0.331641285956007,NA,NA,NA,NA,NA,NA,NA,NA
"3108","fxet3=1,alcool=0,comtabagis=0,comdrogas=0,pdres5=1  encerra2=0",223,1.11815011835374,0.735973597359736,0.377326565143824,NA,NA,NA,NA,NA,NA,NA,NA
"3109","alcool=0,comtabagis=0,comdrogas=0,ppl=0,pdres5=1  encerra2=0",239,1.11042192401123,0.730886850152905,0.404399323181049,NA,NA,NA,NA,NA,NA,NA,NA
"3110","fxet3=1,hiv3=0,alcool=0,comdrogas=0,pdres5=1  encerra2=0",194,1.14240449572547,0.751937984496124,0.328257191201354,NA,NA,NA,NA,NA,NA,NA,NA
"3111","fxet3=1,hiv3=0,comtabagis=0,comdrogas=0,pdres5=1  encerra2=0",192,1.1133656468926,0.732824427480916,0.3248730964467,NA,NA,NA,NA,NA,NA,NA,NA
"3112","raca3=1,fxet3=1,mumigual=0,comdrogas=0,ppl=0,pdres5=1  encerra2=2",18,1.53973078593139,0.122448979591837,0.0304568527918782,NA,NA,NA,NA,NA,NA,NA,NA
"3113","fxet3=1,mumigual=0,ppl=0,pdres5=1,cavitacao=1,bilateral=1  encerra2=2",19,1.6252713851498,0.129251700680272,0.0321489001692047,NA,NA,NA,NA,NA,NA,NA,NA
"3114","fxet3=1,mumigual=0,comdrogas=0,ppl=0,pdres5=1,bilateral=1  encerra2=2",18,1.7147001934236,0.136363636363636,0.0304568527918782,NA,NA,NA,NA,NA,NA,NA,NA
"3115","mumigual=0,hiv3=0,alcool=0,comtabagis=0,comdrogas=0,ppl=0  encerra2=2",18,1.44165876134978,0.114649681528662,0.0304568527918782,NA,NA,NA,NA,NA,NA,NA,NA
"3116","mumigual=0,hiv3=0,alcool=0,comtabagis=0,comdrogas=0,pdres5=1  encerra2=2",18,1.44165876134978,0.114649681528662,0.0304568527918782,NA,NA,NA,NA,NA,NA,NA,NA
"3117","mumigual=0,hiv3=0,alcool=0,comtabagis=0,ppl=0,pdres5=1  encerra2=2",19,1.43062810549115,0.11377245508982,0.0321489001692047,NA,NA,NA,NA,NA,NA,NA,NA
"3118","mumigual=0,hiv3=0,alcool=0,comdrogas=0,ppl=0,pdres5=1  encerra2=2",19,1.39716312056738,0.111111111111111,0.0321489001692047,NA,NA,NA,NA,NA,NA,NA,NA
"3119","fxet3=1,mumigual=0,alcool=0,ppl=0,pdres5=1,cavitacao=1  encerra2=2",18,1.30832615914402,0.104046242774566,0.0304568527918782,NA,NA,NA,NA,NA,NA,NA,NA
"3120","mumigual=0,hiv3=0,comtabagis=0,comdrogas=0,ppl=0,pdres5=1  encerra2=2",20,1.44534115920763,0.114942528735632,0.0338409475465313,NA,NA,NA,NA,NA,NA,NA,NA
"3121","fxet3=1,mumigual=0,comtabagis=0,comdrogas=0,ppl=0,cavitacao=1  encerra2=2",18,1.44165876134978,0.114649681528662,0.0304568527918782,NA,NA,NA,NA,NA,NA,NA,NA
"3122","fxet3=1,mumigual=0,comtabagis=0,comdrogas=0,pdres5=1,cavitacao=1  encerra2=2",18,1.43253433880959,0.113924050632911,0.0304568527918782,NA,NA,NA,NA,NA,NA,NA,NA
"3123","mumigual=0,comtabagis=0,comdrogas=0,ppl=0,pdres5=1,cavitacao=1  encerra2=2",18,1.37176015473888,0.109090909090909,0.0304568527918782,NA,NA,NA,NA,NA,NA,NA,NA
"3124","fxet3=1,mumigual=0,comtabagis=0,ppl=0,pdres5=1,cavitacao=1  encerra2=2",19,1.34980165885323,0.107344632768362,0.0321489001692047,NA,NA,NA,NA,NA,NA,NA,NA
"3125","fxet3=1,mumigual=0,comtabagis=0,comdrogas=0,ppl=0,pdres5=1  encerra2=2",21,1.3825331402473,0.109947643979058,0.0355329949238579,NA,NA,NA,NA,NA,NA,NA,NA
"3126","raca3=1,hiv3=0,alcool=0,comdrogas=0,ppl=0,pdres5=1  encerra2=2",19,1.44796905222437,0.115151515151515,0.0321489001692047,NA,NA,NA,NA,NA,NA,NA,NA
"3127","raca3=1,fxet3=1,alcool=0,comdrogas=0,ppl=0,pdres5=1  encerra2=2",18,1.21037660712254,0.0962566844919786,0.0304568527918782,NA,NA,NA,NA,NA,NA,NA,NA
"3128","raca3=1,hiv3=0,comtabagis=0,comdrogas=0,ppl=0,pdres5=1  encerra2=2",18,1.29337386018237,0.102857142857143,0.0304568527918782,NA,NA,NA,NA,NA,NA,NA,NA
"3129","raca3=1,fxet3=1,comtabagis=0,comdrogas=0,ppl=0,pdres5=1  encerra2=2",20,1.27014829142489,0.101010101010101,0.0338409475465313,NA,NA,NA,NA,NA,NA,NA,NA
"3130","raca3=1,fxet3=1,hiv3=0,comdrogas=0,ppl=0,pdres5=1  encerra2=2",19,1.26409996622763,0.100529100529101,0.0321489001692047,NA,NA,NA,NA,NA,NA,NA,NA
"3131","raca3=1,fxet3=1,comdrogas=0,ppl=0,pdres5=1,cavitacao=1  encerra2=2",19,1.2005773548594,0.0954773869346734,0.0321489001692047,NA,NA,NA,NA,NA,NA,NA,NA
"3132","fxet3=1,hiv3=0,alcool=0,comtabagis=0,ppl=0,bilateral=1  encerra2=2",18,1.4793491864831,0.117647058823529,0.0304568527918782,NA,NA,NA,NA,NA,NA,NA,NA
"3133","fxet3=1,hiv3=0,alcool=0,comtabagis=0,pdres5=1,bilateral=1  encerra2=2",18,1.4793491864831,0.117647058823529,0.0304568527918782,NA,NA,NA,NA,NA,NA,NA,NA
"3134","fxet3=1,hiv3=0,alcool=0,ppl=0,cavitacao=1,bilateral=1  encerra2=2",19,1.67073352179735,0.132867132867133,0.0321489001692047,NA,NA,NA,NA,NA,NA,NA,NA
"3135","fxet3=1,hiv3=0,alcool=0,pdres5=1,cavitacao=1,bilateral=1  encerra2=2",19,1.65913120567376,0.131944444444444,0.0321489001692047,NA,NA,NA,NA,NA,NA,NA,NA
"3136","hiv3=0,alcool=0,ppl=0,pdres5=1,cavitacao=1,bilateral=1  encerra2=2",19,1.53150572831424,0.121794871794872,0.0321489001692047,NA,NA,NA,NA,NA,NA,NA,NA
"3137","fxet3=1,hiv3=0,alcool=0,comdrogas=0,ppl=0,bilateral=1  encerra2=2",18,1.46974302293451,0.116883116883117,0.0304568527918782,NA,NA,NA,NA,NA,NA,NA,NA
"3138","fxet3=1,hiv3=0,alcool=0,comdrogas=0,pdres5=1,bilateral=1  encerra2=2",18,1.4793491864831,0.117647058823529,0.0304568527918782,NA,NA,NA,NA,NA,NA,NA,NA
"3139","hiv3=0,alcool=0,comdrogas=0,ppl=0,pdres5=1,bilateral=1  encerra2=2",19,1.38101094576313,0.109826589595376,0.0321489001692047,NA,NA,NA,NA,NA,NA,NA,NA
"3140","fxet3=1,hiv3=0,alcool=0,comdiab=0,ppl=0,bilateral=1  encerra2=2",18,1.59394665867546,0.126760563380282,0.0304568527918782,NA,NA,NA,NA,NA,NA,NA,NA
"3141","fxet3=1,hiv3=0,alcool=0,comdiab=0,pdres5=1,bilateral=1  encerra2=2",18,1.5502768872049,0.123287671232877,0.0304568527918782,NA,NA,NA,NA,NA,NA,NA,NA
"3142","hiv3=0,alcool=0,comdiab=0,ppl=0,pdres5=1,bilateral=1  encerra2=2",19,1.55139541309754,0.123376623376623,0.0321489001692047,NA,NA,NA,NA,NA,NA,NA,NA
"3143","fxet3=1,hiv3=0,alcool=0,ppl=0,pdres5=1,bilateral=1  encerra2=2",20,1.48810273196525,0.118343195266272,0.0338409475465313,NA,NA,NA,NA,NA,NA,NA,NA
"3144","fxet3=1,alcool=0,ppl=0,pdres5=1,cavitacao=1,bilateral=1  encerra2=2",22,1.52838838603503,0.121546961325967,0.0372250423011844,NA,NA,NA,NA,NA,NA,NA,NA
"3145","fxet3=1,alcool=0,comdiab=0,comdrogas=0,ppl=0,bilateral=1  encerra2=2",18,1.40584115237214,0.111801242236025,0.0304568527918782,NA,NA,NA,NA,NA,NA,NA,NA
"3146","alcool=0,comdiab=0,comdrogas=0,ppl=0,pdres5=1,bilateral=1  encerra2=2",19,1.37307410124725,0.109195402298851,0.0321489001692047,NA,NA,NA,NA,NA,NA,NA,NA
"3147","fxet3=1,hiv3=0,comdiab=0,comtabagis=0,ppl=0,bilateral=1  encerra2=2",18,1.50893617021277,0.12,0.0304568527918782,NA,NA,NA,NA,NA,NA,NA,NA
"3148","fxet3=1,hiv3=0,comdiab=0,comtabagis=0,pdres5=1,bilateral=1  encerra2=2",18,1.4793491864831,0.117647058823529,0.0304568527918782,NA,NA,NA,NA,NA,NA,NA,NA
"3149","hiv3=0,comdiab=0,comtabagis=0,ppl=0,pdres5=1,bilateral=1  encerra2=2",18,1.41462765957447,0.1125,0.0304568527918782,NA,NA,NA,NA,NA,NA,NA,NA
"3150","fxet3=1,hiv3=0,comtabagis=0,ppl=0,pdres5=1,bilateral=1  encerra2=2",21,1.47521692618566,0.11731843575419,0.0355329949238579,NA,NA,NA,NA,NA,NA,NA,NA
"3151","fxet3=1,comdiab=0,comtabagis=0,comdrogas=0,cavitacao=1,bilateral=1  encerra2=2",20,1.8628841607565,0.148148148148148,0.0338409475465313,NA,NA,NA,NA,NA,NA,NA,NA
"3152","comdiab=0,comtabagis=0,comdrogas=0,ppl=0,cavitacao=1,bilateral=1  encerra2=2",20,1.74645390070922,0.138888888888889,0.0338409475465313,NA,NA,NA,NA,NA,NA,NA,NA
"3153","comdiab=0,comtabagis=0,comdrogas=0,pdres5=1,cavitacao=1,bilateral=1  encerra2=2",20,1.75866686504984,0.13986013986014,0.0338409475465313,NA,NA,NA,NA,NA,NA,NA,NA
"3154","fxet3=1,comtabagis=0,comdrogas=0,ppl=0,cavitacao=1,bilateral=1  encerra2=2",24,1.81799538579851,0.144578313253012,0.0406091370558376,NA,NA,NA,NA,NA,NA,NA,NA
"3155","fxet3=1,comtabagis=0,comdrogas=0,pdres5=1,cavitacao=1,bilateral=1  encerra2=2",24,1.84016606123508,0.146341463414634,0.0406091370558376,NA,NA,NA,NA,NA,NA,NA,NA
"3156","comtabagis=0,comdrogas=0,ppl=0,pdres5=1,cavitacao=1,bilateral=1  encerra2=2",25,1.71782350889431,0.136612021857924,0.0423011844331641,NA,NA,NA,NA,NA,NA,NA,NA
"3157","fxet3=1,comdiab=0,comtabagis=0,ppl=0,cavitacao=1,bilateral=1  encerra2=2",22,1.69716747160945,0.134969325153374,0.0372250423011844,NA,NA,NA,NA,NA,NA,NA,NA
"3158","fxet3=1,comdiab=0,comtabagis=0,pdres5=1,cavitacao=1,bilateral=1  encerra2=2",22,1.70764381402679,0.135802469135802,0.0372250423011844,NA,NA,NA,NA,NA,NA,NA,NA
"3159","comdiab=0,comtabagis=0,ppl=0,pdres5=1,cavitacao=1,bilateral=1  encerra2=2",22,1.62728410513141,0.129411764705882,0.0372250423011844,NA,NA,NA,NA,NA,NA,NA,NA
"3160","fxet3=1,comtabagis=0,ppl=0,pdres5=1,cavitacao=1,bilateral=1  encerra2=2",26,1.70279255319149,0.135416666666667,0.0439932318104907,NA,NA,NA,NA,NA,NA,NA,NA
"3161","fxet3=1,comdiab=0,comtabagis=0,comdrogas=0,ppl=0,bilateral=1  encerra2=2",21,1.64014801110083,0.130434782608696,0.0355329949238579,NA,NA,NA,NA,NA,NA,NA,NA
"3162","fxet3=1,comdiab=0,comtabagis=0,comdrogas=0,pdres5=1,bilateral=1  encerra2=2",21,1.6200234956272,0.128834355828221,0.0355329949238579,NA,NA,NA,NA,NA,NA,NA,NA
"3163","comdiab=0,comtabagis=0,comdrogas=0,ppl=0,pdres5=1,bilateral=1  encerra2=2",21,1.52638051900135,0.121387283236994,0.0355329949238579,NA,NA,NA,NA,NA,NA,NA,NA
"3164","fxet3=1,comtabagis=0,comdrogas=0,ppl=0,pdres5=1,bilateral=1  encerra2=2",25,1.62042114498794,0.128865979381443,0.0423011844331641,NA,NA,NA,NA,NA,NA,NA,NA
"3165","fxet3=1,comdiab=0,comtabagis=0,ppl=0,pdres5=1,bilateral=1  encerra2=2",23,1.47557533651759,0.11734693877551,0.038917089678511,NA,NA,NA,NA,NA,NA,NA,NA
"3166","fxet3=1,comdiab=0,comdrogas=0,ppl=0,cavitacao=1,bilateral=1  encerra2=2",22,1.5629282365669,0.124293785310734,0.0372250423011844,NA,NA,NA,NA,NA,NA,NA,NA
"3167","fxet3=1,comdiab=0,comdrogas=0,pdres5=1,cavitacao=1,bilateral=1  encerra2=2",22,1.58079027355623,0.125714285714286,0.0372250423011844,NA,NA,NA,NA,NA,NA,NA,NA
"3168","comdiab=0,comdrogas=0,ppl=0,pdres5=1,cavitacao=1,bilateral=1  encerra2=2",22,1.4714803078316,0.117021276595745,0.0372250423011844,NA,NA,NA,NA,NA,NA,NA,NA
"3169","fxet3=1,comdrogas=0,ppl=0,pdres5=1,cavitacao=1,bilateral=1  encerra2=2",26,1.56428789575486,0.124401913875598,0.0439932318104907,NA,NA,NA,NA,NA,NA,NA,NA
"3170","fxet3=1,comdiab=0,comdrogas=0,ppl=0,pdres5=1,bilateral=1  encerra2=2",24,1.43027125138651,0.113744075829384,0.0406091370558376,NA,NA,NA,NA,NA,NA,NA,NA
"3171","hiv3=0,alcool=0,comtabagis=0,comdrogas=0,ppl=0,tipores3=1  encerra2=2",18,1.21037660712254,0.0962566844919786,0.0304568527918782,NA,NA,NA,NA,NA,NA,NA,NA
"3172","hiv3=0,alcool=0,comdiab=0,comdrogas=0,ppl=0,tipores3=1  encerra2=2",18,1.33929245876873,0.106508875739645,0.0304568527918782,NA,NA,NA,NA,NA,NA,NA,NA
"3173","hiv3=0,alcool=0,comdiab=0,comdrogas=0,pdres5=1,tipores3=1  encerra2=2",18,1.30832615914402,0.104046242774566,0.0304568527918782,NA,NA,NA,NA,NA,NA,NA,NA
"3174","hiv3=0,alcool=0,comdiab=0,ppl=0,pdres5=1,tipores3=1  encerra2=2",20,1.30984042553191,0.104166666666667,0.0338409475465313,NA,NA,NA,NA,NA,NA,NA,NA
"3175","fxet3=1,hiv3=0,alcool=0,comdiab=0,comtabagis=0,cavitacao=1  encerra2=2",18,1.32362821948488,0.105263157894737,0.0304568527918782,NA,NA,NA,NA,NA,NA,NA,NA
"3176","hiv3=0,alcool=0,comdiab=0,comtabagis=0,ppl=0,cavitacao=1  encerra2=2",18,1.30832615914402,0.104046242774566,0.0304568527918782,NA,NA,NA,NA,NA,NA,NA,NA
"3177","hiv3=0,alcool=0,comdiab=0,comtabagis=0,pdres5=1,cavitacao=1  encerra2=2",18,1.2715754243366,0.101123595505618,0.0304568527918782,NA,NA,NA,NA,NA,NA,NA,NA
"3178","fxet3=1,hiv3=0,alcool=0,comtabagis=0,ppl=0,cavitacao=1  encerra2=2",21,1.32031914893617,0.105,0.0355329949238579,NA,NA,NA,NA,NA,NA,NA,NA
"3179","fxet3=1,hiv3=0,alcool=0,comtabagis=0,pdres5=1,cavitacao=1  encerra2=2",21,1.29443053817272,0.102941176470588,0.0355329949238579,NA,NA,NA,NA,NA,NA,NA,NA
"3180","hiv3=0,alcool=0,comtabagis=0,ppl=0,pdres5=1,cavitacao=1  encerra2=2",21,1.23973629008091,0.0985915492957746,0.0355329949238579,NA,NA,NA,NA,NA,NA,NA,NA
"3181","fxet3=1,hiv3=0,alcool=0,comdiab=0,comtabagis=0,comdrogas=0  encerra2=2",20,1.30305368757579,0.103626943005181,0.0338409475465313,NA,NA,NA,NA,NA,NA,NA,NA
"3182","hiv3=0,alcool=0,comtabagis=0,comdrogas=0,ppl=0,pdres5=1  encerra2=2",25,1.22797539893617,0.09765625,0.0423011844331641,NA,NA,NA,NA,NA,NA,NA,NA
"3183","fxet3=1,hiv3=0,alcool=0,comdiab=0,comtabagis=0,ppl=0  encerra2=2",21,1.26346330041739,0.100478468899522,0.0355329949238579,NA,NA,NA,NA,NA,NA,NA,NA
"3184","fxet3=1,hiv3=0,alcool=0,comdiab=0,comtabagis=0,pdres5=1  encerra2=2",21,1.22820385947551,0.0976744186046512,0.0355329949238579,NA,NA,NA,NA,NA,NA,NA,NA
"3185","fxet3=1,hiv3=0,alcool=0,comtabagis=0,ppl=0,pdres5=1  encerra2=2",24,1.20714893617021,0.096,0.0406091370558376,NA,NA,NA,NA,NA,NA,NA,NA
"3186","fxet3=1,hiv3=0,alcool=0,comdiab=0,comdrogas=0,cavitacao=1  encerra2=2",18,1.33141426783479,0.105882352941176,0.0304568527918782,NA,NA,NA,NA,NA,NA,NA,NA
"3187","hiv3=0,alcool=0,comdiab=0,comdrogas=0,ppl=0,cavitacao=1  encerra2=2",19,1.33472007607274,0.106145251396648,0.0321489001692047,NA,NA,NA,NA,NA,NA,NA,NA
"3188","hiv3=0,alcool=0,comdiab=0,comdrogas=0,pdres5=1,cavitacao=1  encerra2=2",19,1.31271919569792,0.104395604395604,0.0321489001692047,NA,NA,NA,NA,NA,NA,NA,NA
"3189","fxet3=1,hiv3=0,alcool=0,comdrogas=0,ppl=0,cavitacao=1  encerra2=2",21,1.30724668211502,0.103960396039604,0.0355329949238579,NA,NA,NA,NA,NA,NA,NA,NA
"3190","fxet3=1,hiv3=0,alcool=0,comdrogas=0,pdres5=1,cavitacao=1  encerra2=2",21,1.28811624286456,0.102439024390244,0.0355329949238579,NA,NA,NA,NA,NA,NA,NA,NA
"3191","hiv3=0,alcool=0,comdrogas=0,ppl=0,pdres5=1,cavitacao=1  encerra2=2",22,1.25175700394724,0.0995475113122172,0.0372250423011844,NA,NA,NA,NA,NA,NA,NA,NA
"3192","fxet3=1,hiv3=0,alcool=0,comdiab=0,ppl=0,cavitacao=1  encerra2=2",20,1.32362821948488,0.105263157894737,0.0338409475465313,NA,NA,NA,NA,NA,NA,NA,NA
"3193","fxet3=1,hiv3=0,alcool=0,comdiab=0,pdres5=1,cavitacao=1  encerra2=2",20,1.27659574468085,0.101522842639594,0.0338409475465313,NA,NA,NA,NA,NA,NA,NA,NA
"3194","hiv3=0,alcool=0,comdiab=0,ppl=0,pdres5=1,cavitacao=1  encerra2=2",21,1.30724668211502,0.103960396039604,0.0355329949238579,NA,NA,NA,NA,NA,NA,NA,NA
"3195","fxet3=1,hiv3=0,alcool=0,ppl=0,pdres5=1,cavitacao=1  encerra2=2",23,1.28539007092199,0.102222222222222,0.038917089678511,NA,NA,NA,NA,NA,NA,NA,NA
"3196","hiv3=0,alcool=0,comdiab=0,comdrogas=0,ppl=0,pdres5=1  encerra2=2",24,1.3294591808042,0.105726872246696,0.0406091370558376,NA,NA,NA,NA,NA,NA,NA,NA
"3197","fxet3=1,alcool=0,comdiab=0,comdrogas=0,ppl=0,cavitacao=1  encerra2=2",20,1.20329838134989,0.0956937799043062,0.0338409475465313,NA,NA,NA,NA,NA,NA,NA,NA
"3198","hiv3=0,comdiab=0,comtabagis=0,ppl=0,pdres5=1,tipores3=1  encerra2=2",19,1.16543850544888,0.0926829268292683,0.0321489001692047,NA,NA,NA,NA,NA,NA,NA,NA
"3199","fxet3=1,comdiab=0,comdrogas=0,ppl=0,cavitacao=1,tipores3=1  encerra2=2",20,1.20329838134989,0.0956937799043062,0.0338409475465313,NA,NA,NA,NA,NA,NA,NA,NA
"3200","fxet3=1,hiv3=0,comdiab=0,comtabagis=0,comdrogas=0,ppl=0  encerra2=2",22,1.3048976314733,0.10377358490566,0.0372250423011844,NA,NA,NA,NA,NA,NA,NA,NA
"3201","fxet3=1,hiv3=0,comdiab=0,comtabagis=0,comdrogas=0,pdres5=1  encerra2=2",22,1.28668975754577,0.102325581395349,0.0372250423011844,NA,NA,NA,NA,NA,NA,NA,NA
"3202","hiv3=0,comdiab=0,comtabagis=0,comdrogas=0,ppl=0,pdres5=1  encerra2=2",23,1.27406504827069,0.101321585903084,0.038917089678511,NA,NA,NA,NA,NA,NA,NA,NA
"3203","fxet3=1,hiv3=0,comtabagis=0,comdrogas=0,ppl=0,pdres5=1  encerra2=2",26,1.27709441489362,0.1015625,0.0439932318104907,NA,NA,NA,NA,NA,NA,NA,NA
"3204","fxet3=1,hiv3=0,comdiab=0,comtabagis=0,ppl=0,pdres5=1  encerra2=2",24,1.19756838905775,0.0952380952380952,0.0406091370558376,NA,NA,NA,NA,NA,NA,NA,NA
"3205","fxet3=1,comdiab=0,comtabagis=0,comdrogas=0,ppl=0,cavitacao=1  encerra2=2",24,1.41022071982501,0.11214953271028,0.0406091370558376,NA,NA,NA,NA,NA,NA,NA,NA
"3206","raca3=1,escol4=1,comdrogas=0,cavitacao=1,bilateral=1,tipores3=1  encerra2=3",20,2.06174777603349,0.21978021978022,0.0338409475465313,NA,NA,NA,NA,NA,NA,NA,NA
"3207","raca3=1,escol4=1,comdrogas=0,ppl=0,bilateral=1,tipores3=1  encerra2=3",23,2.0746336996337,0.221153846153846,0.038917089678511,NA,NA,NA,NA,NA,NA,NA,NA
"3208","raca3=1,comdrogas=0,ppl=0,cavitacao=1,bilateral=1,tipores3=1  encerra2=3",22,1.66436251920123,0.17741935483871,0.0372250423011844,NA,NA,NA,NA,NA,NA,NA,NA
"3209","raca3=1,escol4=1,alcool=0,ppl=0,cavitacao=1,tipores3=1  encerra2=3",20,1.87619047619048,0.2,0.0338409475465313,NA,NA,NA,NA,NA,NA,NA,NA
"3210","raca3=1,escol4=1,comdrogas=0,ppl=0,cavitacao=1,tipores3=1  encerra2=3",25,1.89132104454685,0.201612903225806,0.0423011844331641,NA,NA,NA,NA,NA,NA,NA,NA
"3211","escol4=1,alcool=0,comtabagis=0,cavitacao=1,bilateral=1,tipores3=1  encerra2=3",18,1.98655462184874,0.211764705882353,0.0304568527918782,NA,NA,NA,NA,NA,NA,NA,NA
"3212","escol4=1,alcool=0,ppl=0,cavitacao=1,bilateral=1,tipores3=1  encerra2=3",22,2.02334267040149,0.215686274509804,0.0372250423011844,NA,NA,NA,NA,NA,NA,NA,NA
"3213","escol4=1,hiv3=0,alcool=0,ppl=0,cavitacao=1,bilateral=1  encerra2=3",19,1.98042328042328,0.211111111111111,0.0321489001692047,NA,NA,NA,NA,NA,NA,NA,NA
"3214","escol4=1,comtabagis=0,comdrogas=0,cavitacao=1,bilateral=1,tipores3=1  encerra2=3",20,2.10807918673087,0.224719101123595,0.0338409475465313,NA,NA,NA,NA,NA,NA,NA,NA
"3215","escol4=1,comtabagis=0,ppl=0,cavitacao=1,bilateral=1,tipores3=1  encerra2=3",23,2.01646639964397,0.214953271028037,0.038917089678511,NA,NA,NA,NA,NA,NA,NA,NA
"3216","escol4=1,comtabagis=0,comdrogas=0,ppl=0,bilateral=1,tipores3=1  encerra2=3",23,2.05487528344671,0.219047619047619,0.038917089678511,NA,NA,NA,NA,NA,NA,NA,NA
"3217","escol4=1,hiv3=0,comdrogas=0,cavitacao=1,bilateral=1,tipores3=1  encerra2=3",22,2.00369856680536,0.213592233009709,0.0372250423011844,NA,NA,NA,NA,NA,NA,NA,NA
"3218","escol4=1,comdrogas=0,ppl=0,cavitacao=1,bilateral=1,tipores3=1  encerra2=3",27,2.02628571428571,0.216,0.0456852791878173,NA,NA,NA,NA,NA,NA,NA,NA
"3219","escol4=1,comtabagis=0,comdrogas=0,ppl=0,cavitacao=1,bilateral=1  encerra2=3",23,2.0746336996337,0.221153846153846,0.038917089678511,NA,NA,NA,NA,NA,NA,NA,NA
"3220","escol4=1,hiv3=0,comdrogas=0,ppl=0,cavitacao=1,bilateral=1  encerra2=3",25,2.004477004477,0.213675213675214,0.0423011844331641,NA,NA,NA,NA,NA,NA,NA,NA
"3221","comtabagis=0,comdrogas=0,ppl=0,cavitacao=1,bilateral=1,tipores3=1  encerra2=3",23,1.46776805960479,0.156462585034014,0.038917089678511,NA,NA,NA,NA,NA,NA,NA,NA
"3222","hiv3=0,comdrogas=0,ppl=0,cavitacao=1,bilateral=1,tipores3=1  encerra2=3",24,1.47152194211018,0.156862745098039,0.0406091370558376,NA,NA,NA,NA,NA,NA,NA,NA
"3223","sexo2=1,alcool=0,comdiab=0,ppl=0,cavitacao=1,tipores3=1  encerra2=3",19,1.51049233252623,0.161016949152542,0.0321489001692047,NA,NA,NA,NA,NA,NA,NA,NA
"3224","hiv3=2,alcool=0,comdiab=0,comdrogas=0,ppl=0,cavitacao=1  encerra2=0",21,1.10016842478504,0.724137931034483,0.0355329949238579,NA,NA,NA,NA,NA,NA,NA,NA
"3225","hiv3=2,alcool=0,comdiab=0,comdrogas=0,pdres5=1,cavitacao=1  encerra2=0",22,1.11413881748072,0.733333333333333,0.0372250423011844,NA,NA,NA,NA,NA,NA,NA,NA
"3226","hiv3=2,alcool=0,comdiab=0,ppl=0,pdres5=1,cavitacao=1  encerra2=0",21,1.10016842478504,0.724137931034483,0.0355329949238579,NA,NA,NA,NA,NA,NA,NA,NA
"3227","hiv3=2,alcool=0,comdiab=0,comdrogas=0,ppl=0,pdres5=1  encerra2=0",28,1.11946962521986,0.736842105263158,0.0473773265651438,NA,NA,NA,NA,NA,NA,NA,NA
"3228","fxet3=1,comdiab=1,comtabagis=0,comdrogas=0,pdres5=1,bilateral=0  encerra2=0",18,1.36735218508997,0.9,0.0304568527918782,NA,NA,NA,NA,NA,NA,NA,NA
"3229","raca3=0,fxet3=1,hiv3=0,comdiab=1,comtabagis=0,comdrogas=0  encerra2=0",21,1.22711093533716,0.807692307692308,0.0355329949238579,NA,NA,NA,NA,NA,NA,NA,NA
"3230","mumigual=0,alcool=0,comdiab=1,comtabagis=0,pdres5=1,cavitacao=1  encerra2=0",23,1.12720789451862,0.741935483870968,0.038917089678511,NA,NA,NA,NA,NA,NA,NA,NA
"3231","fxet3=1,mumigual=0,alcool=0,comdiab=1,comtabagis=0,pdres5=1  encerra2=0",24,1.17621693341073,0.774193548387097,0.0406091370558376,NA,NA,NA,NA,NA,NA,NA,NA
"3232","fxet3=1,mumigual=0,alcool=0,comdiab=1,comdrogas=0,pdres5=1  encerra2=0",26,1.16180251020717,0.764705882352941,0.0439932318104907,NA,NA,NA,NA,NA,NA,NA,NA
"3233","fxet3=1,mumigual=0,comdiab=1,comtabagis=0,comdrogas=0,pdres5=1  encerra2=0",25,1.15096985276934,0.757575757575758,0.0423011844331641,NA,NA,NA,NA,NA,NA,NA,NA
"3234","sexo2=1,escol4=1,comdiab=1,comtabagis=0,comdrogas=0,pdres5=1  encerra2=0",18,1.18900190007824,0.782608695652174,0.0304568527918782,NA,NA,NA,NA,NA,NA,NA,NA
"3235","sexo2=1,fxet3=1,hiv3=0,alcool=0,comdiab=1,comdrogas=0  encerra2=0",21,1.27619537275064,0.84,0.0355329949238579,NA,NA,NA,NA,NA,NA,NA,NA
"3236","sexo2=1,fxet3=1,hiv3=0,comdiab=1,comtabagis=0,comdrogas=0  encerra2=0",20,1.16867708127348,0.769230769230769,0.0338409475465313,NA,NA,NA,NA,NA,NA,NA,NA
"3237","sexo2=1,hiv3=0,comdiab=1,comtabagis=0,comdrogas=0,pdres5=1  encerra2=0",23,1.16478149100257,0.766666666666667,0.038917089678511,NA,NA,NA,NA,NA,NA,NA,NA
"3238","sexo2=1,fxet3=1,comdiab=1,comtabagis=0,comdrogas=0,pdres5=1  encerra2=0",23,1.20494637000266,0.793103448275862,0.038917089678511,NA,NA,NA,NA,NA,NA,NA,NA
"3239","fxet3=1,hiv3=0,alcool=0,comdiab=1,comtabagis=0,pdres5=1  encerra2=0",35,1.20851834540781,0.795454545454545,0.0592216582064298,NA,NA,NA,NA,NA,NA,NA,NA
"3240","fxet3=1,hiv3=0,alcool=0,comdiab=1,comdrogas=0,pdres5=1  encerra2=0",38,1.22835420882787,0.808510638297872,0.0642978003384095,NA,NA,NA,NA,NA,NA,NA,NA
"3241","fxet3=1,hiv3=0,comdiab=1,comdrogas=0,pdres5=1,tipores3=1  encerra2=0",23,1.20494637000266,0.793103448275862,0.038917089678511,NA,NA,NA,NA,NA,NA,NA,NA
"3242","fxet3=1,hiv3=0,comdiab=1,comtabagis=0,comdrogas=0,pdres5=1  encerra2=0",37,1.19602909806924,0.787234042553192,0.0626057529610829,NA,NA,NA,NA,NA,NA,NA,NA
"3243","sexo2=1,fxet3=1,mumigual=0,hiv3=0,alcool=1,cavitacao=1  encerra2=1",18,2.51370510396975,0.391304347826087,0.0304568527918782,NA,NA,NA,NA,NA,NA,NA,NA
"3244","sexo2=1,mumigual=0,hiv3=0,alcool=1,pdres5=1,cavitacao=1  encerra2=1",19,2.54279891304348,0.395833333333333,0.0321489001692047,NA,NA,NA,NA,NA,NA,NA,NA
"3245","sexo2=1,fxet3=1,mumigual=0,hiv3=0,alcool=1,pdres5=1  encerra2=1",18,2.22366220735786,0.346153846153846,0.0304568527918782,NA,NA,NA,NA,NA,NA,NA,NA
"3246","sexo2=1,fxet3=1,mumigual=0,alcool=1,pdres5=1,cavitacao=1  encerra2=1",19,2.30291222313372,0.358490566037736,0.0321489001692047,NA,NA,NA,NA,NA,NA,NA,NA
"3247","fxet3=1,mumigual=0,hiv3=0,alcool=1,pdres5=1,cavitacao=1  encerra2=1",19,2.34719899665552,0.365384615384615,0.0321489001692047,NA,NA,NA,NA,NA,NA,NA,NA
"3248","raca3=1,fxet3=1,alcool=1,ppl=0,pdres5=1,bilateral=1  encerra2=1",18,1.83540372670807,0.285714285714286,0.0304568527918782,NA,NA,NA,NA,NA,NA,NA,NA
"3249","sexo2=1,raca3=1,fxet3=1,alcool=1,ppl=0,tipores3=1  encerra2=1",18,1.83540372670807,0.285714285714286,0.0304568527918782,NA,NA,NA,NA,NA,NA,NA,NA
"3250","sexo2=1,raca3=1,fxet3=1,alcool=1,pdres5=1,tipores3=1  encerra2=1",18,1.83540372670807,0.285714285714286,0.0304568527918782,NA,NA,NA,NA,NA,NA,NA,NA
"3251","sexo2=1,raca3=1,fxet3=1,alcool=1,pdres5=1,cavitacao=1  encerra2=1",18,1.80672554347826,0.28125,0.0304568527918782,NA,NA,NA,NA,NA,NA,NA,NA
"3252","raca3=1,fxet3=1,alcool=1,ppl=0,pdres5=1,tipores3=1  encerra2=1",20,1.73619271445358,0.27027027027027,0.0338409475465313,NA,NA,NA,NA,NA,NA,NA,NA
"3253","sexo2=1,fxet3=1,alcool=1,cavitacao=1,bilateral=1,tipores3=1  encerra2=1",18,2.14130434782609,0.333333333333333,0.0304568527918782,NA,NA,NA,NA,NA,NA,NA,NA
"3254","sexo2=1,alcool=1,ppl=0,cavitacao=1,bilateral=1,tipores3=1  encerra2=1",19,2.06871775976419,0.322033898305085,0.0321489001692047,NA,NA,NA,NA,NA,NA,NA,NA
"3255","sexo2=1,fxet3=1,alcool=1,ppl=0,bilateral=1,tipores3=1  encerra2=1",20,2.03933747412008,0.317460317460317,0.0338409475465313,NA,NA,NA,NA,NA,NA,NA,NA
"3256","sexo2=1,hiv3=0,alcool=1,ppl=0,cavitacao=1,bilateral=1  encerra2=1",18,1.95983787767133,0.305084745762712,0.0304568527918782,NA,NA,NA,NA,NA,NA,NA,NA
"3257","sexo2=1,hiv3=0,alcool=1,pdres5=1,cavitacao=1,bilateral=1  encerra2=1",18,1.95983787767133,0.305084745762712,0.0304568527918782,NA,NA,NA,NA,NA,NA,NA,NA
"3258","sexo2=1,fxet3=1,alcool=1,comdiab=0,cavitacao=1,bilateral=1  encerra2=1",19,1.90709918478261,0.296875,0.0321489001692047,NA,NA,NA,NA,NA,NA,NA,NA
"3259","sexo2=1,fxet3=1,alcool=1,ppl=0,cavitacao=1,bilateral=1  encerra2=1",20,1.94664031620553,0.303030303030303,0.0338409475465313,NA,NA,NA,NA,NA,NA,NA,NA
"3260","sexo2=1,fxet3=1,alcool=1,pdres5=1,cavitacao=1,bilateral=1  encerra2=1",20,1.91758598312784,0.298507462686567,0.0338409475465313,NA,NA,NA,NA,NA,NA,NA,NA
"3261","sexo2=1,alcool=1,ppl=0,pdres5=1,cavitacao=1,bilateral=1  encerra2=1",21,1.90003061849357,0.295774647887324,0.0355329949238579,NA,NA,NA,NA,NA,NA,NA,NA
"3262","sexo2=1,fxet3=1,alcool=1,comdiab=0,ppl=0,bilateral=1  encerra2=1",22,1.90981198589894,0.297297297297297,0.0372250423011844,NA,NA,NA,NA,NA,NA,NA,NA
"3263","sexo2=1,fxet3=1,alcool=1,comdiab=0,pdres5=1,bilateral=1  encerra2=1",22,1.88434782608696,0.293333333333333,0.0372250423011844,NA,NA,NA,NA,NA,NA,NA,NA
"3264","sexo2=1,fxet3=1,alcool=1,ppl=0,pdres5=1,bilateral=1  encerra2=1",23,1.91883116883117,0.298701298701299,0.038917089678511,NA,NA,NA,NA,NA,NA,NA,NA
"3265","fxet3=1,alcool=1,ppl=0,cavitacao=1,bilateral=1,tipores3=1  encerra2=1",19,1.90709918478261,0.296875,0.0321489001692047,NA,NA,NA,NA,NA,NA,NA,NA
"3266","fxet3=1,hiv3=0,alcool=1,ppl=0,cavitacao=1,bilateral=1  encerra2=1",18,1.80672554347826,0.28125,0.0304568527918782,NA,NA,NA,NA,NA,NA,NA,NA
"3267","fxet3=1,hiv3=0,alcool=1,pdres5=1,cavitacao=1,bilateral=1  encerra2=1",18,1.80672554347826,0.28125,0.0304568527918782,NA,NA,NA,NA,NA,NA,NA,NA
"3268","hiv3=0,alcool=1,ppl=0,pdres5=1,cavitacao=1,bilateral=1  encerra2=1",19,1.7949168797954,0.279411764705882,0.0321489001692047,NA,NA,NA,NA,NA,NA,NA,NA
"3269","fxet3=1,alcool=1,comdiab=0,ppl=0,pdres5=1,bilateral=1  encerra2=1",25,1.84595202398801,0.28735632183908,0.0423011844331641,NA,NA,NA,NA,NA,NA,NA,NA
"3270","sexo2=1,fxet3=1,hiv3=0,alcool=1,cavitacao=1,tipores3=1  encerra2=1",21,2.07541806020067,0.323076923076923,0.0355329949238579,NA,NA,NA,NA,NA,NA,NA,NA
"3271","sexo2=1,hiv3=0,alcool=1,pdres5=1,cavitacao=1,tipores3=1  encerra2=1",22,2.01894409937888,0.314285714285714,0.0372250423011844,NA,NA,NA,NA,NA,NA,NA,NA
"3272","sexo2=1,fxet3=1,hiv3=0,alcool=1,pdres5=1,tipores3=1  encerra2=1",22,1.811872909699,0.282051282051282,0.0372250423011844,NA,NA,NA,NA,NA,NA,NA,NA
"3273","sexo2=1,fxet3=1,alcool=1,ppl=0,cavitacao=1,tipores3=1  encerra2=1",24,1.97658862876254,0.307692307692308,0.0406091370558376,NA,NA,NA,NA,NA,NA,NA,NA
"3274","sexo2=1,fxet3=1,alcool=1,pdres5=1,cavitacao=1,tipores3=1  encerra2=1",24,1.97658862876254,0.307692307692308,0.0406091370558376,NA,NA,NA,NA,NA,NA,NA,NA
"3275","sexo2=1,alcool=1,ppl=0,pdres5=1,cavitacao=1,tipores3=1  encerra2=1",25,1.91187888198758,0.297619047619048,0.0423011844331641,NA,NA,NA,NA,NA,NA,NA,NA
"3276","sexo2=1,fxet3=1,alcool=1,ppl=0,pdres5=1,tipores3=1  encerra2=1",27,1.78809950694756,0.278350515463918,0.0456852791878173,NA,NA,NA,NA,NA,NA,NA,NA
"3277","sexo2=1,fxet3=1,hiv3=0,alcool=1,pdres5=1,cavitacao=1  encerra2=1",24,1.90338164251208,0.296296296296296,0.0406091370558376,NA,NA,NA,NA,NA,NA,NA,NA
"3278","fxet3=1,hiv3=0,alcool=1,pdres5=1,cavitacao=1,tipores3=1  encerra2=1",21,1.84797498511018,0.287671232876712,0.0355329949238579,NA,NA,NA,NA,NA,NA,NA,NA
"3279","fxet3=1,alcool=1,ppl=0,pdres5=1,cavitacao=1,tipores3=1  encerra2=1",25,1.78442028985507,0.277777777777778,0.0423011844331641,NA,NA,NA,NA,NA,NA,NA,NA
"3280","raca3=1,fxet3=1,comdiab=0,comtabagis=0,pdres5=1,bilateral=0  encerra2=1",19,1.41923660262892,0.22093023255814,0.0321489001692047,NA,NA,NA,NA,NA,NA,NA,NA
"3281","fxet3=1,escol4=1,alcool=0,comdiab=0,comtabagis=0,bilateral=0  encerra2=1",22,2.07832480818414,0.323529411764706,0.0372250423011844,NA,NA,NA,NA,NA,NA,NA,NA
"3282","escol4=1,alcool=0,comdiab=0,comtabagis=0,pdres5=1,bilateral=0  encerra2=1",22,2.04820415879017,0.318840579710145,0.0372250423011844,NA,NA,NA,NA,NA,NA,NA,NA
"3283","fxet3=1,escol4=1,alcool=0,comtabagis=0,pdres5=1,bilateral=0  encerra2=1",22,1.76657608695652,0.275,0.0372250423011844,NA,NA,NA,NA,NA,NA,NA,NA
"3284","fxet3=1,escol4=1,alcool=0,comdiab=0,pdres5=1,bilateral=0  encerra2=1",24,2.00225861095426,0.311688311688312,0.0406091370558376,NA,NA,NA,NA,NA,NA,NA,NA
"3285","fxet3=1,escol4=1,comtabagis=0,pdres5=1,bilateral=0,tipores3=1  encerra2=1",18,1.62859767299449,0.253521126760563,0.0304568527918782,NA,NA,NA,NA,NA,NA,NA,NA
"3286","fxet3=1,escol4=1,comdiab=0,comtabagis=0,pdres5=1,bilateral=0  encerra2=1",24,1.88016967126193,0.292682926829268,0.0406091370558376,NA,NA,NA,NA,NA,NA,NA,NA
"3287","sexo2=1,fxet3=1,alcool=0,comdiab=0,pdres5=1,bilateral=0  encerra2=1",18,1.72582738481506,0.26865671641791,0.0304568527918782,NA,NA,NA,NA,NA,NA,NA,NA
"3288","sexo2=1,fxet3=1,comtabagis=0,pdres5=1,bilateral=0,tipores3=1  encerra2=1",19,1.93737060041408,0.301587301587302,0.0321489001692047,NA,NA,NA,NA,NA,NA,NA,NA
"3289","sexo2=1,fxet3=1,comdrogas=0,pdres5=1,bilateral=0,tipores3=1  encerra2=1",18,1.80672554347826,0.28125,0.0304568527918782,NA,NA,NA,NA,NA,NA,NA,NA
"3290","sexo2=1,fxet3=1,comdiab=0,comtabagis=0,pdres5=1,bilateral=0  encerra2=1",20,1.64715719063545,0.256410256410256,0.0338409475465313,NA,NA,NA,NA,NA,NA,NA,NA
"3291","fxet3=1,alcool=0,comdiab=0,comtabagis=0,bilateral=0,tipores3=1  encerra2=1",18,1.44538043478261,0.225,0.0304568527918782,NA,NA,NA,NA,NA,NA,NA,NA
"3292","alcool=0,comdiab=0,comtabagis=0,pdres5=1,bilateral=0,tipores3=1  encerra2=1",18,1.39313776846516,0.216867469879518,0.0304568527918782,NA,NA,NA,NA,NA,NA,NA,NA
"3293","fxet3=1,alcool=0,comdiab=0,pdres5=1,bilateral=0,tipores3=1  encerra2=1",18,1.34453993933266,0.209302325581395,0.0304568527918782,NA,NA,NA,NA,NA,NA,NA,NA
"3294","alcool=0,comdiab=0,comtabagis=0,pdres5=1,cavitacao=1,bilateral=0  encerra2=1",18,1.36035805626598,0.211764705882353,0.0304568527918782,NA,NA,NA,NA,NA,NA,NA,NA
"3295","fxet3=1,alcool=0,comdiab=0,comtabagis=0,pdres5=1,bilateral=0  encerra2=1",25,1.384464017991,0.21551724137931,0.0423011844331641,NA,NA,NA,NA,NA,NA,NA,NA
"3296","fxet3=1,comdiab=0,comtabagis=0,pdres5=1,bilateral=0,tipores3=1  encerra2=1",22,1.45696996862394,0.22680412371134,0.0372250423011844,NA,NA,NA,NA,NA,NA,NA,NA
"3297","sexo2=1,raca3=0,fxet3=1,escol4=1,comdiab=0,pdres5=1  encerra2=1",19,1.6493830787309,0.256756756756757,0.0321489001692047,NA,NA,NA,NA,NA,NA,NA,NA
"3298","escol4=1,mumigual=1,comdiab=0,ppl=0,bilateral=1,tipores3=1  encerra2=1",18,1.27066411849021,0.197802197802198,0.0304568527918782,NA,NA,NA,NA,NA,NA,NA,NA
"3299","fxet3=1,escol4=1,mumigual=1,ppl=0,bilateral=1,tipores3=1  encerra2=1",18,1.34453993933266,0.209302325581395,0.0304568527918782,NA,NA,NA,NA,NA,NA,NA,NA
"3300","fxet3=1,escol4=1,mumigual=1,pdres5=1,bilateral=1,tipores3=1  encerra2=1",18,1.29921836834392,0.202247191011236,0.0304568527918782,NA,NA,NA,NA,NA,NA,NA,NA
"3301","sexo2=1,fxet3=1,escol4=1,mumigual=1,comdiab=0,tipores3=1  encerra2=1",20,1.45998023715415,0.227272727272727,0.0338409475465313,NA,NA,NA,NA,NA,NA,NA,NA
"3302","sexo2=1,escol4=1,mumigual=1,comdiab=0,ppl=0,tipores3=1  encerra2=1",19,1.32667769376181,0.206521739130435,0.0321489001692047,NA,NA,NA,NA,NA,NA,NA,NA
"3303","sexo2=1,escol4=1,mumigual=1,comdiab=0,pdres5=1,tipores3=1  encerra2=1",20,1.32451815329449,0.206185567010309,0.0338409475465313,NA,NA,NA,NA,NA,NA,NA,NA
"3304","sexo2=1,fxet3=1,escol4=1,mumigual=1,ppl=0,tipores3=1  encerra2=1",19,1.37139716658525,0.213483146067416,0.0321489001692047,NA,NA,NA,NA,NA,NA,NA,NA
"3305","sexo2=1,fxet3=1,escol4=1,mumigual=1,pdres5=1,tipores3=1  encerra2=1",20,1.36679000925069,0.212765957446809,0.0338409475465313,NA,NA,NA,NA,NA,NA,NA,NA
"3306","sexo2=1,fxet3=1,escol4=1,mumigual=1,comdiab=0,ppl=0  encerra2=1",21,1.40523097826087,0.21875,0.0355329949238579,NA,NA,NA,NA,NA,NA,NA,NA
"3307","sexo2=1,fxet3=1,escol4=1,mumigual=1,comdiab=0,pdres5=1  encerra2=1",22,1.38554987212276,0.215686274509804,0.0372250423011844,NA,NA,NA,NA,NA,NA,NA,NA
"3308","fxet3=1,escol4=1,mumigual=1,alcool=0,comdiab=0,pdres5=1  encerra2=1",18,1.37655279503106,0.214285714285714,0.0304568527918782,NA,NA,NA,NA,NA,NA,NA,NA
"3309","fxet3=1,escol4=1,mumigual=1,comdiab=0,comtabagis=0,tipores3=1  encerra2=1",19,1.43593350383632,0.223529411764706,0.0321489001692047,NA,NA,NA,NA,NA,NA,NA,NA
"3310","escol4=1,mumigual=1,comdiab=0,comtabagis=0,ppl=0,tipores3=1  encerra2=1",18,1.31398221343874,0.204545454545455,0.0304568527918782,NA,NA,NA,NA,NA,NA,NA,NA
"3311","escol4=1,mumigual=1,comdiab=0,comtabagis=0,pdres5=1,tipores3=1  encerra2=1",19,1.34125656951744,0.208791208791209,0.0321489001692047,NA,NA,NA,NA,NA,NA,NA,NA
"3312","fxet3=1,escol4=1,mumigual=1,comdiab=0,ppl=0,tipores3=1  encerra2=1",25,1.39650283553875,0.217391304347826,0.0423011844331641,NA,NA,NA,NA,NA,NA,NA,NA
"3313","fxet3=1,escol4=1,mumigual=1,comdiab=0,pdres5=1,tipores3=1  encerra2=1",26,1.40354402630617,0.218487394957983,0.0439932318104907,NA,NA,NA,NA,NA,NA,NA,NA
"3314","escol4=1,mumigual=1,comdiab=0,ppl=0,pdres5=1,tipores3=1  encerra2=1",25,1.27458592132505,0.198412698412698,0.0423011844331641,NA,NA,NA,NA,NA,NA,NA,NA
"3315","fxet3=1,escol4=1,mumigual=1,ppl=0,pdres5=1,tipores3=1  encerra2=1",25,1.30567338282078,0.203252032520325,0.0423011844331641,NA,NA,NA,NA,NA,NA,NA,NA
"3316","fxet3=1,escol4=1,mumigual=1,comdiab=0,ppl=0,pdres5=1  encerra2=1",28,1.38361204013378,0.215384615384615,0.0473773265651438,NA,NA,NA,NA,NA,NA,NA,NA
"3317","raca3=1,escol4=1,mumigual=0,comdiab=0,comtabagis=0,cavitacao=1  encerra2=1",18,1.60597826086957,0.25,0.0304568527918782,NA,NA,NA,NA,NA,NA,NA,NA
"3318","raca3=1,fxet3=1,escol4=1,mumigual=0,comtabagis=0,cavitacao=1  encerra2=1",20,1.56680805938494,0.24390243902439,0.0338409475465313,NA,NA,NA,NA,NA,NA,NA,NA
"3319","raca3=1,escol4=1,mumigual=0,hiv3=0,pdres5=1,cavitacao=1  encerra2=1",19,1.43593350383632,0.223529411764706,0.0321489001692047,NA,NA,NA,NA,NA,NA,NA,NA
"3320","raca3=1,fxet3=1,escol4=1,mumigual=0,hiv3=0,pdres5=1  encerra2=1",20,1.38148667601683,0.21505376344086,0.0338409475465313,NA,NA,NA,NA,NA,NA,NA,NA
"3321","raca3=1,fxet3=1,escol4=1,mumigual=0,comdiab=0,cavitacao=1  encerra2=1",23,1.55526315789474,0.242105263157895,0.038917089678511,NA,NA,NA,NA,NA,NA,NA,NA
"3322","sexo2=1,raca3=1,fxet3=1,mumigual=0,cavitacao=1,tipores3=1  encerra2=1",21,1.55059970014993,0.241379310344828,0.0355329949238579,NA,NA,NA,NA,NA,NA,NA,NA
"3323","sexo2=1,raca3=1,fxet3=1,mumigual=0,comdiab=0,comtabagis=0  encerra2=1",18,1.41012725344645,0.219512195121951,0.0304568527918782,NA,NA,NA,NA,NA,NA,NA,NA
"3324","sexo2=1,raca3=1,fxet3=1,mumigual=0,comdiab=0,cavitacao=1  encerra2=1",23,1.52319587628866,0.237113402061856,0.038917089678511,NA,NA,NA,NA,NA,NA,NA,NA
"3325","raca3=1,fxet3=1,mumigual=0,pdres5=1,cavitacao=1,tipores3=1  encerra2=1",27,1.50822306238185,0.234782608695652,0.0456852791878173,NA,NA,NA,NA,NA,NA,NA,NA
"3326","mumigual=0,ppl=0,pdres5=1,cavitacao=1,bilateral=1,tipores3=1  encerra2=1",24,1.2955791012057,0.201680672268908,0.0406091370558376,NA,NA,NA,NA,NA,NA,NA,NA
"3327","mumigual=0,comdiab=0,ppl=0,pdres5=1,bilateral=1,tipores3=1  encerra2=1",20,1.13697575990766,0.176991150442478,0.0338409475465313,NA,NA,NA,NA,NA,NA,NA,NA
"3328","sexo2=1,fxet3=1,escol4=1,mumigual=0,comtabagis=0,pdres5=1  encerra2=1",18,1.52145308924485,0.236842105263158,0.0304568527918782,NA,NA,NA,NA,NA,NA,NA,NA
"3329","sexo2=1,escol4=1,mumigual=0,hiv3=0,pdres5=1,cavitacao=1  encerra2=1",20,1.54793085385018,0.240963855421687,0.0338409475465313,NA,NA,NA,NA,NA,NA,NA,NA
"3330","fxet3=1,escol4=1,mumigual=0,alcool=0,comdiab=0,comtabagis=0  encerra2=1",20,1.4767616191904,0.229885057471264,0.0338409475465313,NA,NA,NA,NA,NA,NA,NA,NA
"3331","fxet3=1,escol4=1,mumigual=0,comdiab=0,comtabagis=0,cavitacao=1  encerra2=1",21,1.49891304347826,0.233333333333333,0.0355329949238579,NA,NA,NA,NA,NA,NA,NA,NA
"3332","fxet3=1,escol4=1,mumigual=0,comtabagis=0,pdres5=1,cavitacao=1  encerra2=1",23,1.40714285714286,0.219047619047619,0.038917089678511,NA,NA,NA,NA,NA,NA,NA,NA
"3333","fxet3=1,escol4=1,mumigual=0,comdiab=0,comtabagis=0,comdrogas=0  encerra2=1",19,1.47053431115767,0.228915662650602,0.0321489001692047,NA,NA,NA,NA,NA,NA,NA,NA
"3334","sexo2=1,mumigual=0,comtabagis=0,pdres5=1,cavitacao=1,tipores3=1  encerra2=1",21,1.55059970014993,0.241379310344828,0.0355329949238579,NA,NA,NA,NA,NA,NA,NA,NA
"3335","sexo2=1,fxet3=1,mumigual=0,comtabagis=0,pdres5=1,tipores3=1  encerra2=1",24,1.60597826086957,0.25,0.0406091370558376,NA,NA,NA,NA,NA,NA,NA,NA
"3336","sexo2=1,mumigual=0,hiv3=0,ppl=0,cavitacao=1,tipores3=1  encerra2=1",23,1.58870967741935,0.247311827956989,0.038917089678511,NA,NA,NA,NA,NA,NA,NA,NA
"3337","sexo2=1,mumigual=0,hiv3=0,pdres5=1,cavitacao=1,tipores3=1  encerra2=1",24,1.60597826086957,0.25,0.0406091370558376,NA,NA,NA,NA,NA,NA,NA,NA
"3338","sexo2=1,fxet3=1,mumigual=0,hiv3=0,comdrogas=0,tipores3=1  encerra2=1",20,1.56680805938494,0.24390243902439,0.0338409475465313,NA,NA,NA,NA,NA,NA,NA,NA
"3339","sexo2=1,fxet3=1,mumigual=0,hiv3=0,pdres5=1,tipores3=1  encerra2=1",26,1.59068322981366,0.247619047619048,0.0439932318104907,NA,NA,NA,NA,NA,NA,NA,NA
"3340","sexo2=1,mumigual=0,hiv3=0,ppl=0,pdres5=1,tipores3=1  encerra2=1",26,1.53230953330674,0.238532110091743,0.0439932318104907,NA,NA,NA,NA,NA,NA,NA,NA
"3341","sexo2=1,fxet3=1,mumigual=0,pdres5=1,cavitacao=1,tipores3=1  encerra2=1",28,1.52431834929993,0.23728813559322,0.0473773265651438,NA,NA,NA,NA,NA,NA,NA,NA
"3342","sexo2=1,fxet3=1,mumigual=0,comdrogas=0,pdres5=1,tipores3=1  encerra2=1",24,1.51150895140665,0.235294117647059,0.0406091370558376,NA,NA,NA,NA,NA,NA,NA,NA
"3343","sexo2=1,fxet3=1,mumigual=0,hiv3=0,comdiab=0,cavitacao=1  encerra2=1",26,1.49126552795031,0.232142857142857,0.0439932318104907,NA,NA,NA,NA,NA,NA,NA,NA
"3344","sexo2=1,mumigual=0,hiv3=0,comdiab=0,pdres5=1,cavitacao=1  encerra2=1",27,1.50822306238185,0.234782608695652,0.0456852791878173,NA,NA,NA,NA,NA,NA,NA,NA
"3345","sexo2=1,fxet3=1,mumigual=0,hiv3=0,comdiab=0,pdres5=1  encerra2=1",28,1.37305011616329,0.213740458015267,0.0473773265651438,NA,NA,NA,NA,NA,NA,NA,NA
"3346","mumigual=0,hiv3=0,comdiab=0,comtabagis=0,cavitacao=1,tipores3=1  encerra2=1",19,1.32667769376181,0.206521739130435,0.0321489001692047,NA,NA,NA,NA,NA,NA,NA,NA
"3347","mumigual=0,hiv3=0,comdiab=0,comtabagis=0,pdres5=1,tipores3=1  encerra2=1",21,1.19382454790304,0.185840707964602,0.0355329949238579,NA,NA,NA,NA,NA,NA,NA,NA
"3348","fxet3=1,mumigual=0,comdiab=0,comtabagis=0,cavitacao=1,tipores3=1  encerra2=1",24,1.32908545727136,0.206896551724138,0.0406091370558376,NA,NA,NA,NA,NA,NA,NA,NA
"3349","mumigual=0,comdiab=0,comtabagis=0,pdres5=1,cavitacao=1,tipores3=1  encerra2=1",24,1.31772575250836,0.205128205128205,0.0406091370558376,NA,NA,NA,NA,NA,NA,NA,NA
"3350","fxet3=1,mumigual=0,comdiab=0,comtabagis=0,pdres5=1,tipores3=1  encerra2=1",27,1.24781044729434,0.194244604316547,0.0456852791878173,NA,NA,NA,NA,NA,NA,NA,NA
"3351","fxet3=1,mumigual=0,hiv3=0,comdiab=0,cavitacao=1,tipores3=1  encerra2=1",25,1.30567338282078,0.203252032520325,0.0423011844331641,NA,NA,NA,NA,NA,NA,NA,NA
"3352","mumigual=0,hiv3=0,comdiab=0,pdres5=1,cavitacao=1,tipores3=1  encerra2=1",25,1.29514375876578,0.201612903225806,0.0423011844331641,NA,NA,NA,NA,NA,NA,NA,NA
"3353","raca3=1,fxet3=1,escol4=1,ppl=0,cavitacao=1,bilateral=1  encerra2=1",23,1.29605263157895,0.201754385964912,0.038917089678511,NA,NA,NA,NA,NA,NA,NA,NA
"3354","sexo2=1,raca3=1,comdiab=0,cavitacao=1,bilateral=1,tipores3=1  encerra2=1",19,1.29845050878816,0.202127659574468,0.0321489001692047,NA,NA,NA,NA,NA,NA,NA,NA
"3355","sexo2=1,raca3=1,fxet3=1,cavitacao=1,bilateral=1,tipores3=1  encerra2=1",20,1.36679000925069,0.212765957446809,0.0338409475465313,NA,NA,NA,NA,NA,NA,NA,NA
"3356","sexo2=1,raca3=1,ppl=0,cavitacao=1,bilateral=1,tipores3=1  encerra2=1",20,1.31100266193434,0.204081632653061,0.0338409475465313,NA,NA,NA,NA,NA,NA,NA,NA
"3357","sexo2=1,raca3=1,pdres5=1,cavitacao=1,bilateral=1,tipores3=1  encerra2=1",20,1.27206198880758,0.198019801980198,0.0338409475465313,NA,NA,NA,NA,NA,NA,NA,NA
"3358","sexo2=1,raca3=1,fxet3=1,comdiab=0,bilateral=1,tipores3=1  encerra2=1",22,1.34596273291925,0.20952380952381,0.0372250423011844,NA,NA,NA,NA,NA,NA,NA,NA
"3359","sexo2=1,raca3=1,comdiab=0,ppl=0,bilateral=1,tipores3=1  encerra2=1",22,1.32080455099553,0.205607476635514,0.0372250423011844,NA,NA,NA,NA,NA,NA,NA,NA
"3360","sexo2=1,raca3=1,comdiab=0,pdres5=1,bilateral=1,tipores3=1  encerra2=1",22,1.28478260869565,0.2,0.0372250423011844,NA,NA,NA,NA,NA,NA,NA,NA
"3361","sexo2=1,raca3=1,fxet3=1,ppl=0,bilateral=1,tipores3=1  encerra2=1",23,1.38084112149533,0.214953271028037,0.038917089678511,NA,NA,NA,NA,NA,NA,NA,NA
"3362","sexo2=1,raca3=1,ppl=0,pdres5=1,bilateral=1,tipores3=1  encerra2=1",23,1.27370689655172,0.198275862068966,0.038917089678511,NA,NA,NA,NA,NA,NA,NA,NA
"3363","sexo2=1,raca3=1,fxet3=1,comdiab=0,cavitacao=1,bilateral=1  encerra2=1",21,1.29713628762542,0.201923076923077,0.0355329949238579,NA,NA,NA,NA,NA,NA,NA,NA
"3364","sexo2=1,raca3=1,comdiab=0,ppl=0,cavitacao=1,bilateral=1  encerra2=1",21,1.28478260869565,0.2,0.0355329949238579,NA,NA,NA,NA,NA,NA,NA,NA
"3365","sexo2=1,raca3=1,fxet3=1,ppl=0,cavitacao=1,bilateral=1  encerra2=1",22,1.30857487922705,0.203703703703704,0.0372250423011844,NA,NA,NA,NA,NA,NA,NA,NA
"3366","sexo2=1,raca3=1,fxet3=1,comdiab=0,ppl=0,bilateral=1  encerra2=1",24,1.30655858511422,0.203389830508475,0.0406091370558376,NA,NA,NA,NA,NA,NA,NA,NA
"3367","raca3=1,comdiab=0,ppl=0,cavitacao=1,bilateral=1,tipores3=1  encerra2=1",24,1.17690009956854,0.183206106870229,0.0406091370558376,NA,NA,NA,NA,NA,NA,NA,NA
"3368","raca3=1,comdiab=0,pdres5=1,cavitacao=1,bilateral=1,tipores3=1  encerra2=1",24,1.1505515898767,0.17910447761194,0.0406091370558376,NA,NA,NA,NA,NA,NA,NA,NA
"3369","raca3=1,fxet3=1,ppl=0,cavitacao=1,bilateral=1,tipores3=1  encerra2=1",27,1.26602665820374,0.197080291970803,0.0456852791878173,NA,NA,NA,NA,NA,NA,NA,NA
"3370","raca3=1,fxet3=1,pdres5=1,cavitacao=1,bilateral=1,tipores3=1  encerra2=1",27,1.24781044729434,0.194244604316547,0.0456852791878173,NA,NA,NA,NA,NA,NA,NA,NA
"3371","raca3=1,ppl=0,pdres5=1,cavitacao=1,bilateral=1,tipores3=1  encerra2=1",27,1.17193008225617,0.182432432432432,0.0456852791878173,NA,NA,NA,NA,NA,NA,NA,NA
"3372","raca3=1,comdiab=0,ppl=0,pdres5=1,bilateral=1,tipores3=1  encerra2=1",28,1.15301003344482,0.179487179487179,0.0473773265651438,NA,NA,NA,NA,NA,NA,NA,NA
"3373","raca3=1,fxet3=1,ppl=0,pdres5=1,bilateral=1,tipores3=1  encerra2=1",31,1.23690251147718,0.192546583850932,0.0524534686971235,NA,NA,NA,NA,NA,NA,NA,NA
"3374","sexo2=1,raca3=1,fxet3=1,comdiab=0,comtabagis=0,tipores3=1  encerra2=1",26,1.42753623188406,0.222222222222222,0.0439932318104907,NA,NA,NA,NA,NA,NA,NA,NA
"3375","sexo2=1,raca3=1,comdiab=0,comtabagis=0,pdres5=1,tipores3=1  encerra2=1",26,1.33617391304348,0.208,0.0439932318104907,NA,NA,NA,NA,NA,NA,NA,NA
"3376","sexo2=1,raca3=1,fxet3=1,comdiab=0,ppl=0,tipores3=1  encerra2=1",31,1.33651882112635,0.208053691275168,0.0524534686971235,NA,NA,NA,NA,NA,NA,NA,NA
"3377","raca3=1,fxet3=1,comdiab=0,comtabagis=0,pdres5=1,tipores3=1  encerra2=1",33,1.25437355286854,0.195266272189349,0.0558375634517767,NA,NA,NA,NA,NA,NA,NA,NA
"3378","fxet3=1,comdiab=0,ppl=0,cavitacao=1,bilateral=1,tipores3=1  encerra2=1",34,1.15562456866805,0.17989417989418,0.0575296108291032,NA,NA,NA,NA,NA,NA,NA,NA
"3379","comdiab=0,ppl=0,pdres5=1,cavitacao=1,bilateral=1,tipores3=1  encerra2=1",34,1.10309617918314,0.171717171717172,0.0575296108291032,NA,NA,NA,NA,NA,NA,NA,NA
"3380","fxet3=1,ppl=0,pdres5=1,cavitacao=1,bilateral=1,tipores3=1  encerra2=1",38,1.15691324953637,0.180094786729858,0.0642978003384095,NA,NA,NA,NA,NA,NA,NA,NA
"3381","sexo2=1,fxet3=1,escol4=1,comdiab=0,comtabagis=0,tipores3=1  encerra2=1",28,1.51150895140665,0.235294117647059,0.0473773265651438,NA,NA,NA,NA,NA,NA,NA,NA
"3382","sexo2=1,escol4=1,comdiab=0,comtabagis=0,pdres5=1,tipores3=1  encerra2=1",28,1.42753623188406,0.222222222222222,0.0473773265651438,NA,NA,NA,NA,NA,NA,NA,NA
"3383","sexo2=1,fxet3=1,escol4=1,comtabagis=0,pdres5=1,tipores3=1  encerra2=1",30,1.52950310559006,0.238095238095238,0.050761421319797,NA,NA,NA,NA,NA,NA,NA,NA
"3384","sexo2=1,fxet3=1,escol4=1,comdiab=0,comtabagis=0,pdres5=1  encerra2=1",32,1.47888645605255,0.23021582733813,0.0541455160744501,NA,NA,NA,NA,NA,NA,NA,NA
"3385","fxet3=1,escol4=1,alcool=0,comdiab=0,comtabagis=0,pdres5=1  encerra2=1",35,1.45056100981767,0.225806451612903,0.0592216582064298,NA,NA,NA,NA,NA,NA,NA,NA
"3386","raca3=1,escol4=1,hiv3=0,comdiab=0,comtabagis=0,comdrogas=1  encerra2=0",19,1.11024322720981,0.730769230769231,0.0321489001692047,NA,NA,NA,NA,NA,NA,NA,NA
"3387","sexo2=0,alcool=0,comdiab=0,comdrogas=0,cavitacao=0,tipores3=1  encerra2=0",19,1.20276349614396,0.791666666666667,0.0321489001692047,NA,NA,NA,NA,NA,NA,NA,NA
"3388","sexo2=0,fxet3=1,alcool=0,comdrogas=0,cavitacao=0,tipores3=1  encerra2=0",21,1.27619537275064,0.84,0.0355329949238579,NA,NA,NA,NA,NA,NA,NA,NA
"3389","sexo2=0,alcool=0,comdiab=0,comtabagis=0,comdrogas=0,cavitacao=0  encerra2=0",21,1.18166238217652,0.777777777777778,0.0355329949238579,NA,NA,NA,NA,NA,NA,NA,NA
"3390","sexo2=0,fxet3=1,alcool=0,comtabagis=0,comdrogas=0,cavitacao=0  encerra2=0",25,1.26606683804627,0.833333333333333,0.0423011844331641,NA,NA,NA,NA,NA,NA,NA,NA
"3391","raca3=0,alcool=0,comdiab=0,comdrogas=0,ppl=0,cavitacao=0  encerra2=0",24,1.21542416452442,0.8,0.0406091370558376,NA,NA,NA,NA,NA,NA,NA,NA
"3392","raca3=0,fxet3=1,alcool=0,comdrogas=0,ppl=0,cavitacao=0  encerra2=0",29,1.25883217040029,0.828571428571429,0.0490693739424704,NA,NA,NA,NA,NA,NA,NA,NA
"3393","raca3=0,comdiab=0,comtabagis=0,comdrogas=0,ppl=0,cavitacao=0  encerra2=0",21,1.22711093533716,0.807692307692308,0.0355329949238579,NA,NA,NA,NA,NA,NA,NA,NA
"3394","raca3=0,fxet3=1,comtabagis=0,comdrogas=0,ppl=0,cavitacao=0  encerra2=0",25,1.26606683804627,0.833333333333333,0.0423011844331641,NA,NA,NA,NA,NA,NA,NA,NA
"3395","raca3=0,fxet3=1,hiv3=0,comdiab=0,comdrogas=0,cavitacao=0  encerra2=0",20,1.38116382332321,0.909090909090909,0.0338409475465313,NA,NA,NA,NA,NA,NA,NA,NA
"3396","mumigual=1,alcool=0,comtabagis=0,comdrogas=0,cavitacao=0,bilateral=1  encerra2=0",22,1.33696658097686,0.88,0.0372250423011844,NA,NA,NA,NA,NA,NA,NA,NA
"3397","fxet3=1,mumigual=1,alcool=0,comdrogas=0,cavitacao=0,bilateral=1  encerra2=0",24,1.40241249752818,0.923076923076923,0.0406091370558376,NA,NA,NA,NA,NA,NA,NA,NA
"3398","fxet3=1,mumigual=1,comtabagis=0,comdrogas=0,cavitacao=0,bilateral=1  encerra2=0",21,1.32937017994859,0.875,0.0355329949238579,NA,NA,NA,NA,NA,NA,NA,NA
"3399","sexo2=1,escol4=1,mumigual=1,alcool=0,comdrogas=0,cavitacao=0  encerra2=0",18,1.30224017627617,0.857142857142857,0.0304568527918782,NA,NA,NA,NA,NA,NA,NA,NA
"3400","escol4=1,mumigual=1,hiv3=0,alcool=0,comdrogas=0,cavitacao=0  encerra2=0",20,1.32111322230915,0.869565217391304,0.0338409475465313,NA,NA,NA,NA,NA,NA,NA,NA
"3401","fxet3=1,escol4=1,mumigual=1,hiv3=0,comdrogas=0,cavitacao=0  encerra2=0",20,1.32111322230915,0.869565217391304,0.0338409475465313,NA,NA,NA,NA,NA,NA,NA,NA
"3402","sexo2=1,mumigual=1,alcool=0,comtabagis=0,comdrogas=0,cavitacao=0  encerra2=0",21,1.27619537275064,0.84,0.0355329949238579,NA,NA,NA,NA,NA,NA,NA,NA
"3403","mumigual=1,hiv3=0,alcool=0,comtabagis=0,comdrogas=0,cavitacao=0  encerra2=0",21,1.27619537275064,0.84,0.0355329949238579,NA,NA,NA,NA,NA,NA,NA,NA
"3404","fxet3=1,mumigual=1,hiv3=0,alcool=0,comdrogas=0,cavitacao=0  encerra2=0",21,1.32937017994859,0.875,0.0355329949238579,NA,NA,NA,NA,NA,NA,NA,NA
"3405","sexo2=1,fxet3=1,mumigual=0,hiv3=0,comdiab=0,cavitacao=0  encerra2=0",18,1.24304744099089,0.818181818181818,0.0304568527918782,NA,NA,NA,NA,NA,NA,NA,NA
"3406","fxet3=1,mumigual=0,alcool=0,comtabagis=0,ppl=0,cavitacao=0  encerra2=0",30,1.16867708127348,0.769230769230769,0.050761421319797,NA,NA,NA,NA,NA,NA,NA,NA
"3407","raca3=1,alcool=0,comtabagis=0,comdrogas=0,cavitacao=0,bilateral=1  encerra2=0",21,1.38716888342461,0.91304347826087,0.0355329949238579,NA,NA,NA,NA,NA,NA,NA,NA
"3408","raca3=1,fxet3=1,alcool=0,comtabagis=0,cavitacao=0,bilateral=1  encerra2=0",18,1.30224017627617,0.857142857142857,0.0304568527918782,NA,NA,NA,NA,NA,NA,NA,NA
"3409","raca3=1,escol4=1,alcool=0,comtabagis=0,comdrogas=0,cavitacao=0  encerra2=0",25,1.18693766066838,0.78125,0.0423011844331641,NA,NA,NA,NA,NA,NA,NA,NA
"3410","sexo2=1,raca3=1,hiv3=0,alcool=0,comtabagis=0,cavitacao=0  encerra2=0",19,1.20276349614396,0.791666666666667,0.0321489001692047,NA,NA,NA,NA,NA,NA,NA,NA
"3411","sexo2=1,raca3=1,alcool=0,comtabagis=0,comdrogas=0,cavitacao=0  encerra2=0",21,1.22711093533716,0.807692307692308,0.0355329949238579,NA,NA,NA,NA,NA,NA,NA,NA
"3412","fxet3=1,escol4=1,hiv3=0,comdrogas=0,cavitacao=0,bilateral=1  encerra2=0",18,1.43931808956839,0.947368421052632,0.0304568527918782,NA,NA,NA,NA,NA,NA,NA,NA
"3413","sexo2=1,alcool=0,comtabagis=0,comdrogas=0,cavitacao=0,bilateral=1  encerra2=0",22,1.33696658097686,0.88,0.0372250423011844,NA,NA,NA,NA,NA,NA,NA,NA
"3414","sexo2=1,alcool=0,comtabagis=0,ppl=0,cavitacao=0,bilateral=1  encerra2=0",22,1.23793201942302,0.814814814814815,0.0372250423011844,NA,NA,NA,NA,NA,NA,NA,NA
"3415","sexo2=1,alcool=0,comdrogas=0,ppl=0,cavitacao=0,bilateral=1  encerra2=0",23,1.29420165666952,0.851851851851852,0.038917089678511,NA,NA,NA,NA,NA,NA,NA,NA
"3416","sexo2=1,comtabagis=0,comdrogas=0,ppl=0,cavitacao=0,bilateral=1  encerra2=0",21,1.32937017994859,0.875,0.0355329949238579,NA,NA,NA,NA,NA,NA,NA,NA
"3417","fxet3=1,alcool=0,comtabagis=0,comdrogas=0,cavitacao=0,bilateral=1  encerra2=0",30,1.38116382332321,0.909090909090909,0.050761421319797,NA,NA,NA,NA,NA,NA,NA,NA
"3418","alcool=0,comtabagis=0,comdrogas=0,ppl=0,cavitacao=0,bilateral=1  encerra2=0",33,1.35503369693601,0.891891891891892,0.0558375634517767,NA,NA,NA,NA,NA,NA,NA,NA
"3419","fxet3=1,alcool=0,comtabagis=0,ppl=0,cavitacao=0,bilateral=1  encerra2=0",30,1.26606683804627,0.833333333333333,0.050761421319797,NA,NA,NA,NA,NA,NA,NA,NA
"3420","fxet3=1,alcool=0,comdrogas=0,ppl=0,cavitacao=0,bilateral=1  encerra2=0",32,1.35047129391602,0.888888888888889,0.0541455160744501,NA,NA,NA,NA,NA,NA,NA,NA
"3421","fxet3=1,comtabagis=0,comdrogas=0,ppl=0,cavitacao=0,bilateral=1  encerra2=0",29,1.33512502921243,0.878787878787879,0.0490693739424704,NA,NA,NA,NA,NA,NA,NA,NA
"3422","sexo2=1,escol4=1,alcool=0,comtabagis=0,comdrogas=0,cavitacao=0  encerra2=0",23,1.20494637000266,0.793103448275862,0.038917089678511,NA,NA,NA,NA,NA,NA,NA,NA
"3423","sexo2=1,escol4=1,hiv3=0,alcool=0,comdrogas=0,cavitacao=0  encerra2=0",20,1.32111322230915,0.869565217391304,0.0338409475465313,NA,NA,NA,NA,NA,NA,NA,NA
"3424","sexo2=1,escol4=1,alcool=0,comdrogas=0,ppl=0,cavitacao=0  encerra2=0",23,1.20494637000266,0.793103448275862,0.038917089678511,NA,NA,NA,NA,NA,NA,NA,NA
"3425","sexo2=1,alcool=0,comtabagis=0,comdrogas=0,ppl=0,cavitacao=0  encerra2=0",36,1.18900190007824,0.782608695652174,0.0609137055837563,NA,NA,NA,NA,NA,NA,NA,NA
"3426","fxet3=1,alcool=0,comtabagis=0,comdrogas=0,ppl=0,cavitacao=0  encerra2=0",54,1.22449449411042,0.805970149253731,0.0913705583756345,NA,NA,NA,NA,NA,NA,NA,NA
"3427","sexo2=1,escol4=1,mumigual=1,alcool=1,comtabagis=1,cavitacao=1  encerra2=0",18,1.13946015424165,0.75,0.0304568527918782,NA,NA,NA,NA,NA,NA,NA,NA
"3428","sexo2=1,fxet3=1,mumigual=1,hiv3=0,alcool=1,comtabagis=1  encerra2=0",20,1.26606683804627,0.833333333333333,0.0338409475465313,NA,NA,NA,NA,NA,NA,NA,NA
"3429","sexo2=1,fxet3=1,mumigual=1,alcool=1,comtabagis=1,cavitacao=1  encerra2=0",18,1.13946015424165,0.75,0.0304568527918782,NA,NA,NA,NA,NA,NA,NA,NA
"3430","sexo2=1,raca3=1,escol4=1,alcool=1,comtabagis=1,comdrogas=0  encerra2=0",20,1.12539274493002,0.740740740740741,0.0338409475465313,NA,NA,NA,NA,NA,NA,NA,NA
"3431","sexo2=1,raca3=1,escol4=1,alcool=1,comdiab=0,comtabagis=1  encerra2=0",27,1.10866393385674,0.72972972972973,0.0456852791878173,NA,NA,NA,NA,NA,NA,NA,NA
"3432","sexo2=1,raca3=1,alcool=1,comdiab=0,comtabagis=1,comdrogas=0  encerra2=0",23,1.12720789451862,0.741935483870968,0.038917089678511,NA,NA,NA,NA,NA,NA,NA,NA
"3433","sexo2=1,raca3=1,alcool=1,comtabagis=1,comdrogas=0,pdres5=1  encerra2=0",23,1.12720789451862,0.741935483870968,0.038917089678511,NA,NA,NA,NA,NA,NA,NA,NA
"3434","sexo2=1,escol4=1,hiv3=0,alcool=1,comtabagis=1,comdrogas=0  encerra2=0",27,1.10866393385674,0.72972972972973,0.0456852791878173,NA,NA,NA,NA,NA,NA,NA,NA
"3435","sexo2=1,escol4=1,alcool=1,comdiab=0,comtabagis=1,comdrogas=0  encerra2=0",31,1.1213734851267,0.738095238095238,0.0524534686971235,NA,NA,NA,NA,NA,NA,NA,NA
"3436","escol4=1,hiv3=0,alcool=1,comdiab=0,comtabagis=1,comdrogas=0  encerra2=0",29,1.12972117856437,0.743589743589744,0.0490693739424704,NA,NA,NA,NA,NA,NA,NA,NA
"3437","sexo2=1,hiv3=0,alcool=1,comdiab=0,comtabagis=1,comdrogas=0  encerra2=0",30,1.11166844316258,0.731707317073171,0.050761421319797,NA,NA,NA,NA,NA,NA,NA,NA
"3438","sexo2=1,alcool=1,comdiab=0,comtabagis=1,comdrogas=0,pdres5=1  encerra2=0",35,1.10780848329049,0.729166666666667,0.0592216582064298,NA,NA,NA,NA,NA,NA,NA,NA
"3439","hiv3=0,alcool=1,comdiab=0,comtabagis=1,comdrogas=0,pdres5=1  encerra2=0",33,1.11413881748072,0.733333333333333,0.0558375634517767,NA,NA,NA,NA,NA,NA,NA,NA
"3440","fxet3=1,mumigual=0,comdiab=0,comtabagis=1,ppl=0,bilateral=0  encerra2=0",18,1.18900190007824,0.782608695652174,0.0304568527918782,NA,NA,NA,NA,NA,NA,NA,NA
"3441","sexo2=1,escol4=1,comdiab=0,comtabagis=1,ppl=0,bilateral=0  encerra2=0",21,1.18166238217652,0.777777777777778,0.0355329949238579,NA,NA,NA,NA,NA,NA,NA,NA
"3442","raca3=0,escol4=1,hiv3=0,comdiab=0,comtabagis=1,comdrogas=0  encerra2=0",18,1.18900190007824,0.782608695652174,0.0304568527918782,NA,NA,NA,NA,NA,NA,NA,NA
"3443","raca3=0,fxet3=1,hiv3=0,comdiab=0,comtabagis=1,comdrogas=0  encerra2=0",22,1.28554478940083,0.846153846153846,0.0372250423011844,NA,NA,NA,NA,NA,NA,NA,NA
"3444","raca3=0,fxet3=1,hiv3=0,comdiab=0,comtabagis=1,ppl=0  encerra2=0",26,1.12860815277268,0.742857142857143,0.0439932318104907,NA,NA,NA,NA,NA,NA,NA,NA
"3445","raca3=0,fxet3=1,comdiab=0,comtabagis=1,comdrogas=0,cavitacao=1  encerra2=0",18,1.24304744099089,0.818181818181818,0.0304568527918782,NA,NA,NA,NA,NA,NA,NA,NA
"3446","mumigual=1,comdiab=0,comtabagis=1,comdrogas=0,cavitacao=1,bilateral=1  encerra2=0",19,1.20276349614396,0.791666666666667,0.0321489001692047,NA,NA,NA,NA,NA,NA,NA,NA
"3447","sexo2=1,escol4=1,mumigual=1,hiv3=0,comdiab=0,comtabagis=1  encerra2=0",24,1.17621693341073,0.774193548387097,0.0406091370558376,NA,NA,NA,NA,NA,NA,NA,NA
"3448","sexo2=1,escol4=1,mumigual=1,comdiab=0,comtabagis=1,cavitacao=1  encerra2=0",21,1.10016842478504,0.724137931034483,0.0355329949238579,NA,NA,NA,NA,NA,NA,NA,NA
"3449","escol4=1,mumigual=1,hiv3=0,comdiab=0,comtabagis=1,comdrogas=0  encerra2=0",24,1.25733534261147,0.827586206896552,0.0406091370558376,NA,NA,NA,NA,NA,NA,NA,NA
"3450","escol4=1,mumigual=1,comdiab=0,comtabagis=1,comdrogas=0,cavitacao=1  encerra2=0",20,1.21542416452442,0.8,0.0338409475465313,NA,NA,NA,NA,NA,NA,NA,NA
"3451","sexo2=1,fxet3=1,mumigual=1,hiv3=0,comdiab=0,comtabagis=1  encerra2=0",22,1.15255739739385,0.758620689655172,0.0372250423011844,NA,NA,NA,NA,NA,NA,NA,NA
"3452","sexo2=1,raca3=1,escol4=1,comdiab=0,comtabagis=1,comdrogas=0  encerra2=0",23,1.12720789451862,0.741935483870968,0.038917089678511,NA,NA,NA,NA,NA,NA,NA,NA
"3453","fxet3=1,hiv3=0,comdiab=0,comtabagis=1,comdrogas=0,pdres5=1  encerra2=0",45,1.12078047958195,0.737704918032787,0.0761421319796954,NA,NA,NA,NA,NA,NA,NA,NA
"3454","raca3=0,escol4=0,mumigual=0,alcool=0,comdrogas=0,tipores3=0  encerra2=0",25,1.46084635159185,0.961538461538462,0.0423011844331641,NA,NA,NA,NA,NA,NA,NA,NA
"3455","raca3=0,escol4=0,mumigual=0,alcool=0,ppl=0,tipores3=0  encerra2=0",25,1.40674093116252,0.925925925925926,0.0423011844331641,NA,NA,NA,NA,NA,NA,NA,NA
"3456","raca3=0,escol4=0,mumigual=0,comdiab=0,comdrogas=0,tipores3=0  encerra2=0",21,1.38716888342461,0.91304347826087,0.0355329949238579,NA,NA,NA,NA,NA,NA,NA,NA
"3457","raca3=0,escol4=0,mumigual=0,comdiab=0,ppl=0,tipores3=0  encerra2=0",21,1.32937017994859,0.875,0.0355329949238579,NA,NA,NA,NA,NA,NA,NA,NA
"3458","raca3=0,escol4=0,alcool=0,comtabagis=0,cavitacao=1,tipores3=0  encerra2=0",18,1.43931808956839,0.947368421052632,0.0304568527918782,NA,NA,NA,NA,NA,NA,NA,NA
"3459","raca3=0,escol4=0,alcool=0,comtabagis=0,comdrogas=0,tipores3=0  encerra2=0",25,1.46084635159185,0.961538461538462,0.0423011844331641,NA,NA,NA,NA,NA,NA,NA,NA
"3460","raca3=0,fxet3=1,escol4=0,alcool=0,cavitacao=1,tipores3=0  encerra2=0",21,1.38716888342461,0.91304347826087,0.0355329949238579,NA,NA,NA,NA,NA,NA,NA,NA
"3461","raca3=0,escol4=0,alcool=0,ppl=0,cavitacao=1,tipores3=0  encerra2=0",22,1.3926735218509,0.916666666666667,0.0372250423011844,NA,NA,NA,NA,NA,NA,NA,NA
"3462","raca3=0,fxet3=1,escol4=0,alcool=0,comdrogas=0,tipores3=0  encerra2=0",29,1.46863753213368,0.966666666666667,0.0490693739424704,NA,NA,NA,NA,NA,NA,NA,NA
"3463","raca3=0,fxet3=1,escol4=0,alcool=0,ppl=0,tipores3=0  encerra2=0",29,1.4212621278713,0.935483870967742,0.0490693739424704,NA,NA,NA,NA,NA,NA,NA,NA
"3464","raca3=0,escol4=0,comdiab=0,comtabagis=0,comdrogas=0,tipores3=0  encerra2=0",21,1.45022201448937,0.954545454545455,0.0355329949238579,NA,NA,NA,NA,NA,NA,NA,NA
"3465","raca3=0,fxet3=1,escol4=0,comdiab=0,cavitacao=1,tipores3=0  encerra2=0",19,1.31210563215705,0.863636363636364,0.0321489001692047,NA,NA,NA,NA,NA,NA,NA,NA
"3466","raca3=0,escol4=0,comdiab=0,ppl=0,cavitacao=1,tipores3=0  encerra2=0",20,1.32111322230915,0.869565217391304,0.0338409475465313,NA,NA,NA,NA,NA,NA,NA,NA
"3467","raca3=0,fxet3=1,escol4=0,comdiab=0,comdrogas=0,tipores3=0  encerra2=0",24,1.40241249752818,0.923076923076923,0.0406091370558376,NA,NA,NA,NA,NA,NA,NA,NA
"3468","raca3=0,fxet3=1,escol4=0,comdiab=0,ppl=0,tipores3=0  encerra2=0",24,1.35047129391602,0.888888888888889,0.0406091370558376,NA,NA,NA,NA,NA,NA,NA,NA
"3469","sexo2=1,escol4=0,mumigual=0,alcool=0,comtabagis=0,tipores3=0  encerra2=0",20,1.38116382332321,0.909090909090909,0.0338409475465313,NA,NA,NA,NA,NA,NA,NA,NA
"3470","sexo2=1,escol4=0,mumigual=0,alcool=0,comdrogas=0,tipores3=0  encerra2=0",22,1.45322454454007,0.956521739130435,0.0372250423011844,NA,NA,NA,NA,NA,NA,NA,NA
"3471","sexo2=1,escol4=0,mumigual=0,alcool=0,ppl=0,tipores3=0  encerra2=0",22,1.3926735218509,0.916666666666667,0.0372250423011844,NA,NA,NA,NA,NA,NA,NA,NA
"3472","escol4=0,mumigual=0,alcool=0,ppl=0,cavitacao=1,tipores3=0  encerra2=0",26,1.41076019096585,0.928571428571429,0.0439932318104907,NA,NA,NA,NA,NA,NA,NA,NA
"3473","sexo2=1,escol4=0,alcool=0,comtabagis=0,comdrogas=0,tipores3=0  encerra2=0",25,1.40674093116252,0.925925925925926,0.0423011844331641,NA,NA,NA,NA,NA,NA,NA,NA
"3474","sexo2=1,fxet3=1,escol4=0,alcool=0,comdrogas=0,tipores3=0  encerra2=0",26,1.41076019096585,0.928571428571429,0.0439932318104907,NA,NA,NA,NA,NA,NA,NA,NA
"3475","fxet3=1,escol4=0,alcool=0,ppl=0,cavitacao=1,tipores3=0  encerra2=0",37,1.40533419023136,0.925,0.0626057529610829,NA,NA,NA,NA,NA,NA,NA,NA
"3476","sexo2=0,mumigual=0,hiv3=0,alcool=0,comdiab=0,tipores3=0  encerra2=0",19,1.2550575611937,0.826086956521739,0.0321489001692047,NA,NA,NA,NA,NA,NA,NA,NA
"3477","sexo2=0,mumigual=0,alcool=0,comdiab=0,cavitacao=1,tipores3=0  encerra2=0",19,1.2550575611937,0.826086956521739,0.0321489001692047,NA,NA,NA,NA,NA,NA,NA,NA
"3478","sexo2=0,mumigual=0,hiv3=0,comdiab=0,comtabagis=0,tipores3=0  encerra2=0",18,1.24304744099089,0.818181818181818,0.0304568527918782,NA,NA,NA,NA,NA,NA,NA,NA
"3479","sexo2=0,mumigual=0,hiv3=0,comdiab=0,cavitacao=1,tipores3=0  encerra2=0",18,1.30224017627617,0.857142857142857,0.0304568527918782,NA,NA,NA,NA,NA,NA,NA,NA
"3480","sexo2=0,mumigual=0,hiv3=0,comdiab=0,comdrogas=0,tipores3=0  encerra2=0",20,1.26606683804627,0.833333333333333,0.0338409475465313,NA,NA,NA,NA,NA,NA,NA,NA
"3481","sexo2=0,mumigual=0,comdiab=0,comdrogas=0,cavitacao=1,tipores3=0  encerra2=0",20,1.26606683804627,0.833333333333333,0.0338409475465313,NA,NA,NA,NA,NA,NA,NA,NA
"3482","sexo2=0,hiv3=0,alcool=0,comdiab=0,cavitacao=1,tipores3=0  encerra2=0",19,1.31210563215705,0.863636363636364,0.0321489001692047,NA,NA,NA,NA,NA,NA,NA,NA
"3483","sexo2=0,hiv3=0,comdiab=0,comtabagis=0,cavitacao=1,tipores3=0  encerra2=0",18,1.30224017627617,0.857142857142857,0.0304568527918782,NA,NA,NA,NA,NA,NA,NA,NA
"3484","sexo2=0,hiv3=0,comdiab=0,comdrogas=0,cavitacao=1,tipores3=0  encerra2=0",20,1.32111322230915,0.869565217391304,0.0338409475465313,NA,NA,NA,NA,NA,NA,NA,NA
"3485","sexo2=1,fxet3=1,mumigual=0,ppl=0,bilateral=0,tipores3=0  encerra2=0",18,1.36735218508997,0.9,0.0304568527918782,NA,NA,NA,NA,NA,NA,NA,NA
"3486","mumigual=0,comtabagis=0,ppl=0,cavitacao=1,bilateral=0,tipores3=0  encerra2=0",20,1.26606683804627,0.833333333333333,0.0338409475465313,NA,NA,NA,NA,NA,NA,NA,NA
"3487","mumigual=0,hiv3=0,comdrogas=0,cavitacao=1,bilateral=0,tipores3=0  encerra2=0",21,1.27619537275064,0.84,0.0355329949238579,NA,NA,NA,NA,NA,NA,NA,NA
"3488","mumigual=0,comdiab=0,comdrogas=0,cavitacao=1,bilateral=0,tipores3=0  encerra2=0",22,1.28554478940083,0.846153846153846,0.0372250423011844,NA,NA,NA,NA,NA,NA,NA,NA
"3489","fxet3=1,mumigual=0,comdrogas=0,cavitacao=1,bilateral=0,tipores3=0  encerra2=0",25,1.30972431522028,0.862068965517241,0.0423011844331641,NA,NA,NA,NA,NA,NA,NA,NA
"3490","mumigual=0,comdiab=0,ppl=0,cavitacao=1,bilateral=0,tipores3=0  encerra2=0",24,1.25733534261147,0.827586206896552,0.0406091370558376,NA,NA,NA,NA,NA,NA,NA,NA
"3491","fxet3=1,mumigual=0,ppl=0,cavitacao=1,bilateral=0,tipores3=0  encerra2=0",27,1.28189267352185,0.84375,0.0456852791878173,NA,NA,NA,NA,NA,NA,NA,NA
"3492","raca3=0,mumigual=0,hiv3=0,alcool=0,comtabagis=0,tipores3=0  encerra2=0",20,1.26606683804627,0.833333333333333,0.0338409475465313,NA,NA,NA,NA,NA,NA,NA,NA
"3493","raca3=0,mumigual=0,alcool=0,comtabagis=0,ppl=0,tipores3=0  encerra2=0",22,1.23793201942302,0.814814814814815,0.0372250423011844,NA,NA,NA,NA,NA,NA,NA,NA
"3494","raca3=0,mumigual=0,hiv3=0,alcool=0,comdrogas=0,tipores3=0  encerra2=0",26,1.31670951156812,0.866666666666667,0.0439932318104907,NA,NA,NA,NA,NA,NA,NA,NA
"3495","raca3=0,mumigual=0,hiv3=0,alcool=0,ppl=0,tipores3=0  encerra2=0",27,1.24304744099089,0.818181818181818,0.0456852791878173,NA,NA,NA,NA,NA,NA,NA,NA
"3496","raca3=0,mumigual=0,alcool=0,comdrogas=0,ppl=0,tipores3=0  encerra2=0",29,1.2958566460003,0.852941176470588,0.0490693739424704,NA,NA,NA,NA,NA,NA,NA,NA
"3497","raca3=0,fxet3=1,mumigual=0,alcool=0,ppl=0,tipores3=0  encerra2=0",28,1.25117193406926,0.823529411764706,0.0473773265651438,NA,NA,NA,NA,NA,NA,NA,NA
"3498","raca3=0,mumigual=0,hiv3=0,comtabagis=0,comdrogas=0,tipores3=0  encerra2=0",19,1.2550575611937,0.826086956521739,0.0321489001692047,NA,NA,NA,NA,NA,NA,NA,NA
"3499","raca3=0,mumigual=0,hiv3=0,comdiab=0,comtabagis=0,tipores3=0  encerra2=0",20,1.32111322230915,0.869565217391304,0.0338409475465313,NA,NA,NA,NA,NA,NA,NA,NA
"3500","raca3=0,mumigual=0,comdiab=0,comtabagis=0,comdrogas=0,tipores3=0  encerra2=0",18,1.24304744099089,0.818181818181818,0.0304568527918782,NA,NA,NA,NA,NA,NA,NA,NA
"3501","raca3=0,mumigual=0,comtabagis=0,comdrogas=0,ppl=0,tipores3=0  encerra2=0",21,1.22711093533716,0.807692307692308,0.0355329949238579,NA,NA,NA,NA,NA,NA,NA,NA
"3502","raca3=0,mumigual=0,comdiab=0,comtabagis=0,ppl=0,tipores3=0  encerra2=0",20,1.26606683804627,0.833333333333333,0.0338409475465313,NA,NA,NA,NA,NA,NA,NA,NA
"3503","raca3=0,mumigual=0,hiv3=0,comdiab=0,comdrogas=0,tipores3=0  encerra2=0",22,1.28554478940083,0.846153846153846,0.0372250423011844,NA,NA,NA,NA,NA,NA,NA,NA
"3504","raca3=0,fxet3=1,mumigual=0,hiv3=0,comdiab=0,tipores3=0  encerra2=0",24,1.21542416452442,0.8,0.0406091370558376,NA,NA,NA,NA,NA,NA,NA,NA
"3505","raca3=0,mumigual=0,hiv3=0,comdiab=0,ppl=0,tipores3=0  encerra2=0",24,1.21542416452442,0.8,0.0406091370558376,NA,NA,NA,NA,NA,NA,NA,NA
"3506","raca3=0,fxet3=1,mumigual=0,hiv3=0,ppl=0,tipores3=0  encerra2=0",26,1.16180251020717,0.764705882352941,0.0439932318104907,NA,NA,NA,NA,NA,NA,NA,NA
"3507","raca3=0,fxet3=1,mumigual=0,comdiab=0,cavitacao=1,tipores3=0  encerra2=0",21,1.18166238217652,0.777777777777778,0.0355329949238579,NA,NA,NA,NA,NA,NA,NA,NA
"3508","raca3=0,mumigual=0,comdiab=0,ppl=0,cavitacao=1,tipores3=0  encerra2=0",21,1.18166238217652,0.777777777777778,0.0355329949238579,NA,NA,NA,NA,NA,NA,NA,NA
"3509","raca3=0,fxet3=1,mumigual=0,comdiab=0,comdrogas=0,tipores3=0  encerra2=0",23,1.24798016893133,0.821428571428571,0.038917089678511,NA,NA,NA,NA,NA,NA,NA,NA
"3510","raca3=0,mumigual=0,comdiab=0,comdrogas=0,ppl=0,tipores3=0  encerra2=0",24,1.25733534261147,0.827586206896552,0.0406091370558376,NA,NA,NA,NA,NA,NA,NA,NA
"3511","raca3=0,fxet3=1,mumigual=0,comdiab=0,ppl=0,tipores3=0  encerra2=0",25,1.18693766066838,0.78125,0.0423011844331641,NA,NA,NA,NA,NA,NA,NA,NA
"3512","raca3=0,hiv3=0,alcool=0,comdrogas=0,bilateral=1,tipores3=0  encerra2=0",20,1.38116382332321,0.909090909090909,0.0338409475465313,NA,NA,NA,NA,NA,NA,NA,NA
"3513","raca3=0,hiv3=0,alcool=0,ppl=0,bilateral=1,tipores3=0  encerra2=0",20,1.32111322230915,0.869565217391304,0.0338409475465313,NA,NA,NA,NA,NA,NA,NA,NA
"3514","raca3=0,alcool=0,comdrogas=0,ppl=0,bilateral=1,tipores3=0  encerra2=0",23,1.29420165666952,0.851851851851852,0.038917089678511,NA,NA,NA,NA,NA,NA,NA,NA
"3515","sexo2=1,raca3=0,alcool=0,comtabagis=0,comdrogas=0,tipores3=0  encerra2=0",23,1.29420165666952,0.851851851851852,0.038917089678511,NA,NA,NA,NA,NA,NA,NA,NA
"3516","sexo2=1,raca3=0,alcool=0,comtabagis=0,ppl=0,tipores3=0  encerra2=0",23,1.24798016893133,0.821428571428571,0.038917089678511,NA,NA,NA,NA,NA,NA,NA,NA
"3517","sexo2=1,raca3=0,fxet3=1,alcool=0,comdrogas=0,tipores3=0  encerra2=0",25,1.30972431522028,0.862068965517241,0.0423011844331641,NA,NA,NA,NA,NA,NA,NA,NA
"3518","sexo2=1,raca3=0,alcool=0,comdrogas=0,ppl=0,tipores3=0  encerra2=0",26,1.27423501119496,0.838709677419355,0.0439932318104907,NA,NA,NA,NA,NA,NA,NA,NA
"3519","sexo2=1,raca3=0,comdiab=0,comtabagis=0,comdrogas=0,tipores3=0  encerra2=0",18,1.24304744099089,0.818181818181818,0.0304568527918782,NA,NA,NA,NA,NA,NA,NA,NA
"3520","sexo2=1,raca3=0,comtabagis=0,comdrogas=0,ppl=0,tipores3=0  encerra2=0",22,1.23793201942302,0.814814814814815,0.0372250423011844,NA,NA,NA,NA,NA,NA,NA,NA
"3521","sexo2=1,raca3=0,comdiab=0,comtabagis=0,ppl=0,tipores3=0  encerra2=0",19,1.20276349614396,0.791666666666667,0.0321489001692047,NA,NA,NA,NA,NA,NA,NA,NA
"3522","raca3=0,hiv3=0,alcool=0,comtabagis=0,comdrogas=0,tipores3=0  encerra2=0",28,1.32937017994859,0.875,0.0473773265651438,NA,NA,NA,NA,NA,NA,NA,NA
"3523","raca3=0,alcool=0,comtabagis=0,comdrogas=0,ppl=0,tipores3=0  encerra2=0",33,1.28554478940083,0.846153846153846,0.0558375634517767,NA,NA,NA,NA,NA,NA,NA,NA
"3524","raca3=0,fxet3=1,hiv3=0,alcool=0,comdrogas=0,tipores3=0  encerra2=0",33,1.35503369693601,0.891891891891892,0.0558375634517767,NA,NA,NA,NA,NA,NA,NA,NA
"3525","raca3=0,fxet3=1,hiv3=0,alcool=0,ppl=0,tipores3=0  encerra2=0",33,1.25340616966581,0.825,0.0558375634517767,NA,NA,NA,NA,NA,NA,NA,NA
"3526","raca3=0,fxet3=1,alcool=0,comdrogas=0,ppl=0,tipores3=0  encerra2=0",38,1.31210563215705,0.863636363636364,0.0642978003384095,NA,NA,NA,NA,NA,NA,NA,NA
"3527","raca3=0,hiv3=0,comdiab=0,comtabagis=0,comdrogas=0,tipores3=0  encerra2=0",22,1.28554478940083,0.846153846153846,0.0372250423011844,NA,NA,NA,NA,NA,NA,NA,NA
"3528","raca3=0,comdiab=0,comtabagis=0,comdrogas=0,ppl=0,tipores3=0  encerra2=0",26,1.23441516709512,0.8125,0.0439932318104907,NA,NA,NA,NA,NA,NA,NA,NA
"3529","raca3=0,fxet3=1,hiv3=0,comdiab=0,comdrogas=0,tipores3=0  encerra2=0",26,1.27423501119496,0.838709677419355,0.0439932318104907,NA,NA,NA,NA,NA,NA,NA,NA
"3530","raca3=0,fxet3=1,hiv3=0,comdiab=0,ppl=0,tipores3=0  encerra2=0",28,1.18166238217652,0.777777777777778,0.0473773265651438,NA,NA,NA,NA,NA,NA,NA,NA
"3531","raca3=0,fxet3=1,comdiab=0,comdrogas=0,ppl=0,tipores3=0  encerra2=0",32,1.24658888669171,0.82051282051282,0.0541455160744501,NA,NA,NA,NA,NA,NA,NA,NA
"3532","sexo2=1,mumigual=0,hiv3=0,alcool=0,comtabagis=0,tipores3=0  encerra2=0",26,1.23441516709512,0.8125,0.0439932318104907,NA,NA,NA,NA,NA,NA,NA,NA
"3533","sexo2=1,mumigual=0,hiv3=0,alcool=0,comdrogas=0,tipores3=0  encerra2=0",27,1.28189267352185,0.84375,0.0456852791878173,NA,NA,NA,NA,NA,NA,NA,NA
"3534","sexo2=1,mumigual=0,hiv3=0,alcool=0,ppl=0,tipores3=0  encerra2=0",29,1.2238646101114,0.805555555555556,0.0490693739424704,NA,NA,NA,NA,NA,NA,NA,NA
"3535","sexo2=1,mumigual=0,alcool=0,ppl=0,pdres5=1,tipores3=0  encerra2=0",33,1.22283528747884,0.804878048780488,0.0558375634517767,NA,NA,NA,NA,NA,NA,NA,NA
"3536","sexo2=1,mumigual=0,hiv3=0,comtabagis=0,comdrogas=0,tipores3=0  encerra2=0",24,1.21542416452442,0.8,0.0406091370558376,NA,NA,NA,NA,NA,NA,NA,NA
"3537","mumigual=0,hiv3=0,alcool=0,comdiab=0,comtabagis=0,tipores3=0  encerra2=0",36,1.21542416452442,0.8,0.0609137055837563,NA,NA,NA,NA,NA,NA,NA,NA
"3538","mumigual=0,hiv3=0,alcool=0,comdiab=0,comdrogas=0,tipores3=0  encerra2=0",38,1.2550575611937,0.826086956521739,0.0642978003384095,NA,NA,NA,NA,NA,NA,NA,NA
"3539","fxet3=1,mumigual=0,hiv3=0,alcool=0,comdiab=0,tipores3=0  encerra2=0",38,1.1782173023451,0.775510204081633,0.0642978003384095,NA,NA,NA,NA,NA,NA,NA,NA
"3540","mumigual=0,hiv3=0,alcool=0,comdiab=0,ppl=0,tipores3=0  encerra2=0",40,1.21542416452442,0.8,0.0676818950930626,NA,NA,NA,NA,NA,NA,NA,NA
"3541","mumigual=0,alcool=0,comdiab=0,ppl=0,pdres5=1,tipores3=0  encerra2=0",48,1.19549917822074,0.786885245901639,0.0812182741116751,NA,NA,NA,NA,NA,NA,NA,NA
"3542","mumigual=0,hiv3=0,comdiab=0,comtabagis=0,comdrogas=0,tipores3=0  encerra2=0",35,1.23662342320799,0.813953488372093,0.0592216582064298,NA,NA,NA,NA,NA,NA,NA,NA
"3543","mumigual=0,hiv3=0,comdiab=0,comtabagis=0,ppl=0,tipores3=0  encerra2=0",39,1.20922302082787,0.795918367346939,0.065989847715736,NA,NA,NA,NA,NA,NA,NA,NA
"3544","mumigual=0,comdiab=0,comtabagis=0,ppl=0,pdres5=1,tipores3=0  encerra2=0",45,1.17875188369825,0.775862068965517,0.0761421319796954,NA,NA,NA,NA,NA,NA,NA,NA
"3545","mumigual=0,hiv3=0,comdiab=0,comdrogas=0,pdres5=1,tipores3=0  encerra2=0",43,1.23262356307901,0.811320754716981,0.0727580372250423,NA,NA,NA,NA,NA,NA,NA,NA
"3546","mumigual=0,hiv3=0,comdiab=0,ppl=0,pdres5=1,tipores3=0  encerra2=0",47,1.17059294534114,0.770491803278688,0.0795262267343486,NA,NA,NA,NA,NA,NA,NA,NA
"3547","mumigual=0,comdiab=0,comdrogas=0,ppl=0,pdres5=1,tipores3=0  encerra2=0",51,1.21067641388175,0.796875,0.0862944162436548,NA,NA,NA,NA,NA,NA,NA,NA
"3548","sexo2=1,raca3=1,escol4=1,comdrogas=0,pdres5=1,tipores3=0  encerra2=0",18,1.30224017627617,0.857142857142857,0.0304568527918782,NA,NA,NA,NA,NA,NA,NA,NA
"3549","sexo2=1,raca3=1,escol4=1,ppl=0,pdres5=1,tipores3=0  encerra2=0",23,1.29420165666952,0.851851851851852,0.038917089678511,NA,NA,NA,NA,NA,NA,NA,NA
"3550","sexo2=1,alcool=0,ppl=0,pdres5=1,bilateral=1,tipores3=0  encerra2=0",24,1.21542416452442,0.8,0.0406091370558376,NA,NA,NA,NA,NA,NA,NA,NA
"3551","hiv3=0,alcool=0,comdiab=0,comtabagis=0,bilateral=1,tipores3=0  encerra2=0",23,1.24798016893133,0.821428571428571,0.038917089678511,NA,NA,NA,NA,NA,NA,NA,NA
"3552","hiv3=0,alcool=0,comdiab=0,comdrogas=0,bilateral=1,tipores3=0  encerra2=0",22,1.28554478940083,0.846153846153846,0.0372250423011844,NA,NA,NA,NA,NA,NA,NA,NA
"3553","hiv3=0,alcool=0,comdiab=0,ppl=0,bilateral=1,tipores3=0  encerra2=0",23,1.24798016893133,0.821428571428571,0.038917089678511,NA,NA,NA,NA,NA,NA,NA,NA
"3554","sexo2=1,hiv3=0,alcool=0,comtabagis=0,comdrogas=0,tipores3=0  encerra2=0",34,1.2913881748072,0.85,0.0575296108291032,NA,NA,NA,NA,NA,NA,NA,NA
"3555","sexo2=1,hiv3=0,alcool=0,comtabagis=0,ppl=0,tipores3=0  encerra2=0",36,1.24304744099089,0.818181818181818,0.0609137055837563,NA,NA,NA,NA,NA,NA,NA,NA
"3556","sexo2=1,alcool=0,comtabagis=0,comdrogas=0,ppl=0,tipores3=0  encerra2=0",42,1.27619537275064,0.84,0.0710659898477157,NA,NA,NA,NA,NA,NA,NA,NA
"3557","sexo2=1,alcool=0,comtabagis=0,comdrogas=0,pdres5=1,tipores3=0  encerra2=0",42,1.27619537275064,0.84,0.0710659898477157,NA,NA,NA,NA,NA,NA,NA,NA
"3558","sexo2=1,alcool=0,comtabagis=0,ppl=0,pdres5=1,tipores3=0  encerra2=0",43,1.25632786236899,0.826923076923077,0.0727580372250423,NA,NA,NA,NA,NA,NA,NA,NA
"3559","sexo2=1,fxet3=1,hiv3=0,alcool=0,comdrogas=0,tipores3=0  encerra2=0",34,1.2913881748072,0.85,0.0575296108291032,NA,NA,NA,NA,NA,NA,NA,NA
"3560","sexo2=1,fxet3=1,hiv3=0,alcool=0,ppl=0,tipores3=0  encerra2=0",35,1.20851834540781,0.795454545454545,0.0592216582064298,NA,NA,NA,NA,NA,NA,NA,NA
"3561","sexo2=1,fxet3=1,alcool=0,comdrogas=0,ppl=0,tipores3=0  encerra2=0",40,1.26606683804627,0.833333333333333,0.0676818950930626,NA,NA,NA,NA,NA,NA,NA,NA
"3562","sexo2=1,fxet3=1,alcool=0,comdrogas=0,pdres5=1,tipores3=0  encerra2=0",41,1.2712344577934,0.836734693877551,0.0693739424703892,NA,NA,NA,NA,NA,NA,NA,NA
"3563","sexo2=1,alcool=0,comdrogas=0,ppl=0,pdres5=1,tipores3=0  encerra2=0",45,1.26606683804627,0.833333333333333,0.0761421319796954,NA,NA,NA,NA,NA,NA,NA,NA
"3564","sexo2=1,fxet3=1,alcool=0,ppl=0,pdres5=1,tipores3=0  encerra2=0",42,1.20395789882136,0.792452830188679,0.0710659898477157,NA,NA,NA,NA,NA,NA,NA,NA
"3565","sexo2=1,comtabagis=0,comdrogas=0,ppl=0,pdres5=1,tipores3=0  encerra2=0",42,1.22711093533716,0.807692307692308,0.0710659898477157,NA,NA,NA,NA,NA,NA,NA,NA
"3566","hiv3=0,alcool=0,comdiab=0,comtabagis=0,comdrogas=0,tipores3=0  encerra2=0",44,1.23793201942302,0.814814814814815,0.0744500846023689,NA,NA,NA,NA,NA,NA,NA,NA
"3567","alcool=0,comtabagis=0,comdrogas=0,ppl=0,pdres5=1,tipores3=0  encerra2=0",73,1.21876324189949,0.802197802197802,0.123519458544839,NA,NA,NA,NA,NA,NA,NA,NA
"3568","fxet3=1,alcool=0,comdrogas=0,ppl=0,pdres5=1,tipores3=0  encerra2=0",74,1.22202973063597,0.804347826086957,0.125211505922166,NA,NA,NA,NA,NA,NA,NA,NA
"3569","fxet3=1,hiv3=0,comdiab=0,comdrogas=0,pdres5=1,tipores3=0  encerra2=0",51,1.21067641388175,0.796875,0.0862944162436548,NA,NA,NA,NA,NA,NA,NA,NA
"3570","raca3=1,escol4=1,alcool=1,comdiab=0,cavitacao=1,bilateral=0  encerra2=0",19,1.44331619537275,0.95,0.0321489001692047,NA,NA,NA,NA,NA,NA,NA,NA
"3571","raca3=1,escol4=1,alcool=1,ppl=0,cavitacao=1,bilateral=0  encerra2=0",19,1.37458685273595,0.904761904761905,0.0321489001692047,NA,NA,NA,NA,NA,NA,NA,NA
"3572","raca3=1,escol4=1,alcool=1,pdres5=1,cavitacao=1,bilateral=0  encerra2=0",19,1.37458685273595,0.904761904761905,0.0321489001692047,NA,NA,NA,NA,NA,NA,NA,NA
"3573","raca3=1,escol4=1,alcool=1,comdiab=0,ppl=0,bilateral=0  encerra2=0",24,1.35047129391602,0.888888888888889,0.0406091370558376,NA,NA,NA,NA,NA,NA,NA,NA
"3574","raca3=1,escol4=1,alcool=1,ppl=0,pdres5=1,bilateral=0  encerra2=0",24,1.30224017627617,0.857142857142857,0.0406091370558376,NA,NA,NA,NA,NA,NA,NA,NA
"3575","raca3=1,alcool=1,comdiab=0,ppl=0,cavitacao=1,bilateral=0  encerra2=0",22,1.3926735218509,0.916666666666667,0.0372250423011844,NA,NA,NA,NA,NA,NA,NA,NA
"3576","raca3=1,alcool=1,ppl=0,pdres5=1,cavitacao=1,bilateral=0  encerra2=0",22,1.33696658097686,0.88,0.0372250423011844,NA,NA,NA,NA,NA,NA,NA,NA
"3577","escol4=1,hiv3=0,alcool=1,comdiab=0,comdrogas=0,bilateral=0  encerra2=0",20,1.32111322230915,0.869565217391304,0.0338409475465313,NA,NA,NA,NA,NA,NA,NA,NA
"3578","escol4=1,alcool=1,comdiab=0,ppl=0,cavitacao=1,bilateral=0  encerra2=0",25,1.35650018362101,0.892857142857143,0.0423011844331641,NA,NA,NA,NA,NA,NA,NA,NA
"3579","escol4=1,alcool=1,ppl=0,pdres5=1,cavitacao=1,bilateral=0  encerra2=0",25,1.30972431522028,0.862068965517241,0.0423011844331641,NA,NA,NA,NA,NA,NA,NA,NA
"3580","sexo2=1,raca3=1,escol4=1,mumigual=1,alcool=1,cavitacao=1  encerra2=0",19,1.2550575611937,0.826086956521739,0.0321489001692047,NA,NA,NA,NA,NA,NA,NA,NA
"3581","sexo2=1,raca3=1,mumigual=1,hiv3=0,alcool=1,cavitacao=1  encerra2=0",19,1.31210563215705,0.863636363636364,0.0321489001692047,NA,NA,NA,NA,NA,NA,NA,NA
"3582","sexo2=1,fxet3=1,escol4=1,mumigual=1,hiv3=0,alcool=1  encerra2=0",29,1.19078718821649,0.783783783783784,0.0490693739424704,NA,NA,NA,NA,NA,NA,NA,NA
"3583","sexo2=1,fxet3=1,escol4=1,mumigual=1,alcool=1,cavitacao=1  encerra2=0",27,1.10866393385674,0.72972972972973,0.0456852791878173,NA,NA,NA,NA,NA,NA,NA,NA
"3584","sexo2=1,fxet3=1,mumigual=1,hiv3=0,alcool=1,comdrogas=0  encerra2=0",21,1.22711093533716,0.807692307692308,0.0355329949238579,NA,NA,NA,NA,NA,NA,NA,NA
"3585","sexo2=1,fxet3=1,mumigual=1,hiv3=0,alcool=1,comdiab=0  encerra2=0",33,1.19372016158649,0.785714285714286,0.0558375634517767,NA,NA,NA,NA,NA,NA,NA,NA
"3586","fxet3=1,mumigual=1,hiv3=0,alcool=1,comdrogas=0,tipores3=1  encerra2=0",21,1.18166238217652,0.777777777777778,0.0355329949238579,NA,NA,NA,NA,NA,NA,NA,NA
"3587","fxet3=1,mumigual=1,hiv3=0,alcool=1,comdrogas=0,cavitacao=1  encerra2=0",21,1.18166238217652,0.777777777777778,0.0355329949238579,NA,NA,NA,NA,NA,NA,NA,NA
"3588","sexo2=1,raca3=1,escol4=1,hiv3=0,alcool=1,comdiab=0  encerra2=0",41,1.11233015056923,0.732142857142857,0.0693739424703892,NA,NA,NA,NA,NA,NA,NA,NA
"3589","raca3=1,escol4=1,hiv3=0,alcool=1,comdiab=0,comtabagis=0  encerra2=0",21,1.10016842478504,0.724137931034483,0.0355329949238579,NA,NA,NA,NA,NA,NA,NA,NA
"3590","raca3=0,escol4=0,mumigual=0,hiv3=0,comdiab=0,bilateral=0  encerra2=0",21,1.38716888342461,0.91304347826087,0.0355329949238579,NA,NA,NA,NA,NA,NA,NA,NA
"3591","raca3=0,fxet3=1,escol4=0,mumigual=0,hiv3=0,bilateral=0  encerra2=0",23,1.39773778920308,0.92,0.038917089678511,NA,NA,NA,NA,NA,NA,NA,NA
"3592","raca3=0,escol4=0,hiv3=0,alcool=0,comtabagis=0,bilateral=0  encerra2=0",24,1.35047129391602,0.888888888888889,0.0406091370558376,NA,NA,NA,NA,NA,NA,NA,NA
"3593","raca3=0,escol4=0,alcool=0,comtabagis=0,cavitacao=1,bilateral=0  encerra2=0",18,1.43931808956839,0.947368421052632,0.0304568527918782,NA,NA,NA,NA,NA,NA,NA,NA
"3594","raca3=0,fxet3=1,escol4=0,hiv3=0,alcool=0,bilateral=0  encerra2=0",26,1.41076019096585,0.928571428571429,0.0439932318104907,NA,NA,NA,NA,NA,NA,NA,NA
"3595","raca3=0,fxet3=1,escol4=0,alcool=0,cavitacao=1,bilateral=0  encerra2=0",21,1.45022201448937,0.954545454545455,0.0355329949238579,NA,NA,NA,NA,NA,NA,NA,NA
"3596","raca3=0,escol4=0,hiv3=0,comtabagis=0,comdrogas=0,bilateral=0  encerra2=0",23,1.3439786434645,0.884615384615385,0.038917089678511,NA,NA,NA,NA,NA,NA,NA,NA
"3597","raca3=0,escol4=0,hiv3=0,comdiab=0,comtabagis=0,bilateral=0  encerra2=0",23,1.39773778920308,0.92,0.038917089678511,NA,NA,NA,NA,NA,NA,NA,NA
"3598","raca3=0,fxet3=1,escol4=0,hiv3=0,comdrogas=0,bilateral=0  encerra2=0",26,1.41076019096585,0.928571428571429,0.0439932318104907,NA,NA,NA,NA,NA,NA,NA,NA
"3599","raca3=0,fxet3=1,escol4=0,hiv3=0,comdiab=0,bilateral=0  encerra2=0",26,1.46301056840903,0.962962962962963,0.0439932318104907,NA,NA,NA,NA,NA,NA,NA,NA
"3600","raca3=0,fxet3=1,escol4=0,comdrogas=0,cavitacao=1,bilateral=0  encerra2=0",21,1.45022201448937,0.954545454545455,0.0355329949238579,NA,NA,NA,NA,NA,NA,NA,NA
"3601","raca3=0,fxet3=1,escol4=0,comdiab=0,cavitacao=1,bilateral=0  encerra2=0",21,1.45022201448937,0.954545454545455,0.0355329949238579,NA,NA,NA,NA,NA,NA,NA,NA
"3602","escol4=0,mumigual=0,hiv3=0,alcool=0,comtabagis=0,bilateral=0  encerra2=0",35,1.29694651702301,0.853658536585366,0.0592216582064298,NA,NA,NA,NA,NA,NA,NA,NA
"3603","escol4=0,mumigual=0,alcool=0,comtabagis=0,cavitacao=1,bilateral=0  encerra2=0",25,1.46084635159185,0.961538461538462,0.0423011844331641,NA,NA,NA,NA,NA,NA,NA,NA
"3604","escol4=0,mumigual=0,alcool=0,comdiab=0,comtabagis=0,bilateral=0  encerra2=0",34,1.2913881748072,0.85,0.0575296108291032,NA,NA,NA,NA,NA,NA,NA,NA
"3605","escol4=0,mumigual=0,hiv3=0,alcool=0,comdiab=0,bilateral=0  encerra2=0",33,1.28554478940083,0.846153846153846,0.0558375634517767,NA,NA,NA,NA,NA,NA,NA,NA
"3606","fxet3=1,escol4=0,mumigual=0,hiv3=0,alcool=0,bilateral=0  encerra2=0",37,1.37105774656718,0.902439024390244,0.0626057529610829,NA,NA,NA,NA,NA,NA,NA,NA
"3607","fxet3=1,escol4=0,mumigual=0,alcool=0,cavitacao=1,bilateral=0  encerra2=0",28,1.46689123304672,0.96551724137931,0.0473773265651438,NA,NA,NA,NA,NA,NA,NA,NA
"3608","fxet3=1,escol4=0,mumigual=0,alcool=0,comdiab=0,bilateral=0  encerra2=0",37,1.37105774656718,0.902439024390244,0.0626057529610829,NA,NA,NA,NA,NA,NA,NA,NA
"3609","escol4=0,mumigual=0,hiv3=0,comdiab=0,comtabagis=0,bilateral=0  encerra2=0",33,1.25340616966581,0.825,0.0558375634517767,NA,NA,NA,NA,NA,NA,NA,NA
"3610","fxet3=1,escol4=0,mumigual=0,hiv3=0,comdiab=0,bilateral=0  encerra2=0",36,1.3340021317951,0.878048780487805,0.0609137055837563,NA,NA,NA,NA,NA,NA,NA,NA
"3611","escol4=0,hiv3=0,alcool=0,comdiab=0,comtabagis=0,bilateral=0  encerra2=0",39,1.28808539175143,0.847826086956522,0.065989847715736,NA,NA,NA,NA,NA,NA,NA,NA
"3612","fxet3=1,escol4=0,hiv3=0,alcool=0,comtabagis=0,bilateral=0  encerra2=0",44,1.33696658097686,0.88,0.0744500846023689,NA,NA,NA,NA,NA,NA,NA,NA
"3613","fxet3=1,escol4=0,alcool=0,comdiab=0,comtabagis=0,bilateral=0  encerra2=0",44,1.33696658097686,0.88,0.0744500846023689,NA,NA,NA,NA,NA,NA,NA,NA
"3614","fxet3=1,escol4=0,hiv3=0,alcool=0,comdiab=0,bilateral=0  encerra2=0",41,1.32532954110376,0.872340425531915,0.0693739424703892,NA,NA,NA,NA,NA,NA,NA,NA
"3615","fxet3=1,escol4=0,hiv3=0,comtabagis=0,comdrogas=0,bilateral=0  encerra2=0",45,1.28995489159432,0.849056603773585,0.0761421319796954,NA,NA,NA,NA,NA,NA,NA,NA
"3616","fxet3=1,escol4=0,hiv3=0,comdiab=0,comtabagis=0,bilateral=0  encerra2=0",42,1.30224017627617,0.857142857142857,0.0710659898477157,NA,NA,NA,NA,NA,NA,NA,NA
"3617","raca3=0,escol4=0,mumigual=0,alcool=0,comtabagis=0,bilateral=1  encerra2=0",26,1.36211328782909,0.896551724137931,0.0439932318104907,NA,NA,NA,NA,NA,NA,NA,NA
"3618","raca3=0,escol4=0,mumigual=0,alcool=0,comdrogas=0,bilateral=1  encerra2=0",26,1.41076019096585,0.928571428571429,0.0439932318104907,NA,NA,NA,NA,NA,NA,NA,NA
"3619","raca3=0,escol4=0,mumigual=0,alcool=0,ppl=0,bilateral=1  encerra2=0",29,1.37684768637532,0.90625,0.0490693739424704,NA,NA,NA,NA,NA,NA,NA,NA
"3620","raca3=0,escol4=0,mumigual=0,comtabagis=0,comdrogas=0,bilateral=1  encerra2=0",24,1.35047129391602,0.888888888888889,0.0406091370558376,NA,NA,NA,NA,NA,NA,NA,NA
"3621","raca3=0,escol4=0,mumigual=0,alcool=0,cavitacao=1,tipores3=1  encerra2=0",22,1.3926735218509,0.916666666666667,0.0372250423011844,NA,NA,NA,NA,NA,NA,NA,NA
"3622","raca3=0,escol4=0,mumigual=0,alcool=0,comtabagis=0,cavitacao=1  encerra2=0",34,1.39609532411589,0.918918918918919,0.0575296108291032,NA,NA,NA,NA,NA,NA,NA,NA
"3623","raca3=0,fxet3=1,escol4=0,mumigual=0,alcool=0,comtabagis=0  encerra2=0",48,1.35047129391602,0.888888888888889,0.0812182741116751,NA,NA,NA,NA,NA,NA,NA,NA
"3624","raca3=0,escol4=0,mumigual=0,hiv3=0,alcool=0,comdrogas=0  encerra2=0",44,1.3642516132417,0.897959183673469,0.0744500846023689,NA,NA,NA,NA,NA,NA,NA,NA
"3625","raca3=0,escol4=0,mumigual=0,alcool=0,comdrogas=0,cavitacao=1  encerra2=0",37,1.40533419023136,0.925,0.0626057529610829,NA,NA,NA,NA,NA,NA,NA,NA
"3626","raca3=0,escol4=0,mumigual=0,alcool=0,ppl=0,cavitacao=1  encerra2=0",38,1.40811336133927,0.926829268292683,0.0642978003384095,NA,NA,NA,NA,NA,NA,NA,NA
"3627","raca3=0,fxet3=1,escol4=0,mumigual=0,alcool=0,comdrogas=0  encerra2=0",50,1.38116382332321,0.909090909090909,0.0846023688663283,NA,NA,NA,NA,NA,NA,NA,NA
"3628","raca3=0,fxet3=1,escol4=0,mumigual=0,alcool=0,ppl=0  encerra2=0",53,1.36477713389395,0.898305084745763,0.089678510998308,NA,NA,NA,NA,NA,NA,NA,NA
"3629","raca3=0,fxet3=1,escol4=0,mumigual=0,hiv3=0,tipores3=1  encerra2=0",26,1.27423501119496,0.838709677419355,0.0439932318104907,NA,NA,NA,NA,NA,NA,NA,NA
"3630","raca3=0,escol4=0,mumigual=0,comdrogas=0,cavitacao=1,tipores3=1  encerra2=0",21,1.38716888342461,0.91304347826087,0.0355329949238579,NA,NA,NA,NA,NA,NA,NA,NA
"3631","raca3=0,escol4=0,mumigual=0,hiv3=0,comtabagis=0,comdrogas=0  encerra2=0",40,1.32111322230915,0.869565217391304,0.0676818950930626,NA,NA,NA,NA,NA,NA,NA,NA
"3632","raca3=0,escol4=0,mumigual=0,comtabagis=0,comdrogas=0,cavitacao=1  encerra2=0",33,1.35503369693601,0.891891891891892,0.0558375634517767,NA,NA,NA,NA,NA,NA,NA,NA
"3633","raca3=0,escol4=0,mumigual=0,comdiab=0,comtabagis=0,comdrogas=0  encerra2=0",37,1.33841351450606,0.880952380952381,0.0626057529610829,NA,NA,NA,NA,NA,NA,NA,NA
"3634","raca3=0,fxet3=1,escol4=0,mumigual=0,comtabagis=0,comdrogas=0  encerra2=0",45,1.34054135793135,0.882352941176471,0.0761421319796954,NA,NA,NA,NA,NA,NA,NA,NA
"3635","raca3=0,fxet3=1,escol4=0,mumigual=0,comdiab=0,comtabagis=0  encerra2=0",39,1.28808539175143,0.847826086956522,0.065989847715736,NA,NA,NA,NA,NA,NA,NA,NA
"3636","raca3=0,escol4=0,mumigual=0,hiv3=0,comdiab=0,comdrogas=0  encerra2=0",36,1.3340021317951,0.878048780487805,0.0609137055837563,NA,NA,NA,NA,NA,NA,NA,NA
"3637","raca3=0,fxet3=1,escol4=0,mumigual=0,hiv3=0,comdrogas=0  encerra2=0",44,1.33696658097686,0.88,0.0744500846023689,NA,NA,NA,NA,NA,NA,NA,NA
"3638","raca3=0,escol4=0,mumigual=0,comdiab=0,comdrogas=0,cavitacao=1  encerra2=0",31,1.34564818215204,0.885714285714286,0.0524534686971235,NA,NA,NA,NA,NA,NA,NA,NA
"3639","raca3=0,fxet3=1,escol4=0,mumigual=0,comdiab=0,comdrogas=0  encerra2=0",41,1.35414105286688,0.891304347826087,0.0693739424703892,NA,NA,NA,NA,NA,NA,NA,NA
"3640","raca3=0,fxet3=1,escol4=0,mumigual=0,comdiab=0,ppl=0  encerra2=0",44,1.28554478940083,0.846153846153846,0.0744500846023689,NA,NA,NA,NA,NA,NA,NA,NA
"3641","raca3=0,escol4=0,hiv3=0,alcool=0,bilateral=1,tipores3=1  encerra2=0",25,1.30972431522028,0.862068965517241,0.0423011844331641,NA,NA,NA,NA,NA,NA,NA,NA
"3642","raca3=0,escol4=0,alcool=0,comdiab=0,bilateral=1,tipores3=1  encerra2=0",25,1.30972431522028,0.862068965517241,0.0423011844331641,NA,NA,NA,NA,NA,NA,NA,NA
"3643","raca3=0,escol4=0,hiv3=0,alcool=0,comdrogas=0,bilateral=1  encerra2=0",36,1.3340021317951,0.878048780487805,0.0609137055837563,NA,NA,NA,NA,NA,NA,NA,NA
"3644","raca3=0,escol4=0,hiv3=0,alcool=0,ppl=0,bilateral=1  encerra2=0",39,1.31670951156812,0.866666666666667,0.065989847715736,NA,NA,NA,NA,NA,NA,NA,NA
"3645","raca3=0,escol4=0,hiv3=0,comdrogas=0,bilateral=1,tipores3=1  encerra2=0",24,1.30224017627617,0.857142857142857,0.0406091370558376,NA,NA,NA,NA,NA,NA,NA,NA
"3646","raca3=0,escol4=0,hiv3=0,alcool=0,cavitacao=1,tipores3=1  encerra2=0",33,1.31937491543769,0.868421052631579,0.0558375634517767,NA,NA,NA,NA,NA,NA,NA,NA
"3647","raca3=0,escol4=0,hiv3=0,alcool=0,comtabagis=0,cavitacao=1  encerra2=0",46,1.3439786434645,0.884615384615385,0.077834179357022,NA,NA,NA,NA,NA,NA,NA,NA
"3648","raca3=0,escol4=0,hiv3=0,alcool=0,comtabagis=0,comdrogas=0  encerra2=0",56,1.32937017994859,0.875,0.0947546531302876,NA,NA,NA,NA,NA,NA,NA,NA
"3649","raca3=0,fxet3=1,escol4=0,hiv3=0,alcool=0,comtabagis=0  encerra2=0",57,1.33229187265177,0.876923076923077,0.0964467005076142,NA,NA,NA,NA,NA,NA,NA,NA
"3650","raca3=0,escol4=0,alcool=0,comdiab=0,comtabagis=0,cavitacao=1  encerra2=0",43,1.33324589475893,0.877551020408163,0.0727580372250423,NA,NA,NA,NA,NA,NA,NA,NA
"3651","raca3=0,fxet3=1,escol4=0,alcool=0,comtabagis=0,cavitacao=1  encerra2=0",52,1.33902662193368,0.88135593220339,0.0879864636209814,NA,NA,NA,NA,NA,NA,NA,NA
"3652","raca3=0,escol4=0,alcool=0,comdiab=0,comtabagis=0,comdrogas=0  encerra2=0",56,1.32937017994859,0.875,0.0947546531302876,NA,NA,NA,NA,NA,NA,NA,NA
"3653","raca3=0,fxet3=1,escol4=0,alcool=0,comdiab=0,comtabagis=0  encerra2=0",57,1.33229187265177,0.876923076923077,0.0964467005076142,NA,NA,NA,NA,NA,NA,NA,NA
"3654","raca3=0,escol4=0,hiv3=0,alcool=0,ppl=0,cavitacao=1  encerra2=0",49,1.32937017994859,0.875,0.0829103214890017,NA,NA,NA,NA,NA,NA,NA,NA
"3655","raca3=0,fxet3=1,escol4=0,hiv3=0,alcool=0,comdrogas=0  encerra2=0",59,1.35814442626782,0.893939393939394,0.0998307952622673,NA,NA,NA,NA,NA,NA,NA,NA
"3656","raca3=0,fxet3=1,escol4=0,hiv3=0,alcool=0,ppl=0  encerra2=0",62,1.34564818215204,0.885714285714286,0.104906937394247,NA,NA,NA,NA,NA,NA,NA,NA
"3657","raca3=0,escol4=0,alcool=0,comdiab=0,ppl=0,cavitacao=1  encerra2=0",48,1.32591727039028,0.872727272727273,0.0812182741116751,NA,NA,NA,NA,NA,NA,NA,NA
"3658","raca3=0,fxet3=1,escol4=0,alcool=0,ppl=0,cavitacao=1  encerra2=0",57,1.35310893316195,0.890625,0.0964467005076142,NA,NA,NA,NA,NA,NA,NA,NA
"3659","raca3=0,fxet3=1,escol4=0,alcool=0,comdiab=0,comdrogas=0  encerra2=0",59,1.35814442626782,0.893939393939394,0.0998307952622673,NA,NA,NA,NA,NA,NA,NA,NA
"3660","raca3=0,fxet3=1,escol4=0,alcool=0,comdiab=0,ppl=0  encerra2=0",63,1.34809370360983,0.887323943661972,0.106598984771574,NA,NA,NA,NA,NA,NA,NA,NA
"3661","raca3=0,escol4=0,hiv3=0,comdrogas=0,cavitacao=1,tipores3=1  encerra2=0",32,1.31397206975613,0.864864864864865,0.0541455160744501,NA,NA,NA,NA,NA,NA,NA,NA
"3662","raca3=0,escol4=0,hiv3=0,comtabagis=0,comdrogas=0,cavitacao=1  encerra2=0",45,1.31476171643267,0.865384615384615,0.0761421319796954,NA,NA,NA,NA,NA,NA,NA,NA
"3663","raca3=0,escol4=0,hiv3=0,comdiab=0,comtabagis=0,comdrogas=0  encerra2=0",45,1.31476171643267,0.865384615384615,0.0761421319796954,NA,NA,NA,NA,NA,NA,NA,NA
"3664","raca3=0,fxet3=1,escol4=0,hiv3=0,comdiab=0,comdrogas=0  encerra2=0",49,1.32937017994859,0.875,0.0829103214890017,NA,NA,NA,NA,NA,NA,NA,NA
"3665","escol4=0,mumigual=1,hiv3=0,alcool=0,cavitacao=1,bilateral=1  encerra2=0",20,1.26606683804627,0.833333333333333,0.0338409475465313,NA,NA,NA,NA,NA,NA,NA,NA
"3666","fxet3=1,escol4=0,mumigual=1,hiv3=0,alcool=0,bilateral=1  encerra2=0",23,1.24798016893133,0.821428571428571,0.038917089678511,NA,NA,NA,NA,NA,NA,NA,NA
"3667","escol4=0,mumigual=1,alcool=0,comdiab=0,cavitacao=1,bilateral=1  encerra2=0",23,1.24798016893133,0.821428571428571,0.038917089678511,NA,NA,NA,NA,NA,NA,NA,NA
"3668","escol4=0,mumigual=1,alcool=0,comdiab=0,comdrogas=0,bilateral=1  encerra2=0",29,1.25883217040029,0.828571428571429,0.0490693739424704,NA,NA,NA,NA,NA,NA,NA,NA
"3669","fxet3=1,escol4=0,mumigual=1,alcool=0,comdiab=0,bilateral=1  encerra2=0",29,1.25883217040029,0.828571428571429,0.0490693739424704,NA,NA,NA,NA,NA,NA,NA,NA
"3670","escol4=0,mumigual=1,hiv3=0,comdrogas=0,cavitacao=1,bilateral=1  encerra2=0",21,1.27619537275064,0.84,0.0355329949238579,NA,NA,NA,NA,NA,NA,NA,NA
"3671","fxet3=1,escol4=0,mumigual=1,hiv3=0,comdrogas=0,bilateral=1  encerra2=0",25,1.26606683804627,0.833333333333333,0.0423011844331641,NA,NA,NA,NA,NA,NA,NA,NA
"3672","escol4=0,mumigual=1,comdiab=0,comdrogas=0,cavitacao=1,bilateral=1  encerra2=0",23,1.24798016893133,0.821428571428571,0.038917089678511,NA,NA,NA,NA,NA,NA,NA,NA
"3673","fxet3=1,escol4=0,mumigual=1,comdiab=0,comdrogas=0,bilateral=1  encerra2=0",30,1.26606683804627,0.833333333333333,0.050761421319797,NA,NA,NA,NA,NA,NA,NA,NA
"3674","escol4=0,mumigual=1,hiv3=0,alcool=0,comtabagis=0,cavitacao=1  encerra2=0",28,1.25117193406926,0.823529411764706,0.0473773265651438,NA,NA,NA,NA,NA,NA,NA,NA
"3675","escol4=0,mumigual=1,alcool=0,comdiab=0,comtabagis=0,comdrogas=0  encerra2=0",37,1.27757653657397,0.840909090909091,0.0626057529610829,NA,NA,NA,NA,NA,NA,NA,NA
"3676","fxet3=1,escol4=0,mumigual=1,alcool=0,comdiab=0,comdrogas=0  encerra2=0",37,1.24918594687232,0.822222222222222,0.0626057529610829,NA,NA,NA,NA,NA,NA,NA,NA
"3677","escol4=0,mumigual=1,hiv3=0,comtabagis=0,comdrogas=0,cavitacao=1  encerra2=0",28,1.25117193406926,0.823529411764706,0.0473773265651438,NA,NA,NA,NA,NA,NA,NA,NA
"3678","fxet3=1,escol4=0,mumigual=1,hiv3=0,comdrogas=0,cavitacao=1  encerra2=0",31,1.23941279935056,0.815789473684211,0.0524534686971235,NA,NA,NA,NA,NA,NA,NA,NA
"3679","sexo2=1,escol4=0,mumigual=0,alcool=0,bilateral=1,tipores3=1  encerra2=0",22,1.23793201942302,0.814814814814815,0.0372250423011844,NA,NA,NA,NA,NA,NA,NA,NA
"3680","sexo2=1,escol4=0,mumigual=0,alcool=0,comtabagis=0,bilateral=1  encerra2=0",31,1.27291044257625,0.837837837837838,0.0524534686971235,NA,NA,NA,NA,NA,NA,NA,NA
"3681","sexo2=1,escol4=0,mumigual=0,alcool=0,comdrogas=0,bilateral=1  encerra2=0",31,1.27291044257625,0.837837837837838,0.0524534686971235,NA,NA,NA,NA,NA,NA,NA,NA
"3682","sexo2=1,escol4=0,mumigual=0,alcool=0,ppl=0,bilateral=1  encerra2=0",34,1.25989090225092,0.829268292682927,0.0575296108291032,NA,NA,NA,NA,NA,NA,NA,NA
"3683","sexo2=1,escol4=0,mumigual=0,comtabagis=0,comdrogas=0,bilateral=1  encerra2=0",29,1.2238646101114,0.805555555555556,0.0490693739424704,NA,NA,NA,NA,NA,NA,NA,NA
"3684","sexo2=1,escol4=0,mumigual=0,alcool=0,comtabagis=0,cavitacao=1  encerra2=0",33,1.31937491543769,0.868421052631579,0.0558375634517767,NA,NA,NA,NA,NA,NA,NA,NA
"3685","sexo2=1,escol4=0,mumigual=0,alcool=0,comtabagis=0,comdrogas=0  encerra2=0",43,1.25632786236899,0.826923076923077,0.0727580372250423,NA,NA,NA,NA,NA,NA,NA,NA
"3686","sexo2=1,fxet3=1,escol4=0,mumigual=0,alcool=0,comtabagis=0  encerra2=0",44,1.28554478940083,0.846153846153846,0.0744500846023689,NA,NA,NA,NA,NA,NA,NA,NA
"3687","sexo2=1,escol4=0,mumigual=0,hiv3=0,alcool=0,cavitacao=1  encerra2=0",32,1.24658888669171,0.82051282051282,0.0541455160744501,NA,NA,NA,NA,NA,NA,NA,NA
"3688","sexo2=1,escol4=0,mumigual=0,alcool=0,comdrogas=0,cavitacao=1  encerra2=0",34,1.25989090225092,0.829268292682927,0.0575296108291032,NA,NA,NA,NA,NA,NA,NA,NA
"3689","sexo2=1,fxet3=1,escol4=0,mumigual=0,alcool=0,cavitacao=1  encerra2=0",34,1.25989090225092,0.829268292682927,0.0575296108291032,NA,NA,NA,NA,NA,NA,NA,NA
"3690","sexo2=1,escol4=0,mumigual=0,alcool=0,ppl=0,cavitacao=1  encerra2=0",34,1.25989090225092,0.829268292682927,0.0575296108291032,NA,NA,NA,NA,NA,NA,NA,NA
"3691","sexo2=1,fxet3=1,escol4=0,mumigual=0,alcool=0,comdrogas=0  encerra2=0",44,1.28554478940083,0.846153846153846,0.0744500846023689,NA,NA,NA,NA,NA,NA,NA,NA
"3692","sexo2=1,fxet3=1,escol4=0,mumigual=0,alcool=0,ppl=0  encerra2=0",47,1.27511017260375,0.839285714285714,0.0795262267343486,NA,NA,NA,NA,NA,NA,NA,NA
"3693","fxet3=1,escol4=0,mumigual=0,hiv3=0,alcool=0,comdrogas=0  encerra2=0",74,1.26322174402819,0.831460674157303,0.125211505922166,NA,NA,NA,NA,NA,NA,NA,NA
"3694","fxet3=1,escol4=0,mumigual=0,alcool=0,ppl=0,cavitacao=1  encerra2=0",63,1.25940332837234,0.828947368421053,0.106598984771574,NA,NA,NA,NA,NA,NA,NA,NA
"3695","sexo2=1,raca3=1,escol4=0,alcool=0,comtabagis=0,bilateral=1  encerra2=0",21,1.22711093533716,0.807692307692308,0.0355329949238579,NA,NA,NA,NA,NA,NA,NA,NA
"3696","sexo2=1,raca3=1,escol4=0,comtabagis=0,comdrogas=0,bilateral=1  encerra2=0",21,1.22711093533716,0.807692307692308,0.0355329949238579,NA,NA,NA,NA,NA,NA,NA,NA
"3697","sexo2=1,raca3=1,escol4=0,alcool=0,comtabagis=0,cavitacao=1  encerra2=0",24,1.25733534261147,0.827586206896552,0.0406091370558376,NA,NA,NA,NA,NA,NA,NA,NA
"3698","sexo2=1,raca3=1,escol4=0,alcool=0,comtabagis=0,comdrogas=0  encerra2=0",30,1.23184881539637,0.810810810810811,0.050761421319797,NA,NA,NA,NA,NA,NA,NA,NA
"3699","sexo2=1,escol4=0,hiv3=0,alcool=0,comtabagis=0,bilateral=1  encerra2=0",38,1.22835420882787,0.808510638297872,0.0642978003384095,NA,NA,NA,NA,NA,NA,NA,NA
"3700","sexo2=1,escol4=0,alcool=0,comtabagis=0,comdrogas=0,bilateral=1  encerra2=0",46,1.24798016893133,0.821428571428571,0.077834179357022,NA,NA,NA,NA,NA,NA,NA,NA
"3701","sexo2=1,escol4=0,hiv3=0,alcool=0,comdrogas=0,bilateral=1  encerra2=0",38,1.22835420882787,0.808510638297872,0.0642978003384095,NA,NA,NA,NA,NA,NA,NA,NA
"3702","sexo2=1,escol4=0,hiv3=0,alcool=0,ppl=0,bilateral=1  encerra2=0",40,1.21542416452442,0.8,0.0676818950930626,NA,NA,NA,NA,NA,NA,NA,NA
"3703","sexo2=1,escol4=0,comdiab=0,comtabagis=0,comdrogas=0,bilateral=1  encerra2=0",39,1.20922302082787,0.795918367346939,0.065989847715736,NA,NA,NA,NA,NA,NA,NA,NA
"3704","sexo2=1,escol4=0,hiv3=0,alcool=0,comtabagis=0,cavitacao=1  encerra2=0",44,1.28554478940083,0.846153846153846,0.0744500846023689,NA,NA,NA,NA,NA,NA,NA,NA
"3705","sexo2=1,escol4=0,alcool=0,comtabagis=0,comdrogas=0,cavitacao=1  encerra2=0",49,1.2617750860529,0.830508474576271,0.0829103214890017,NA,NA,NA,NA,NA,NA,NA,NA
"3706","sexo2=1,escol4=0,alcool=0,comdiab=0,comtabagis=0,cavitacao=1  encerra2=0",43,1.25632786236899,0.826923076923077,0.0727580372250423,NA,NA,NA,NA,NA,NA,NA,NA
"3707","sexo2=1,fxet3=1,escol4=0,alcool=0,comtabagis=0,cavitacao=1  encerra2=0",49,1.2617750860529,0.830508474576271,0.0829103214890017,NA,NA,NA,NA,NA,NA,NA,NA
"3708","sexo2=1,escol4=0,alcool=0,comdiab=0,comtabagis=0,comdrogas=0  encerra2=0",53,1.23879770614989,0.815384615384615,0.089678510998308,NA,NA,NA,NA,NA,NA,NA,NA
"3709","sexo2=1,fxet3=1,escol4=0,alcool=0,comtabagis=0,comdrogas=0  encerra2=0",60,1.26606683804627,0.833333333333333,0.101522842639594,NA,NA,NA,NA,NA,NA,NA,NA
"3710","sexo2=1,fxet3=1,escol4=0,hiv3=0,alcool=0,cavitacao=1  encerra2=0",45,1.24304744099089,0.818181818181818,0.0761421319796954,NA,NA,NA,NA,NA,NA,NA,NA
"3711","escol4=0,alcool=0,comdiab=0,comtabagis=0,comdrogas=0,cavitacao=1  encerra2=0",78,1.23441516709512,0.8125,0.131979695431472,NA,NA,NA,NA,NA,NA,NA,NA
"3712","fxet3=1,escol4=0,hiv3=0,alcool=0,ppl=0,cavitacao=1  encerra2=0",86,1.24436283510834,0.819047619047619,0.145516074450085,NA,NA,NA,NA,NA,NA,NA,NA
"3713","sexo2=0,raca3=0,hiv3=0,cavitacao=1,bilateral=0,tipores3=1  encerra2=0",19,1.44331619537275,0.95,0.0321489001692047,NA,NA,NA,NA,NA,NA,NA,NA
"3714","sexo2=0,raca3=0,hiv3=0,comdrogas=0,bilateral=0,tipores3=1  encerra2=0",23,1.45597686375321,0.958333333333333,0.038917089678511,NA,NA,NA,NA,NA,NA,NA,NA
"3715","sexo2=0,raca3=0,pdres5=1,cavitacao=1,bilateral=0,tipores3=1  encerra2=0",21,1.45022201448937,0.954545454545455,0.0355329949238579,NA,NA,NA,NA,NA,NA,NA,NA
"3716","sexo2=0,raca3=0,comdrogas=0,pdres5=1,bilateral=0,tipores3=1  encerra2=0",27,1.4145022604379,0.931034482758621,0.0456852791878173,NA,NA,NA,NA,NA,NA,NA,NA
"3717","sexo2=0,mumigual=0,hiv3=0,comtabagis=0,bilateral=0,tipores3=1  encerra2=0",24,1.25733534261147,0.827586206896552,0.0406091370558376,NA,NA,NA,NA,NA,NA,NA,NA
"3718","sexo2=0,mumigual=0,comtabagis=0,cavitacao=1,bilateral=0,tipores3=1  encerra2=0",20,1.32111322230915,0.869565217391304,0.0338409475465313,NA,NA,NA,NA,NA,NA,NA,NA
"3719","sexo2=0,mumigual=0,comtabagis=0,comdrogas=0,bilateral=0,tipores3=1  encerra2=0",28,1.28908623510166,0.848484848484849,0.0473773265651438,NA,NA,NA,NA,NA,NA,NA,NA
"3720","sexo2=0,fxet3=1,mumigual=0,comtabagis=0,bilateral=0,tipores3=1  encerra2=0",27,1.28189267352185,0.84375,0.0456852791878173,NA,NA,NA,NA,NA,NA,NA,NA
"3721","sexo2=0,mumigual=0,hiv3=0,comdrogas=0,bilateral=0,tipores3=1  encerra2=0",26,1.27423501119496,0.838709677419355,0.0439932318104907,NA,NA,NA,NA,NA,NA,NA,NA
"3722","sexo2=0,fxet3=1,mumigual=0,hiv3=0,bilateral=0,tipores3=1  encerra2=0",26,1.27423501119496,0.838709677419355,0.0439932318104907,NA,NA,NA,NA,NA,NA,NA,NA
"3723","sexo2=0,mumigual=0,comdrogas=0,cavitacao=1,bilateral=0,tipores3=1  encerra2=0",22,1.33696658097686,0.88,0.0372250423011844,NA,NA,NA,NA,NA,NA,NA,NA
"3724","sexo2=0,fxet3=1,mumigual=0,comdrogas=0,bilateral=0,tipores3=1  encerra2=0",30,1.30224017627617,0.857142857142857,0.050761421319797,NA,NA,NA,NA,NA,NA,NA,NA
"3725","sexo2=0,fxet3=1,mumigual=0,hiv3=0,comtabagis=0,bilateral=0  encerra2=0",36,1.24304744099089,0.818181818181818,0.0609137055837563,NA,NA,NA,NA,NA,NA,NA,NA
"3726","sexo2=0,mumigual=0,comtabagis=0,comdrogas=0,cavitacao=1,bilateral=0  encerra2=0",33,1.31937491543769,0.868421052631579,0.0558375634517767,NA,NA,NA,NA,NA,NA,NA,NA
"3727","sexo2=0,mumigual=0,hiv3=0,comdiab=0,comdrogas=0,bilateral=0  encerra2=0",32,1.24658888669171,0.82051282051282,0.0541455160744501,NA,NA,NA,NA,NA,NA,NA,NA
"3728","sexo2=0,fxet3=1,mumigual=0,hiv3=0,comdrogas=0,bilateral=0  encerra2=0",40,1.26606683804627,0.833333333333333,0.0676818950930626,NA,NA,NA,NA,NA,NA,NA,NA
"3729","sexo2=0,hiv3=0,comtabagis=0,comdrogas=0,bilateral=0,tipores3=1  encerra2=0",30,1.23184881539637,0.810810810810811,0.050761421319797,NA,NA,NA,NA,NA,NA,NA,NA
"3730","sexo2=0,fxet3=1,hiv3=0,comtabagis=0,bilateral=0,tipores3=1  encerra2=0",28,1.21542416452442,0.8,0.0473773265651438,NA,NA,NA,NA,NA,NA,NA,NA
"3731","sexo2=0,fxet3=1,comtabagis=0,pdres5=1,bilateral=0,tipores3=1  encerra2=0",34,1.17398924982473,0.772727272727273,0.0575296108291032,NA,NA,NA,NA,NA,NA,NA,NA
"3732","sexo2=0,hiv3=0,comdiab=0,comdrogas=0,bilateral=0,tipores3=1  encerra2=0",25,1.22522597230284,0.806451612903226,0.0423011844331641,NA,NA,NA,NA,NA,NA,NA,NA
"3733","sexo2=0,fxet3=1,hiv3=0,comdrogas=0,bilateral=0,tipores3=1  encerra2=0",30,1.26606683804627,0.833333333333333,0.050761421319797,NA,NA,NA,NA,NA,NA,NA,NA
"3734","sexo2=0,fxet3=1,comdrogas=0,pdres5=1,bilateral=0,tipores3=1  encerra2=0",38,1.22835420882787,0.808510638297872,0.0642978003384095,NA,NA,NA,NA,NA,NA,NA,NA
"3735","sexo2=0,hiv3=0,comtabagis=0,comdrogas=0,cavitacao=1,bilateral=0  encerra2=0",34,1.22989349981638,0.80952380952381,0.0575296108291032,NA,NA,NA,NA,NA,NA,NA,NA
"3736","sexo2=0,fxet3=1,hiv3=0,comtabagis=0,cavitacao=1,bilateral=0  encerra2=0",33,1.22283528747884,0.804878048780488,0.0558375634517767,NA,NA,NA,NA,NA,NA,NA,NA
"3737","sexo2=0,fxet3=1,hiv3=0,comtabagis=0,comdrogas=0,bilateral=0  encerra2=0",42,1.22711093533716,0.807692307692308,0.0710659898477157,NA,NA,NA,NA,NA,NA,NA,NA
"3738","sexo2=0,fxet3=1,comtabagis=0,pdres5=1,cavitacao=1,bilateral=0  encerra2=0",40,1.21542416452442,0.8,0.0676818950930626,NA,NA,NA,NA,NA,NA,NA,NA
"3739","sexo2=0,hiv3=0,comdiab=0,comdrogas=0,cavitacao=1,bilateral=0  encerra2=0",30,1.23184881539637,0.810810810810811,0.050761421319797,NA,NA,NA,NA,NA,NA,NA,NA
"3740","sexo2=0,fxet3=1,hiv3=0,comdrogas=0,cavitacao=1,bilateral=0  encerra2=0",37,1.24918594687232,0.822222222222222,0.0626057529610829,NA,NA,NA,NA,NA,NA,NA,NA
"3741","sexo2=0,fxet3=1,comdrogas=0,pdres5=1,cavitacao=1,bilateral=0  encerra2=0",45,1.24304744099089,0.818181818181818,0.0761421319796954,NA,NA,NA,NA,NA,NA,NA,NA
"3742","sexo2=0,raca3=0,mumigual=0,hiv3=0,comdiab=0,comdrogas=0  encerra2=0",28,1.41799485861183,0.933333333333333,0.0473773265651438,NA,NA,NA,NA,NA,NA,NA,NA
"3743","sexo2=0,raca3=0,fxet3=1,mumigual=0,hiv3=0,comdrogas=0  encerra2=0",35,1.43715695129577,0.945945945945946,0.0592216582064298,NA,NA,NA,NA,NA,NA,NA,NA
"3744","sexo2=0,raca3=0,mumigual=0,comdiab=0,comdrogas=0,cavitacao=1  encerra2=0",25,1.35650018362101,0.892857142857143,0.0423011844331641,NA,NA,NA,NA,NA,NA,NA,NA
"3745","sexo2=0,raca3=0,fxet3=1,mumigual=0,comdrogas=0,cavitacao=1  encerra2=0",32,1.38905618802791,0.914285714285714,0.0541455160744501,NA,NA,NA,NA,NA,NA,NA,NA
"3746","sexo2=0,raca3=0,comdrogas=0,pdres5=1,cavitacao=1,tipores3=1  encerra2=0",34,1.2913881748072,0.85,0.0575296108291032,NA,NA,NA,NA,NA,NA,NA,NA
"3747","sexo2=0,raca3=0,comdiab=0,comdrogas=0,pdres5=1,tipores3=1  encerra2=0",33,1.31937491543769,0.868421052631579,0.0558375634517767,NA,NA,NA,NA,NA,NA,NA,NA
"3748","sexo2=0,raca3=0,fxet3=1,comdrogas=0,pdres5=1,tipores3=1  encerra2=0",43,1.33324589475893,0.877551020408163,0.0727580372250423,NA,NA,NA,NA,NA,NA,NA,NA
"3749","sexo2=0,fxet3=1,mumigual=1,hiv3=0,alcool=0,bilateral=1  encerra2=0",24,1.13946015424165,0.75,0.0406091370558376,NA,NA,NA,NA,NA,NA,NA,NA
"3750","sexo2=0,fxet3=1,mumigual=1,alcool=0,comdiab=0,bilateral=1  encerra2=0",24,1.13946015424165,0.75,0.0406091370558376,NA,NA,NA,NA,NA,NA,NA,NA
"3751","sexo2=0,fxet3=1,mumigual=0,alcool=0,comtabagis=0,comdrogas=0  encerra2=0",63,1.11296108088719,0.732558139534884,0.106598984771574,NA,NA,NA,NA,NA,NA,NA,NA
"3752","sexo2=0,fxet3=1,mumigual=0,alcool=0,comdrogas=0,pdres5=1  encerra2=0",70,1.11946962521986,0.736842105263158,0.11844331641286,NA,NA,NA,NA,NA,NA,NA,NA
"3753","sexo2=0,fxet3=1,mumigual=0,comtabagis=0,comdrogas=0,pdres5=1  encerra2=0",65,1.10958666705179,0.730337078651685,0.109983079526227,NA,NA,NA,NA,NA,NA,NA,NA
"3754","sexo2=0,fxet3=1,mumigual=0,hiv3=0,comdrogas=0,pdres5=1  encerra2=0",62,1.14872405793467,0.75609756097561,0.104906937394247,NA,NA,NA,NA,NA,NA,NA,NA
"3755","sexo2=0,fxet3=1,alcool=0,comdiab=0,comdrogas=0,pdres5=1  encerra2=0",89,1.11748709341605,0.735537190082645,0.150592216582064,NA,NA,NA,NA,NA,NA,NA,NA
"3756","raca3=0,mumigual=0,hiv3=0,alcool=0,bilateral=0,tipores3=1  encerra2=0",22,1.23793201942302,0.814814814814815,0.0372250423011844,NA,NA,NA,NA,NA,NA,NA,NA
"3757","raca3=0,mumigual=0,alcool=0,cavitacao=1,bilateral=0,tipores3=1  encerra2=0",19,1.37458685273595,0.904761904761905,0.0321489001692047,NA,NA,NA,NA,NA,NA,NA,NA
"3758","raca3=0,mumigual=0,hiv3=0,alcool=0,comdrogas=0,bilateral=0  encerra2=0",32,1.24658888669171,0.82051282051282,0.0541455160744501,NA,NA,NA,NA,NA,NA,NA,NA
"3759","raca3=0,fxet3=1,mumigual=0,hiv3=0,alcool=0,bilateral=0  encerra2=0",34,1.2913881748072,0.85,0.0575296108291032,NA,NA,NA,NA,NA,NA,NA,NA
"3760","raca3=0,mumigual=0,alcool=0,comdrogas=0,cavitacao=1,bilateral=0  encerra2=0",27,1.32324405008707,0.870967741935484,0.0456852791878173,NA,NA,NA,NA,NA,NA,NA,NA
"3761","raca3=0,fxet3=1,mumigual=0,alcool=0,cavitacao=1,bilateral=0  encerra2=0",28,1.32937017994859,0.875,0.0473773265651438,NA,NA,NA,NA,NA,NA,NA,NA
"3762","raca3=0,fxet3=1,mumigual=0,alcool=0,comdrogas=0,bilateral=0  encerra2=0",36,1.27195552101393,0.837209302325581,0.0609137055837563,NA,NA,NA,NA,NA,NA,NA,NA
"3763","raca3=0,mumigual=0,comdrogas=0,cavitacao=1,bilateral=0,tipores3=1  encerra2=0",20,1.32111322230915,0.869565217391304,0.0338409475465313,NA,NA,NA,NA,NA,NA,NA,NA
"3764","raca3=0,fxet3=1,mumigual=0,hiv3=0,comtabagis=0,bilateral=0  encerra2=0",28,1.28908623510166,0.848484848484849,0.0473773265651438,NA,NA,NA,NA,NA,NA,NA,NA
"3765","raca3=0,fxet3=1,mumigual=0,comdrogas=0,cavitacao=1,bilateral=0  encerra2=0",28,1.32937017994859,0.875,0.0473773265651438,NA,NA,NA,NA,NA,NA,NA,NA
"3766","raca3=0,hiv3=0,alcool=0,cavitacao=1,bilateral=0,tipores3=1  encerra2=0",20,1.32111322230915,0.869565217391304,0.0338409475465313,NA,NA,NA,NA,NA,NA,NA,NA
"3767","raca3=0,alcool=0,comdrogas=0,cavitacao=1,bilateral=0,tipores3=1  encerra2=0",22,1.28554478940083,0.846153846153846,0.0372250423011844,NA,NA,NA,NA,NA,NA,NA,NA
"3768","raca3=0,alcool=0,ppl=0,cavitacao=1,bilateral=0,tipores3=1  encerra2=0",22,1.28554478940083,0.846153846153846,0.0372250423011844,NA,NA,NA,NA,NA,NA,NA,NA
"3769","raca3=0,alcool=0,pdres5=1,cavitacao=1,bilateral=0,tipores3=1  encerra2=0",23,1.29420165666952,0.851851851851852,0.038917089678511,NA,NA,NA,NA,NA,NA,NA,NA
"3770","raca3=0,alcool=0,ppl=0,pdres5=1,bilateral=0,tipores3=1  encerra2=0",31,1.17744215938303,0.775,0.0524534686971235,NA,NA,NA,NA,NA,NA,NA,NA
"3771","raca3=0,hiv3=0,alcool=0,comtabagis=0,cavitacao=1,bilateral=0  encerra2=0",25,1.22522597230284,0.806451612903226,0.0423011844331641,NA,NA,NA,NA,NA,NA,NA,NA
"3772","raca3=0,alcool=0,comtabagis=0,ppl=0,cavitacao=1,bilateral=0  encerra2=0",29,1.2238646101114,0.805555555555556,0.0490693739424704,NA,NA,NA,NA,NA,NA,NA,NA
"3773","raca3=0,alcool=0,comtabagis=0,pdres5=1,cavitacao=1,bilateral=0  encerra2=0",30,1.23184881539637,0.810810810810811,0.050761421319797,NA,NA,NA,NA,NA,NA,NA,NA
"3774","raca3=0,alcool=0,comtabagis=0,ppl=0,pdres5=1,bilateral=0  encerra2=0",43,1.18780088805796,0.781818181818182,0.0727580372250423,NA,NA,NA,NA,NA,NA,NA,NA
"3775","raca3=0,fxet3=1,hiv3=0,alcool=0,cavitacao=1,bilateral=0  encerra2=0",31,1.23941279935056,0.815789473684211,0.0524534686971235,NA,NA,NA,NA,NA,NA,NA,NA
"3776","raca3=0,fxet3=1,alcool=0,comdrogas=0,cavitacao=1,bilateral=0  encerra2=0",34,1.2913881748072,0.85,0.0575296108291032,NA,NA,NA,NA,NA,NA,NA,NA
"3777","raca3=0,alcool=0,comdrogas=0,pdres5=1,cavitacao=1,bilateral=0  encerra2=0",36,1.27195552101393,0.837209302325581,0.0609137055837563,NA,NA,NA,NA,NA,NA,NA,NA
"3778","raca3=0,fxet3=1,alcool=0,ppl=0,cavitacao=1,bilateral=0  encerra2=0",34,1.22989349981638,0.80952380952381,0.0575296108291032,NA,NA,NA,NA,NA,NA,NA,NA
"3779","raca3=0,fxet3=1,alcool=0,pdres5=1,cavitacao=1,bilateral=0  encerra2=0",36,1.24304744099089,0.818181818181818,0.0609137055837563,NA,NA,NA,NA,NA,NA,NA,NA
"3780","raca3=0,alcool=0,ppl=0,pdres5=1,cavitacao=1,bilateral=0  encerra2=0",36,1.21542416452442,0.8,0.0609137055837563,NA,NA,NA,NA,NA,NA,NA,NA
"3781","raca3=0,fxet3=1,alcool=0,ppl=0,pdres5=1,bilateral=0  encerra2=0",48,1.19549917822074,0.786885245901639,0.0812182741116751,NA,NA,NA,NA,NA,NA,NA,NA
"3782","raca3=0,hiv3=0,comtabagis=0,cavitacao=1,bilateral=0,tipores3=1  encerra2=0",21,1.22711093533716,0.807692307692308,0.0355329949238579,NA,NA,NA,NA,NA,NA,NA,NA
"3783","raca3=0,comtabagis=0,comdrogas=0,cavitacao=1,bilateral=0,tipores3=1  encerra2=0",22,1.28554478940083,0.846153846153846,0.0372250423011844,NA,NA,NA,NA,NA,NA,NA,NA
"3784","raca3=0,comtabagis=0,ppl=0,cavitacao=1,bilateral=0,tipores3=1  encerra2=0",23,1.20494637000266,0.793103448275862,0.038917089678511,NA,NA,NA,NA,NA,NA,NA,NA
"3785","raca3=0,comtabagis=0,pdres5=1,cavitacao=1,bilateral=0,tipores3=1  encerra2=0",24,1.21542416452442,0.8,0.0406091370558376,NA,NA,NA,NA,NA,NA,NA,NA
"3786","raca3=0,hiv3=0,comdrogas=0,cavitacao=1,bilateral=0,tipores3=1  encerra2=0",23,1.29420165666952,0.851851851851852,0.038917089678511,NA,NA,NA,NA,NA,NA,NA,NA
"3787","raca3=0,comdrogas=0,pdres5=1,cavitacao=1,bilateral=0,tipores3=1  encerra2=0",26,1.31670951156812,0.866666666666667,0.0439932318104907,NA,NA,NA,NA,NA,NA,NA,NA
"3788","raca3=0,ppl=0,pdres5=1,cavitacao=1,bilateral=0,tipores3=1  encerra2=0",28,1.21542416452442,0.8,0.0473773265651438,NA,NA,NA,NA,NA,NA,NA,NA
"3789","raca3=0,comtabagis=0,comdrogas=0,pdres5=1,cavitacao=1,bilateral=0  encerra2=0",30,1.30224017627617,0.857142857142857,0.050761421319797,NA,NA,NA,NA,NA,NA,NA,NA
"3790","raca3=0,comtabagis=0,ppl=0,pdres5=1,cavitacao=1,bilateral=0  encerra2=0",32,1.21542416452442,0.8,0.0541455160744501,NA,NA,NA,NA,NA,NA,NA,NA
"3791","raca3=0,fxet3=1,comtabagis=0,ppl=0,pdres5=1,bilateral=0  encerra2=0",46,1.18452355017211,0.779661016949153,0.077834179357022,NA,NA,NA,NA,NA,NA,NA,NA
"3792","raca3=0,fxet3=1,comdrogas=0,pdres5=1,cavitacao=1,bilateral=0  encerra2=0",38,1.31210563215705,0.863636363636364,0.0642978003384095,NA,NA,NA,NA,NA,NA,NA,NA
"3793","raca3=0,fxet3=1,ppl=0,pdres5=1,cavitacao=1,bilateral=0  encerra2=0",40,1.1915923181612,0.784313725490196,0.0676818950930626,NA,NA,NA,NA,NA,NA,NA,NA
"3794","sexo2=1,raca3=1,escol4=1,mumigual=1,hiv3=0,bilateral=0  encerra2=0",20,1.32111322230915,0.869565217391304,0.0338409475465313,NA,NA,NA,NA,NA,NA,NA,NA
"3795","sexo2=1,raca3=1,escol4=1,mumigual=1,cavitacao=1,bilateral=0  encerra2=0",19,1.37458685273595,0.904761904761905,0.0321489001692047,NA,NA,NA,NA,NA,NA,NA,NA
"3796","sexo2=1,raca3=1,escol4=1,mumigual=1,comdiab=0,bilateral=0  encerra2=0",20,1.26606683804627,0.833333333333333,0.0338409475465313,NA,NA,NA,NA,NA,NA,NA,NA
"3797","raca3=1,escol4=1,mumigual=1,hiv3=0,comdiab=0,bilateral=0  encerra2=0",18,1.24304744099089,0.818181818181818,0.0304568527918782,NA,NA,NA,NA,NA,NA,NA,NA
"3798","raca3=1,fxet3=1,escol4=1,mumigual=1,cavitacao=1,bilateral=0  encerra2=0",18,1.18900190007824,0.782608695652174,0.0304568527918782,NA,NA,NA,NA,NA,NA,NA,NA
"3799","sexo2=1,raca3=1,mumigual=1,alcool=0,comtabagis=0,bilateral=0  encerra2=0",18,1.24304744099089,0.818181818181818,0.0304568527918782,NA,NA,NA,NA,NA,NA,NA,NA
"3800","sexo2=1,raca3=1,mumigual=1,hiv3=0,comtabagis=0,bilateral=0  encerra2=0",19,1.31210563215705,0.863636363636364,0.0321489001692047,NA,NA,NA,NA,NA,NA,NA,NA
"3801","sexo2=1,raca3=1,mumigual=1,comtabagis=0,cavitacao=1,bilateral=0  encerra2=0",19,1.37458685273595,0.904761904761905,0.0321489001692047,NA,NA,NA,NA,NA,NA,NA,NA
"3802","sexo2=1,raca3=1,mumigual=1,hiv3=0,cavitacao=1,bilateral=0  encerra2=0",20,1.32111322230915,0.869565217391304,0.0338409475465313,NA,NA,NA,NA,NA,NA,NA,NA
"3803","sexo2=1,raca3=1,mumigual=1,hiv3=0,comdrogas=0,bilateral=0  encerra2=0",20,1.26606683804627,0.833333333333333,0.0338409475465313,NA,NA,NA,NA,NA,NA,NA,NA
"3804","sexo2=1,raca3=1,mumigual=1,hiv3=0,comdiab=0,bilateral=0  encerra2=0",21,1.27619537275064,0.84,0.0355329949238579,NA,NA,NA,NA,NA,NA,NA,NA
"3805","sexo2=1,raca3=1,mumigual=1,comdrogas=0,cavitacao=1,bilateral=0  encerra2=0",19,1.31210563215705,0.863636363636364,0.0321489001692047,NA,NA,NA,NA,NA,NA,NA,NA
"3806","sexo2=1,raca3=1,mumigual=1,comdiab=0,cavitacao=1,bilateral=0  encerra2=0",18,1.30224017627617,0.857142857142857,0.0304568527918782,NA,NA,NA,NA,NA,NA,NA,NA
"3807","raca3=1,mumigual=1,hiv3=0,comtabagis=0,cavitacao=1,bilateral=0  encerra2=0",18,1.24304744099089,0.818181818181818,0.0304568527918782,NA,NA,NA,NA,NA,NA,NA,NA
"3808","raca3=1,fxet3=1,mumigual=1,hiv3=0,comtabagis=0,bilateral=0  encerra2=0",19,1.20276349614396,0.791666666666667,0.0321489001692047,NA,NA,NA,NA,NA,NA,NA,NA
"3809","raca3=1,fxet3=1,mumigual=1,comtabagis=0,cavitacao=1,bilateral=0  encerra2=0",21,1.22711093533716,0.807692307692308,0.0355329949238579,NA,NA,NA,NA,NA,NA,NA,NA
"3810","raca3=1,mumigual=1,hiv3=0,comdiab=0,cavitacao=1,bilateral=0  encerra2=0",19,1.20276349614396,0.791666666666667,0.0321489001692047,NA,NA,NA,NA,NA,NA,NA,NA
"3811","raca3=1,fxet3=1,mumigual=1,hiv3=0,cavitacao=1,bilateral=0  encerra2=0",21,1.18166238217652,0.777777777777778,0.0355329949238579,NA,NA,NA,NA,NA,NA,NA,NA
"3812","raca3=1,fxet3=1,mumigual=1,comdrogas=0,cavitacao=1,bilateral=0  encerra2=0",21,1.18166238217652,0.777777777777778,0.0355329949238579,NA,NA,NA,NA,NA,NA,NA,NA
"3813","sexo2=1,escol4=1,mumigual=1,hiv3=0,cavitacao=1,bilateral=0  encerra2=0",21,1.27619537275064,0.84,0.0355329949238579,NA,NA,NA,NA,NA,NA,NA,NA
"3814","sexo2=1,escol4=1,mumigual=1,hiv3=0,comdrogas=0,bilateral=0  encerra2=0",24,1.35047129391602,0.888888888888889,0.0406091370558376,NA,NA,NA,NA,NA,NA,NA,NA
"3815","sexo2=1,escol4=1,mumigual=1,comdrogas=0,cavitacao=1,bilateral=0  encerra2=0",20,1.38116382332321,0.909090909090909,0.0338409475465313,NA,NA,NA,NA,NA,NA,NA,NA
"3816","sexo2=1,escol4=1,mumigual=1,ppl=0,cavitacao=1,bilateral=0  encerra2=0",23,1.24798016893133,0.821428571428571,0.038917089678511,NA,NA,NA,NA,NA,NA,NA,NA
"3817","escol4=1,mumigual=1,hiv3=0,comdiab=0,cavitacao=1,bilateral=0  encerra2=0",19,1.1546529562982,0.76,0.0321489001692047,NA,NA,NA,NA,NA,NA,NA,NA
"3818","escol4=1,mumigual=1,comdrogas=0,pdres5=1,cavitacao=1,bilateral=0  encerra2=0",23,1.20494637000266,0.793103448275862,0.038917089678511,NA,NA,NA,NA,NA,NA,NA,NA
"3819","sexo2=1,mumigual=1,hiv3=0,alcool=0,comtabagis=0,bilateral=0  encerra2=0",19,1.2550575611937,0.826086956521739,0.0321489001692047,NA,NA,NA,NA,NA,NA,NA,NA
"3820","sexo2=1,mumigual=1,alcool=0,comtabagis=0,cavitacao=1,bilateral=0  encerra2=0",18,1.18900190007824,0.782608695652174,0.0304568527918782,NA,NA,NA,NA,NA,NA,NA,NA
"3821","sexo2=1,mumigual=1,alcool=0,comtabagis=0,comdrogas=0,bilateral=0  encerra2=0",23,1.24798016893133,0.821428571428571,0.038917089678511,NA,NA,NA,NA,NA,NA,NA,NA
"3822","sexo2=1,mumigual=1,alcool=0,comtabagis=0,ppl=0,bilateral=0  encerra2=0",23,1.20494637000266,0.793103448275862,0.038917089678511,NA,NA,NA,NA,NA,NA,NA,NA
"3823","sexo2=1,mumigual=1,hiv3=0,comdiab=0,bilateral=0,tipores3=1  encerra2=0",22,1.23793201942302,0.814814814814815,0.0372250423011844,NA,NA,NA,NA,NA,NA,NA,NA
"3824","sexo2=1,mumigual=1,comdiab=0,ppl=0,bilateral=0,tipores3=1  encerra2=0",24,1.17621693341073,0.774193548387097,0.0406091370558376,NA,NA,NA,NA,NA,NA,NA,NA
"3825","sexo2=1,mumigual=1,hiv3=0,comtabagis=0,cavitacao=1,bilateral=0  encerra2=0",20,1.21542416452442,0.8,0.0338409475465313,NA,NA,NA,NA,NA,NA,NA,NA
"3826","sexo2=1,mumigual=1,hiv3=0,comtabagis=0,comdrogas=0,bilateral=0  encerra2=0",21,1.27619537275064,0.84,0.0355329949238579,NA,NA,NA,NA,NA,NA,NA,NA
"3827","sexo2=1,mumigual=1,comtabagis=0,comdrogas=0,cavitacao=1,bilateral=0  encerra2=0",20,1.32111322230915,0.869565217391304,0.0338409475465313,NA,NA,NA,NA,NA,NA,NA,NA
"3828","sexo2=1,mumigual=1,comtabagis=0,ppl=0,cavitacao=1,bilateral=0  encerra2=0",23,1.20494637000266,0.793103448275862,0.038917089678511,NA,NA,NA,NA,NA,NA,NA,NA
"3829","sexo2=1,mumigual=1,hiv3=0,comdrogas=0,cavitacao=1,bilateral=0  encerra2=0",21,1.27619537275064,0.84,0.0355329949238579,NA,NA,NA,NA,NA,NA,NA,NA
"3830","sexo2=1,fxet3=1,mumigual=1,hiv3=0,comdrogas=0,bilateral=0  encerra2=0",25,1.26606683804627,0.833333333333333,0.0423011844331641,NA,NA,NA,NA,NA,NA,NA,NA
"3831","sexo2=1,fxet3=1,mumigual=1,comdrogas=0,cavitacao=1,bilateral=0  encerra2=0",23,1.29420165666952,0.851851851851852,0.038917089678511,NA,NA,NA,NA,NA,NA,NA,NA
"3832","sexo2=1,fxet3=1,mumigual=1,comdiab=0,cavitacao=1,bilateral=0  encerra2=0",22,1.15255739739385,0.758620689655172,0.0372250423011844,NA,NA,NA,NA,NA,NA,NA,NA
"3833","sexo2=1,mumigual=1,comdiab=0,ppl=0,cavitacao=1,bilateral=0  encerra2=0",23,1.16478149100257,0.766666666666667,0.038917089678511,NA,NA,NA,NA,NA,NA,NA,NA
"3834","sexo2=1,fxet3=1,mumigual=1,ppl=0,cavitacao=1,bilateral=0  encerra2=0",26,1.16180251020717,0.764705882352941,0.0439932318104907,NA,NA,NA,NA,NA,NA,NA,NA
"3835","mumigual=1,hiv3=0,comtabagis=0,cavitacao=1,bilateral=0,tipores3=1  encerra2=0",20,1.16867708127348,0.769230769230769,0.0338409475465313,NA,NA,NA,NA,NA,NA,NA,NA
"3836","mumigual=1,hiv3=0,comdrogas=0,cavitacao=1,bilateral=0,tipores3=1  encerra2=0",19,1.20276349614396,0.791666666666667,0.0321489001692047,NA,NA,NA,NA,NA,NA,NA,NA
"3837","mumigual=1,hiv3=0,comdiab=0,cavitacao=1,bilateral=0,tipores3=1  encerra2=0",20,1.16867708127348,0.769230769230769,0.0338409475465313,NA,NA,NA,NA,NA,NA,NA,NA
"3838","mumigual=1,hiv3=0,comtabagis=0,comdrogas=0,cavitacao=1,bilateral=0  encerra2=0",23,1.20494637000266,0.793103448275862,0.038917089678511,NA,NA,NA,NA,NA,NA,NA,NA
"3839","mumigual=1,hiv3=0,comdiab=0,comtabagis=0,cavitacao=1,bilateral=0  encerra2=0",23,1.16478149100257,0.766666666666667,0.038917089678511,NA,NA,NA,NA,NA,NA,NA,NA
"3840","mumigual=1,comtabagis=0,comdrogas=0,pdres5=1,cavitacao=1,bilateral=0  encerra2=0",29,1.19078718821649,0.783783783783784,0.0490693739424704,NA,NA,NA,NA,NA,NA,NA,NA
"3841","fxet3=1,mumigual=1,hiv3=0,comdrogas=0,cavitacao=1,bilateral=0  encerra2=0",25,1.22522597230284,0.806451612903226,0.0423011844331641,NA,NA,NA,NA,NA,NA,NA,NA
"3842","fxet3=1,mumigual=1,comdrogas=0,pdres5=1,cavitacao=1,bilateral=0  encerra2=0",31,1.2076329839826,0.794871794871795,0.0524534686971235,NA,NA,NA,NA,NA,NA,NA,NA
"3843","mumigual=0,hiv3=0,alcool=0,cavitacao=1,bilateral=0,tipores3=1  encerra2=0",31,1.14872405793467,0.75609756097561,0.0524534686971235,NA,NA,NA,NA,NA,NA,NA,NA
"3844","mumigual=0,hiv3=0,alcool=0,comtabagis=0,cavitacao=1,bilateral=0  encerra2=0",42,1.18166238217652,0.777777777777778,0.0710659898477157,NA,NA,NA,NA,NA,NA,NA,NA
"3845","mumigual=0,hiv3=0,alcool=0,comtabagis=0,ppl=0,bilateral=0  encerra2=0",58,1.14439288218209,0.753246753246753,0.0981387478849408,NA,NA,NA,NA,NA,NA,NA,NA
"3846","mumigual=0,alcool=0,comtabagis=0,comdrogas=0,cavitacao=1,bilateral=0  encerra2=0",46,1.16478149100257,0.766666666666667,0.077834179357022,NA,NA,NA,NA,NA,NA,NA,NA
"3847","mumigual=0,alcool=0,comtabagis=0,ppl=0,cavitacao=1,bilateral=0  encerra2=0",47,1.1901028277635,0.783333333333333,0.0795262267343486,NA,NA,NA,NA,NA,NA,NA,NA
"3848","mumigual=0,hiv3=0,alcool=0,comdrogas=0,cavitacao=1,bilateral=0  encerra2=0",43,1.16659015791407,0.767857142857143,0.0727580372250423,NA,NA,NA,NA,NA,NA,NA,NA
"3849","fxet3=1,mumigual=0,hiv3=0,alcool=0,cavitacao=1,bilateral=0  encerra2=0",49,1.18166238217652,0.777777777777778,0.0829103214890017,NA,NA,NA,NA,NA,NA,NA,NA
"3850","mumigual=0,hiv3=0,alcool=0,ppl=0,cavitacao=1,bilateral=0  encerra2=0",46,1.16478149100257,0.766666666666667,0.077834179357022,NA,NA,NA,NA,NA,NA,NA,NA
"3851","fxet3=1,mumigual=0,hiv3=0,alcool=0,comdrogas=0,bilateral=0  encerra2=0",60,1.18385470570561,0.779220779220779,0.101522842639594,NA,NA,NA,NA,NA,NA,NA,NA
"3852","fxet3=1,mumigual=0,hiv3=0,alcool=0,ppl=0,bilateral=0  encerra2=0",63,1.18166238217652,0.777777777777778,0.106598984771574,NA,NA,NA,NA,NA,NA,NA,NA
"3853","fxet3=1,mumigual=0,alcool=0,comdrogas=0,cavitacao=1,bilateral=0  encerra2=0",52,1.17914284618041,0.776119402985075,0.0879864636209814,NA,NA,NA,NA,NA,NA,NA,NA
"3854","mumigual=0,alcool=0,comdrogas=0,ppl=0,cavitacao=1,bilateral=0  encerra2=0",50,1.16867708127348,0.769230769230769,0.0846023688663283,NA,NA,NA,NA,NA,NA,NA,NA
"3855","fxet3=1,mumigual=0,alcool=0,ppl=0,cavitacao=1,bilateral=0  encerra2=0",54,1.18900190007824,0.782608695652174,0.0913705583756345,NA,NA,NA,NA,NA,NA,NA,NA
"3856","fxet3=1,mumigual=0,alcool=0,comdrogas=0,ppl=0,bilateral=0  encerra2=0",69,1.16478149100257,0.766666666666667,0.116751269035533,NA,NA,NA,NA,NA,NA,NA,NA
"3857","mumigual=0,hiv3=0,comtabagis=0,ppl=0,cavitacao=1,bilateral=0  encerra2=0",46,1.18452355017211,0.779661016949153,0.077834179357022,NA,NA,NA,NA,NA,NA,NA,NA
"3858","mumigual=0,hiv3=0,comtabagis=0,pdres5=1,cavitacao=1,bilateral=0  encerra2=0",49,1.18166238217652,0.777777777777778,0.0829103214890017,NA,NA,NA,NA,NA,NA,NA,NA
"3859","fxet3=1,mumigual=0,hiv3=0,comtabagis=0,ppl=0,bilateral=0  encerra2=0",62,1.14872405793467,0.75609756097561,0.104906937394247,NA,NA,NA,NA,NA,NA,NA,NA
"3860","fxet3=1,mumigual=0,hiv3=0,comtabagis=0,pdres5=1,bilateral=0  encerra2=0",64,1.14392862543475,0.752941176470588,0.1082910321489,NA,NA,NA,NA,NA,NA,NA,NA
"3861","mumigual=0,comtabagis=0,ppl=0,pdres5=1,cavitacao=1,bilateral=0  encerra2=0",56,1.19830551431985,0.788732394366197,0.0947546531302876,NA,NA,NA,NA,NA,NA,NA,NA
"3862","fxet3=1,mumigual=0,hiv3=0,comdiab=0,ppl=0,bilateral=0  encerra2=0",65,1.14829317869313,0.755813953488372,0.109983079526227,NA,NA,NA,NA,NA,NA,NA,NA
"3863","fxet3=1,mumigual=0,hiv3=0,ppl=0,pdres5=1,bilateral=0  encerra2=0",74,1.14721158386234,0.755102040816326,0.125211505922166,NA,NA,NA,NA,NA,NA,NA,NA
"3864","fxet3=1,mumigual=0,comdrogas=0,ppl=0,cavitacao=1,bilateral=0  encerra2=0",59,1.16412379394385,0.766233766233766,0.0998307952622673,NA,NA,NA,NA,NA,NA,NA,NA
"3865","mumigual=0,comdrogas=0,ppl=0,pdres5=1,cavitacao=1,bilateral=0  encerra2=0",63,1.16725186532071,0.768292682926829,0.106598984771574,NA,NA,NA,NA,NA,NA,NA,NA
"3866","fxet3=1,mumigual=0,comdiab=0,ppl=0,cavitacao=1,bilateral=0  encerra2=0",59,1.16412379394385,0.766233766233766,0.0998307952622673,NA,NA,NA,NA,NA,NA,NA,NA
"3867","fxet3=1,mumigual=0,ppl=0,pdres5=1,cavitacao=1,bilateral=0  encerra2=0",68,1.17398924982473,0.772727272727273,0.115059221658206,NA,NA,NA,NA,NA,NA,NA,NA
"3868","sexo2=1,raca3=1,escol4=1,hiv3=0,comtabagis=0,bilateral=0  encerra2=0",31,1.17744215938303,0.775,0.0524534686971235,NA,NA,NA,NA,NA,NA,NA,NA
"3869","sexo2=1,raca3=1,escol4=1,comtabagis=0,cavitacao=1,bilateral=0  encerra2=0",31,1.14872405793467,0.75609756097561,0.0524534686971235,NA,NA,NA,NA,NA,NA,NA,NA
"3870","sexo2=1,raca3=1,escol4=1,hiv3=0,cavitacao=1,bilateral=0  encerra2=0",32,1.18577967270675,0.780487804878049,0.0541455160744501,NA,NA,NA,NA,NA,NA,NA,NA
"3871","sexo2=1,raca3=1,escol4=1,hiv3=0,comdrogas=0,bilateral=0  encerra2=0",32,1.18577967270675,0.780487804878049,0.0541455160744501,NA,NA,NA,NA,NA,NA,NA,NA
"3872","sexo2=1,raca3=1,escol4=1,hiv3=0,comdiab=0,bilateral=0  encerra2=0",38,1.22835420882787,0.808510638297872,0.0642978003384095,NA,NA,NA,NA,NA,NA,NA,NA
"3873","sexo2=1,raca3=1,escol4=1,hiv3=0,ppl=0,bilateral=0  encerra2=0",39,1.23441516709512,0.8125,0.065989847715736,NA,NA,NA,NA,NA,NA,NA,NA
"3874","sexo2=1,raca3=1,escol4=1,hiv3=0,pdres5=1,bilateral=0  encerra2=0",40,1.1915923181612,0.784313725490196,0.0676818950930626,NA,NA,NA,NA,NA,NA,NA,NA
"3875","sexo2=1,raca3=1,escol4=1,comdiab=0,cavitacao=1,bilateral=0  encerra2=0",36,1.18900190007824,0.782608695652174,0.0609137055837563,NA,NA,NA,NA,NA,NA,NA,NA
"3876","sexo2=1,raca3=1,escol4=1,ppl=0,cavitacao=1,bilateral=0  encerra2=0",36,1.21542416452442,0.8,0.0609137055837563,NA,NA,NA,NA,NA,NA,NA,NA
"3877","sexo2=1,raca3=1,escol4=1,pdres5=1,cavitacao=1,bilateral=0  encerra2=0",40,1.16867708127348,0.769230769230769,0.0676818950930626,NA,NA,NA,NA,NA,NA,NA,NA
"3878","sexo2=1,raca3=1,escol4=1,comdiab=0,ppl=0,bilateral=0  encerra2=0",44,1.21542416452442,0.8,0.0744500846023689,NA,NA,NA,NA,NA,NA,NA,NA
"3879","sexo2=1,raca3=1,escol4=1,ppl=0,pdres5=1,bilateral=0  encerra2=0",48,1.19549917822074,0.786885245901639,0.0812182741116751,NA,NA,NA,NA,NA,NA,NA,NA
"3880","raca3=1,escol4=1,hiv3=0,comdiab=0,ppl=0,bilateral=0  encerra2=0",42,1.13946015424165,0.75,0.0710659898477157,NA,NA,NA,NA,NA,NA,NA,NA
"3881","sexo2=1,raca3=1,hiv3=0,alcool=0,comtabagis=0,bilateral=0  encerra2=0",31,1.17744215938303,0.775,0.0524534686971235,NA,NA,NA,NA,NA,NA,NA,NA
"3882","sexo2=1,raca3=1,alcool=0,comtabagis=0,ppl=0,bilateral=0  encerra2=0",33,1.13946015424165,0.75,0.0558375634517767,NA,NA,NA,NA,NA,NA,NA,NA
"3883","sexo2=1,raca3=1,hiv3=0,cavitacao=1,bilateral=0,tipores3=1  encerra2=0",33,1.13946015424165,0.75,0.0558375634517767,NA,NA,NA,NA,NA,NA,NA,NA
"3884","sexo2=1,raca3=1,comdiab=0,cavitacao=1,bilateral=0,tipores3=1  encerra2=0",35,1.13137887655199,0.74468085106383,0.0592216582064298,NA,NA,NA,NA,NA,NA,NA,NA
"3885","sexo2=1,raca3=1,hiv3=0,comtabagis=0,cavitacao=1,bilateral=0  encerra2=0",32,1.18577967270675,0.780487804878049,0.0541455160744501,NA,NA,NA,NA,NA,NA,NA,NA
"3886","sexo2=1,raca3=1,hiv3=0,comtabagis=0,ppl=0,bilateral=0  encerra2=0",39,1.16180251020717,0.764705882352941,0.065989847715736,NA,NA,NA,NA,NA,NA,NA,NA
"3887","sexo2=1,raca3=1,hiv3=0,comtabagis=0,pdres5=1,bilateral=0  encerra2=0",40,1.14662657030606,0.754716981132076,0.0676818950930626,NA,NA,NA,NA,NA,NA,NA,NA
"3888","sexo2=1,raca3=1,comtabagis=0,ppl=0,cavitacao=1,bilateral=0  encerra2=0",35,1.18166238217652,0.777777777777778,0.0592216582064298,NA,NA,NA,NA,NA,NA,NA,NA
"3889","sexo2=1,raca3=1,comtabagis=0,pdres5=1,cavitacao=1,bilateral=0  encerra2=0",39,1.16180251020717,0.764705882352941,0.065989847715736,NA,NA,NA,NA,NA,NA,NA,NA
"3890","sexo2=1,raca3=1,comtabagis=0,ppl=0,pdres5=1,bilateral=0  encerra2=0",45,1.13946015424165,0.75,0.0761421319796954,NA,NA,NA,NA,NA,NA,NA,NA
"3891","sexo2=1,raca3=1,hiv3=0,comdiab=0,cavitacao=1,bilateral=0  encerra2=0",37,1.1711118251928,0.770833333333333,0.0626057529610829,NA,NA,NA,NA,NA,NA,NA,NA
"3892","sexo2=1,raca3=1,hiv3=0,ppl=0,cavitacao=1,bilateral=0  encerra2=0",39,1.18503856041131,0.78,0.065989847715736,NA,NA,NA,NA,NA,NA,NA,NA
"3893","sexo2=1,raca3=1,hiv3=0,pdres5=1,cavitacao=1,bilateral=0  encerra2=0",41,1.15352756355327,0.759259259259259,0.0693739424703892,NA,NA,NA,NA,NA,NA,NA,NA
"3894","sexo2=1,raca3=1,hiv3=0,comdiab=0,ppl=0,bilateral=0  encerra2=0",45,1.17875188369825,0.775862068965517,0.0761421319796954,NA,NA,NA,NA,NA,NA,NA,NA
"3895","sexo2=1,raca3=1,hiv3=0,ppl=0,pdres5=1,bilateral=0  encerra2=0",49,1.16319890745501,0.765625,0.0829103214890017,NA,NA,NA,NA,NA,NA,NA,NA
"3896","sexo2=1,raca3=1,comdiab=0,ppl=0,cavitacao=1,bilateral=0  encerra2=0",39,1.18503856041131,0.78,0.065989847715736,NA,NA,NA,NA,NA,NA,NA,NA
"3897","sexo2=1,raca3=1,fxet3=1,ppl=0,cavitacao=1,bilateral=0  encerra2=0",42,1.16017761159149,0.763636363636364,0.0710659898477157,NA,NA,NA,NA,NA,NA,NA,NA
"3898","sexo2=1,raca3=1,ppl=0,pdres5=1,cavitacao=1,bilateral=0  encerra2=0",45,1.17875188369825,0.775862068965517,0.0761421319796954,NA,NA,NA,NA,NA,NA,NA,NA
"3899","raca3=1,hiv3=0,comdiab=0,comtabagis=0,cavitacao=1,bilateral=0  encerra2=0",42,1.16017761159149,0.763636363636364,0.0710659898477157,NA,NA,NA,NA,NA,NA,NA,NA
"3900","raca3=1,hiv3=0,comdiab=0,ppl=0,cavitacao=1,bilateral=0  encerra2=0",49,1.16319890745501,0.765625,0.0829103214890017,NA,NA,NA,NA,NA,NA,NA,NA
"3901","sexo2=1,escol4=1,hiv3=0,comdiab=0,bilateral=0,tipores3=1  encerra2=0",37,1.12426735218509,0.74,0.0626057529610829,NA,NA,NA,NA,NA,NA,NA,NA
"3902","sexo2=1,escol4=1,hiv3=0,pdres5=1,bilateral=0,tipores3=1  encerra2=0",41,1.11233015056923,0.732142857142857,0.0693739424703892,NA,NA,NA,NA,NA,NA,NA,NA
"3903","sexo2=1,escol4=1,hiv3=0,comdiab=0,ppl=0,bilateral=0  encerra2=0",47,1.13343126453666,0.746031746031746,0.0795262267343486,NA,NA,NA,NA,NA,NA,NA,NA
"3904","sexo2=1,escol4=1,hiv3=0,ppl=0,pdres5=1,bilateral=0  encerra2=0",51,1.12294623896278,0.739130434782609,0.0862944162436548,NA,NA,NA,NA,NA,NA,NA,NA
"3905","sexo2=1,hiv3=0,comdiab=0,cavitacao=1,bilateral=0,tipores3=1  encerra2=0",37,1.12426735218509,0.74,0.0626057529610829,NA,NA,NA,NA,NA,NA,NA,NA
"3906","sexo2=1,fxet3=1,hiv3=0,comdiab=0,ppl=0,bilateral=0  encerra2=0",59,1.13465230548957,0.746835443037975,0.0998307952622673,NA,NA,NA,NA,NA,NA,NA,NA
"3907","hiv3=0,alcool=0,comtabagis=0,cavitacao=1,bilateral=0,tipores3=1  encerra2=0",42,1.18166238217652,0.777777777777778,0.0710659898477157,NA,NA,NA,NA,NA,NA,NA,NA
"3908","fxet3=1,hiv3=0,alcool=0,comtabagis=0,cavitacao=1,bilateral=0  encerra2=0",60,1.16867708127348,0.769230769230769,0.101522842639594,NA,NA,NA,NA,NA,NA,NA,NA
"3909","hiv3=0,alcool=0,comtabagis=0,ppl=0,cavitacao=1,bilateral=0  encerra2=0",59,1.17944121228521,0.776315789473684,0.0998307952622673,NA,NA,NA,NA,NA,NA,NA,NA
"3910","hiv3=0,alcool=0,comtabagis=0,comdrogas=0,ppl=0,bilateral=0  encerra2=0",79,1.15406861775756,0.759615384615385,0.133671742808799,NA,NA,NA,NA,NA,NA,NA,NA
"3911","fxet3=1,hiv3=0,alcool=0,comtabagis=0,ppl=0,bilateral=0  encerra2=0",78,1.16180251020717,0.764705882352941,0.131979695431472,NA,NA,NA,NA,NA,NA,NA,NA
"3912","fxet3=1,alcool=0,comtabagis=0,ppl=0,pdres5=1,bilateral=0  encerra2=0",94,1.12450660891039,0.740157480314961,0.159052453468697,NA,NA,NA,NA,NA,NA,NA,NA
"3913","fxet3=1,hiv3=0,alcool=0,comdrogas=0,cavitacao=1,bilateral=0  encerra2=0",61,1.18815503262804,0.782051282051282,0.10321489001692,NA,NA,NA,NA,NA,NA,NA,NA
"3914","fxet3=1,hiv3=0,alcool=0,ppl=0,cavitacao=1,bilateral=0  encerra2=0",64,1.14392862543475,0.752941176470588,0.1082910321489,NA,NA,NA,NA,NA,NA,NA,NA
"3915","fxet3=1,hiv3=0,alcool=0,comdrogas=0,ppl=0,bilateral=0  encerra2=0",79,1.17669741418418,0.774509803921569,0.133671742808799,NA,NA,NA,NA,NA,NA,NA,NA
"3916","hiv3=0,comdiab=0,comtabagis=0,cavitacao=1,bilateral=0,tipores3=1  encerra2=0",45,1.15877303821184,0.76271186440678,0.0761421319796954,NA,NA,NA,NA,NA,NA,NA,NA
"3917","hiv3=0,comtabagis=0,pdres5=1,cavitacao=1,bilateral=0,tipores3=1  encerra2=0",53,1.16698334637309,0.768115942028985,0.089678510998308,NA,NA,NA,NA,NA,NA,NA,NA
"3918","fxet3=1,hiv3=0,comtabagis=0,comdrogas=0,cavitacao=1,bilateral=0  encerra2=0",64,1.18577967270675,0.780487804878049,0.1082910321489,NA,NA,NA,NA,NA,NA,NA,NA
"3919","hiv3=0,comtabagis=0,comdrogas=0,ppl=0,cavitacao=1,bilateral=0  encerra2=0",65,1.18979775141698,0.783132530120482,0.109983079526227,NA,NA,NA,NA,NA,NA,NA,NA
"3920","hiv3=0,comtabagis=0,comdrogas=0,pdres5=1,cavitacao=1,bilateral=0  encerra2=0",67,1.197550279752,0.788235294117647,0.11336717428088,NA,NA,NA,NA,NA,NA,NA,NA
"3921","hiv3=0,comdiab=0,comtabagis=0,ppl=0,cavitacao=1,bilateral=0  encerra2=0",61,1.17311509550617,0.772151898734177,0.10321489001692,NA,NA,NA,NA,NA,NA,NA,NA
"3922","fxet3=1,hiv3=0,comtabagis=0,ppl=0,cavitacao=1,bilateral=0  encerra2=0",70,1.16867708127348,0.769230769230769,0.11844331641286,NA,NA,NA,NA,NA,NA,NA,NA
"3923","fxet3=1,hiv3=0,comtabagis=0,pdres5=1,cavitacao=1,bilateral=0  encerra2=0",73,1.16744689487214,0.768421052631579,0.123519458544839,NA,NA,NA,NA,NA,NA,NA,NA
"3924","hiv3=0,comtabagis=0,ppl=0,pdres5=1,cavitacao=1,bilateral=0  encerra2=0",73,1.17986654268993,0.776595744680851,0.123519458544839,NA,NA,NA,NA,NA,NA,NA,NA
"3925","hiv3=0,comtabagis=0,comdrogas=0,ppl=0,pdres5=1,bilateral=0  encerra2=0",89,1.14589778223171,0.754237288135593,0.150592216582064,NA,NA,NA,NA,NA,NA,NA,NA
"3926","fxet3=1,hiv3=0,comtabagis=0,ppl=0,pdres5=1,bilateral=0  encerra2=0",92,1.14568671246154,0.754098360655738,0.155668358714044,NA,NA,NA,NA,NA,NA,NA,NA
"3927","comtabagis=0,comdrogas=0,ppl=0,pdres5=1,cavitacao=1,bilateral=0  encerra2=0",79,1.18834788363155,0.782178217821782,0.133671742808799,NA,NA,NA,NA,NA,NA,NA,NA
"3928","hiv3=0,comdiab=0,comdrogas=0,ppl=0,cavitacao=1,bilateral=0  encerra2=0",68,1.16079835937726,0.764044943820225,0.115059221658206,NA,NA,NA,NA,NA,NA,NA,NA
"3929","fxet3=1,hiv3=0,comdrogas=0,ppl=0,cavitacao=1,bilateral=0  encerra2=0",75,1.18693766066838,0.78125,0.126903553299492,NA,NA,NA,NA,NA,NA,NA,NA
"3930","fxet3=1,hiv3=0,comdrogas=0,pdres5=1,cavitacao=1,bilateral=0  encerra2=0",78,1.19700864688011,0.787878787878788,0.131979695431472,NA,NA,NA,NA,NA,NA,NA,NA
"3931","hiv3=0,comdrogas=0,ppl=0,pdres5=1,cavitacao=1,bilateral=0  encerra2=0",80,1.16867708127348,0.769230769230769,0.135363790186125,NA,NA,NA,NA,NA,NA,NA,NA
"3932","fxet3=1,hiv3=0,comdiab=0,ppl=0,cavitacao=1,bilateral=0  encerra2=0",75,1.15096985276934,0.757575757575758,0.126903553299492,NA,NA,NA,NA,NA,NA,NA,NA
"3933","fxet3=1,hiv3=0,comdrogas=0,ppl=0,pdres5=1,bilateral=0  encerra2=0",98,1.17235795397041,0.771653543307087,0.165820642978003,NA,NA,NA,NA,NA,NA,NA,NA
"3934","fxet3=1,comdrogas=0,ppl=0,pdres5=1,cavitacao=1,bilateral=0  encerra2=0",88,1.18315626635121,0.778761061946903,0.148900169204738,NA,NA,NA,NA,NA,NA,NA,NA
"3935","sexo2=1,raca3=0,mumigual=1,alcool=0,comtabagis=0,bilateral=1  encerra2=0",25,1.15096985276934,0.757575757575758,0.0423011844331641,NA,NA,NA,NA,NA,NA,NA,NA
"3936","sexo2=1,raca3=0,mumigual=1,alcool=0,comdrogas=0,bilateral=1  encerra2=0",27,1.20648722213821,0.794117647058823,0.0456852791878173,NA,NA,NA,NA,NA,NA,NA,NA
"3937","sexo2=1,raca3=0,mumigual=1,alcool=0,comdiab=0,bilateral=1  encerra2=0",25,1.18693766066838,0.78125,0.0423011844331641,NA,NA,NA,NA,NA,NA,NA,NA
"3938","raca3=0,mumigual=1,alcool=0,comdiab=0,comtabagis=0,bilateral=1  encerra2=0",28,1.14972556103662,0.756756756756757,0.0473773265651438,NA,NA,NA,NA,NA,NA,NA,NA
"3939","raca3=0,mumigual=1,alcool=0,comdiab=0,comdrogas=0,bilateral=1  encerra2=0",32,1.21542416452442,0.8,0.0541455160744501,NA,NA,NA,NA,NA,NA,NA,NA
"3940","sexo2=1,raca3=0,escol4=1,mumigual=1,alcool=0,comdrogas=0  encerra2=0",22,1.28554478940083,0.846153846153846,0.0372250423011844,NA,NA,NA,NA,NA,NA,NA,NA
"3941","sexo2=1,raca3=0,mumigual=1,alcool=0,comdiab=0,comdrogas=0  encerra2=0",28,1.21542416452442,0.8,0.0473773265651438,NA,NA,NA,NA,NA,NA,NA,NA
"3942","sexo2=1,raca3=0,fxet3=1,mumigual=1,alcool=0,comdrogas=0  encerra2=0",27,1.20648722213821,0.794117647058823,0.0456852791878173,NA,NA,NA,NA,NA,NA,NA,NA
"3943","raca3=0,mumigual=1,alcool=0,comdiab=0,comdrogas=0,tipores3=1  encerra2=0",32,1.18577967270675,0.780487804878049,0.0541455160744501,NA,NA,NA,NA,NA,NA,NA,NA
"3944","raca3=0,mumigual=0,alcool=0,pdres5=1,cavitacao=1,tipores3=1  encerra2=0",40,1.16867708127348,0.769230769230769,0.0676818950930626,NA,NA,NA,NA,NA,NA,NA,NA
"3945","raca3=0,mumigual=0,hiv3=0,alcool=0,comdiab=0,comtabagis=0  encerra2=0",42,1.16017761159149,0.763636363636364,0.0710659898477157,NA,NA,NA,NA,NA,NA,NA,NA
"3946","raca3=0,mumigual=0,hiv3=0,alcool=0,comtabagis=0,pdres5=1  encerra2=0",54,1.17201615864855,0.771428571428571,0.0913705583756345,NA,NA,NA,NA,NA,NA,NA,NA
"3947","raca3=0,fxet3=1,mumigual=0,alcool=0,comtabagis=0,cavitacao=1  encerra2=0",47,1.15171241396467,0.758064516129032,0.0795262267343486,NA,NA,NA,NA,NA,NA,NA,NA
"3948","raca3=0,mumigual=0,alcool=0,comtabagis=0,pdres5=1,cavitacao=1  encerra2=0",49,1.18166238217652,0.777777777777778,0.0829103214890017,NA,NA,NA,NA,NA,NA,NA,NA
"3949","raca3=0,mumigual=0,alcool=0,comdiab=0,comtabagis=0,pdres5=1  encerra2=0",51,1.13946015424165,0.75,0.0862944162436548,NA,NA,NA,NA,NA,NA,NA,NA
"3950","raca3=0,fxet3=1,mumigual=0,alcool=0,comtabagis=0,ppl=0  encerra2=0",62,1.14872405793467,0.75609756097561,0.104906937394247,NA,NA,NA,NA,NA,NA,NA,NA
"3951","raca3=0,fxet3=1,mumigual=0,alcool=0,comtabagis=0,pdres5=1  encerra2=0",63,1.16725186532071,0.768292682926829,0.106598984771574,NA,NA,NA,NA,NA,NA,NA,NA
"3952","raca3=0,mumigual=0,alcool=0,comtabagis=0,ppl=0,pdres5=1  encerra2=0",64,1.14392862543475,0.752941176470588,0.1082910321489,NA,NA,NA,NA,NA,NA,NA,NA
"3953","raca3=0,mumigual=0,hiv3=0,alcool=0,comdiab=0,comdrogas=0  encerra2=0",46,1.20494637000266,0.793103448275862,0.077834179357022,NA,NA,NA,NA,NA,NA,NA,NA
"3954","raca3=0,fxet3=1,mumigual=0,hiv3=0,alcool=0,comdrogas=0  encerra2=0",58,1.24110213983128,0.816901408450704,0.0981387478849408,NA,NA,NA,NA,NA,NA,NA,NA
"3955","raca3=0,mumigual=0,hiv3=0,alcool=0,comdrogas=0,pdres5=1  encerra2=0",60,1.21542416452442,0.8,0.101522842639594,NA,NA,NA,NA,NA,NA,NA,NA
"3956","raca3=0,fxet3=1,mumigual=0,hiv3=0,alcool=0,ppl=0  encerra2=0",63,1.19643316195373,0.7875,0.106598984771574,NA,NA,NA,NA,NA,NA,NA,NA
"3957","raca3=0,fxet3=1,mumigual=0,hiv3=0,alcool=0,pdres5=1  encerra2=0",64,1.20041892792535,0.790123456790123,0.1082910321489,NA,NA,NA,NA,NA,NA,NA,NA
"3958","raca3=0,mumigual=0,hiv3=0,alcool=0,ppl=0,pdres5=1  encerra2=0",65,1.17563349247154,0.773809523809524,0.109983079526227,NA,NA,NA,NA,NA,NA,NA,NA
"3959","raca3=0,fxet3=1,mumigual=0,alcool=0,comdrogas=0,cavitacao=1  encerra2=0",52,1.23441516709512,0.8125,0.0879864636209814,NA,NA,NA,NA,NA,NA,NA,NA
"3960","raca3=0,mumigual=0,alcool=0,comdrogas=0,pdres5=1,cavitacao=1  encerra2=0",54,1.22449449411042,0.805970149253731,0.0913705583756345,NA,NA,NA,NA,NA,NA,NA,NA
"3961","raca3=0,fxet3=1,mumigual=0,alcool=0,ppl=0,cavitacao=1  encerra2=0",57,1.1546529562982,0.76,0.0964467005076142,NA,NA,NA,NA,NA,NA,NA,NA
"3962","raca3=0,fxet3=1,mumigual=0,alcool=0,pdres5=1,cavitacao=1  encerra2=0",59,1.17944121228521,0.776315789473684,0.0998307952622673,NA,NA,NA,NA,NA,NA,NA,NA
"3963","raca3=0,mumigual=0,alcool=0,ppl=0,pdres5=1,cavitacao=1  encerra2=0",59,1.16412379394385,0.766233766233766,0.0998307952622673,NA,NA,NA,NA,NA,NA,NA,NA
"3964","raca3=0,mumigual=0,alcool=0,comdiab=0,comdrogas=0,ppl=0  encerra2=0",54,1.17201615864855,0.771428571428571,0.0913705583756345,NA,NA,NA,NA,NA,NA,NA,NA
"3965","raca3=0,fxet3=1,mumigual=0,alcool=0,comdrogas=0,ppl=0  encerra2=0",67,1.21180683070143,0.797619047619048,0.11336717428088,NA,NA,NA,NA,NA,NA,NA,NA
"3966","raca3=0,fxet3=1,mumigual=0,alcool=0,comdrogas=0,pdres5=1  encerra2=0",67,1.21180683070143,0.797619047619048,0.11336717428088,NA,NA,NA,NA,NA,NA,NA,NA
"3967","raca3=0,fxet3=1,mumigual=0,alcool=0,ppl=0,pdres5=1  encerra2=0",74,1.1711118251928,0.770833333333333,0.125211505922166,NA,NA,NA,NA,NA,NA,NA,NA
"3968","raca3=0,fxet3=1,mumigual=0,comtabagis=0,comdrogas=0,tipores3=1  encerra2=0",37,1.1711118251928,0.770833333333333,0.0626057529610829,NA,NA,NA,NA,NA,NA,NA,NA
"3969","raca3=0,fxet3=1,mumigual=0,comdrogas=0,cavitacao=1,tipores3=1  encerra2=0",37,1.22202973063597,0.804347826086957,0.0626057529610829,NA,NA,NA,NA,NA,NA,NA,NA
"3970","raca3=0,mumigual=0,comdrogas=0,pdres5=1,cavitacao=1,tipores3=1  encerra2=0",38,1.20276349614396,0.791666666666667,0.0642978003384095,NA,NA,NA,NA,NA,NA,NA,NA
"3971","raca3=0,fxet3=1,mumigual=0,pdres5=1,cavitacao=1,tipores3=1  encerra2=0",45,1.12078047958195,0.737704918032787,0.0761421319796954,NA,NA,NA,NA,NA,NA,NA,NA
"3972","raca3=0,fxet3=1,mumigual=0,comdrogas=0,pdres5=1,tipores3=1  encerra2=0",45,1.17875188369825,0.775862068965517,0.0761421319796954,NA,NA,NA,NA,NA,NA,NA,NA
"3973","raca3=0,mumigual=0,hiv3=0,comdiab=0,comtabagis=0,comdrogas=0  encerra2=0",38,1.20276349614396,0.791666666666667,0.0642978003384095,NA,NA,NA,NA,NA,NA,NA,NA
"3974","raca3=0,fxet3=1,mumigual=0,hiv3=0,comtabagis=0,comdrogas=0  encerra2=0",49,1.20072145285679,0.790322580645161,0.0829103214890017,NA,NA,NA,NA,NA,NA,NA,NA
"3975","raca3=0,mumigual=0,hiv3=0,comtabagis=0,comdrogas=0,pdres5=1  encerra2=0",50,1.16867708127348,0.769230769230769,0.0846023688663283,NA,NA,NA,NA,NA,NA,NA,NA
"3976","raca3=0,fxet3=1,mumigual=0,hiv3=0,comdiab=0,comtabagis=0  encerra2=0",43,1.14612366391557,0.754385964912281,0.0727580372250423,NA,NA,NA,NA,NA,NA,NA,NA
"3977","raca3=0,mumigual=0,hiv3=0,comdiab=0,comtabagis=0,pdres5=1  encerra2=0",44,1.15255739739385,0.758620689655172,0.0744500846023689,NA,NA,NA,NA,NA,NA,NA,NA
"3978","raca3=0,fxet3=1,mumigual=0,hiv3=0,comtabagis=0,pdres5=1  encerra2=0",55,1.16056126820908,0.763888888888889,0.0930626057529611,NA,NA,NA,NA,NA,NA,NA,NA
"3979","raca3=0,mumigual=0,comdiab=0,comtabagis=0,comdrogas=0,cavitacao=1  encerra2=0",33,1.19372016158649,0.785714285714286,0.0558375634517767,NA,NA,NA,NA,NA,NA,NA,NA
"3980","raca3=0,fxet3=1,mumigual=0,comtabagis=0,comdrogas=0,cavitacao=1  encerra2=0",43,1.18780088805796,0.781818181818182,0.0727580372250423,NA,NA,NA,NA,NA,NA,NA,NA
"3981","raca3=0,mumigual=0,comtabagis=0,comdrogas=0,pdres5=1,cavitacao=1  encerra2=0",45,1.17875188369825,0.775862068965517,0.0761421319796954,NA,NA,NA,NA,NA,NA,NA,NA
"3982","raca3=0,mumigual=0,comdiab=0,comtabagis=0,pdres5=1,cavitacao=1  encerra2=0",39,1.13946015424165,0.75,0.065989847715736,NA,NA,NA,NA,NA,NA,NA,NA
"3983","raca3=0,fxet3=1,mumigual=0,comtabagis=0,pdres5=1,cavitacao=1  encerra2=0",49,1.14530353964801,0.753846153846154,0.0829103214890017,NA,NA,NA,NA,NA,NA,NA,NA
"3984","raca3=0,fxet3=1,mumigual=0,comdiab=0,comtabagis=0,comdrogas=0  encerra2=0",44,1.17277770261128,0.771929824561403,0.0744500846023689,NA,NA,NA,NA,NA,NA,NA,NA
"3985","raca3=0,mumigual=0,comdiab=0,comtabagis=0,comdrogas=0,ppl=0  encerra2=0",45,1.17875188369825,0.775862068965517,0.0761421319796954,NA,NA,NA,NA,NA,NA,NA,NA
"3986","raca3=0,mumigual=0,comdiab=0,comtabagis=0,comdrogas=0,pdres5=1  encerra2=0",45,1.17875188369825,0.775862068965517,0.0761421319796954,NA,NA,NA,NA,NA,NA,NA,NA
"3987","raca3=0,fxet3=1,mumigual=0,comtabagis=0,comdrogas=0,ppl=0  encerra2=0",57,1.18628728386801,0.780821917808219,0.0964467005076142,NA,NA,NA,NA,NA,NA,NA,NA
"3988","raca3=0,fxet3=1,mumigual=0,comtabagis=0,comdrogas=0,pdres5=1  encerra2=0",57,1.18628728386801,0.780821917808219,0.0964467005076142,NA,NA,NA,NA,NA,NA,NA,NA
"3989","raca3=0,mumigual=0,comtabagis=0,comdrogas=0,ppl=0,pdres5=1  encerra2=0",59,1.14919912991892,0.756410256410256,0.0998307952622673,NA,NA,NA,NA,NA,NA,NA,NA
"3990","raca3=0,mumigual=0,comdiab=0,comtabagis=0,ppl=0,pdres5=1  encerra2=0",51,1.12294623896278,0.739130434782609,0.0862944162436548,NA,NA,NA,NA,NA,NA,NA,NA
"3991","raca3=0,fxet3=1,mumigual=0,comtabagis=0,ppl=0,pdres5=1  encerra2=0",63,1.13946015424165,0.75,0.106598984771574,NA,NA,NA,NA,NA,NA,NA,NA
"3992","raca3=0,fxet3=1,mumigual=0,hiv3=0,comdiab=0,comdrogas=0  encerra2=0",48,1.21542416452442,0.8,0.0812182741116751,NA,NA,NA,NA,NA,NA,NA,NA
"3993","raca3=0,mumigual=0,hiv3=0,comdiab=0,comdrogas=0,pdres5=1  encerra2=0",49,1.20072145285679,0.790322580645161,0.0829103214890017,NA,NA,NA,NA,NA,NA,NA,NA
"3994","raca3=0,fxet3=1,mumigual=0,hiv3=0,comdrogas=0,pdres5=1  encerra2=0",62,1.2076329839826,0.794871794871795,0.104906937394247,NA,NA,NA,NA,NA,NA,NA,NA
"3995","raca3=0,fxet3=1,mumigual=0,hiv3=0,comdiab=0,ppl=0  encerra2=0",55,1.12919474744668,0.743243243243243,0.0930626057529611,NA,NA,NA,NA,NA,NA,NA,NA
"3996","raca3=0,fxet3=1,mumigual=0,hiv3=0,comdiab=0,pdres5=1  encerra2=0",57,1.13946015424165,0.75,0.0964467005076142,NA,NA,NA,NA,NA,NA,NA,NA
"3997","raca3=0,mumigual=0,hiv3=0,comdiab=0,ppl=0,pdres5=1  encerra2=0",56,1.11946962521986,0.736842105263158,0.0947546531302876,NA,NA,NA,NA,NA,NA,NA,NA
"3998","raca3=0,fxet3=1,mumigual=0,hiv3=0,ppl=0,pdres5=1  encerra2=0",69,1.13946015424165,0.75,0.116751269035533,NA,NA,NA,NA,NA,NA,NA,NA
"3999","raca3=0,fxet3=1,mumigual=0,comdiab=0,comdrogas=0,cavitacao=1  encerra2=0",44,1.19372016158649,0.785714285714286,0.0744500846023689,NA,NA,NA,NA,NA,NA,NA,NA
"4000","raca3=0,mumigual=0,comdiab=0,comdrogas=0,pdres5=1,cavitacao=1  encerra2=0",45,1.199431741307,0.789473684210526,0.0761421319796954,NA,NA,NA,NA,NA,NA,NA,NA
"4001","raca3=0,fxet3=1,mumigual=0,comdrogas=0,pdres5=1,cavitacao=1  encerra2=0",56,1.19830551431985,0.788732394366197,0.0947546531302876,NA,NA,NA,NA,NA,NA,NA,NA
"4002","raca3=0,fxet3=1,mumigual=0,comdiab=0,comdrogas=0,ppl=0  encerra2=0",57,1.18628728386801,0.780821917808219,0.0964467005076142,NA,NA,NA,NA,NA,NA,NA,NA
"4003","raca3=0,fxet3=1,mumigual=0,comdiab=0,comdrogas=0,pdres5=1  encerra2=0",57,1.18628728386801,0.780821917808219,0.0964467005076142,NA,NA,NA,NA,NA,NA,NA,NA
"4004","raca3=0,mumigual=0,comdiab=0,comdrogas=0,ppl=0,pdres5=1  encerra2=0",58,1.17491002570694,0.773333333333333,0.0981387478849408,NA,NA,NA,NA,NA,NA,NA,NA
"4005","raca3=0,fxet3=1,mumigual=0,comdrogas=0,ppl=0,pdres5=1  encerra2=0",72,1.18900190007824,0.782608695652174,0.121827411167513,NA,NA,NA,NA,NA,NA,NA,NA
"4006","raca3=0,alcool=0,comdiab=0,comdrogas=0,ppl=0,bilateral=1  encerra2=0",54,1.17201615864855,0.771428571428571,0.0913705583756345,NA,NA,NA,NA,NA,NA,NA,NA
"4007","raca3=0,hiv3=0,alcool=0,comtabagis=0,pdres5=1,cavitacao=1  encerra2=0",67,1.14372779526877,0.752808988764045,0.11336717428088,NA,NA,NA,NA,NA,NA,NA,NA
"4008","raca3=0,fxet3=1,hiv3=0,alcool=0,comtabagis=0,pdres5=1  encerra2=0",83,1.14636597335826,0.754545454545455,0.140439932318105,NA,NA,NA,NA,NA,NA,NA,NA
"4009","raca3=0,alcool=0,comtabagis=0,ppl=0,pdres5=1,cavitacao=1  encerra2=0",82,1.1429447418693,0.752293577981651,0.138747884940778,NA,NA,NA,NA,NA,NA,NA,NA
"4010","raca3=0,alcool=0,comdiab=0,comtabagis=0,comdrogas=0,pdres5=1  encerra2=0",81,1.1832855447894,0.778846153846154,0.137055837563452,NA,NA,NA,NA,NA,NA,NA,NA
"4011","raca3=0,fxet3=1,alcool=0,comtabagis=0,ppl=0,pdres5=1  encerra2=0",101,1.1451291102329,0.753731343283582,0.170896785109983,NA,NA,NA,NA,NA,NA,NA,NA
"4012","raca3=0,fxet3=1,hiv3=0,alcool=0,comdrogas=0,pdres5=1  encerra2=0",91,1.22349113906773,0.805309734513274,0.153976311336717,NA,NA,NA,NA,NA,NA,NA,NA
"4013","raca3=0,fxet3=1,hiv3=0,alcool=0,ppl=0,pdres5=1  encerra2=0",95,1.14548904394663,0.753968253968254,0.160744500846024,NA,NA,NA,NA,NA,NA,NA,NA
"4014","raca3=0,alcool=0,comdiab=0,comdrogas=0,ppl=0,pdres5=1  encerra2=0",93,1.18733663131062,0.781512605042017,0.157360406091371,NA,NA,NA,NA,NA,NA,NA,NA
"4015","raca3=0,fxet3=1,alcool=0,comdrogas=0,ppl=0,pdres5=1  encerra2=0",109,1.20877038260184,0.795620437956204,0.184433164128596,NA,NA,NA,NA,NA,NA,NA,NA
"4016","raca3=0,comdiab=0,comtabagis=0,comdrogas=0,ppl=0,pdres5=1  encerra2=0",82,1.15352756355327,0.759259259259259,0.138747884940778,NA,NA,NA,NA,NA,NA,NA,NA
"4017","raca3=1,fxet3=1,mumigual=1,hiv3=0,alcool=0,bilateral=1  encerra2=0",35,1.15597406952051,0.760869565217391,0.0592216582064298,NA,NA,NA,NA,NA,NA,NA,NA
"4018","raca3=1,fxet3=1,mumigual=1,alcool=0,comdiab=0,bilateral=1  encerra2=0",39,1.11796090604841,0.735849056603774,0.065989847715736,NA,NA,NA,NA,NA,NA,NA,NA
"4019","raca3=1,fxet3=1,mumigual=1,hiv3=0,pdres5=1,bilateral=1  encerra2=0",47,1.15171241396467,0.758064516129032,0.0795262267343486,NA,NA,NA,NA,NA,NA,NA,NA
"4020","raca3=1,fxet3=1,mumigual=1,comdiab=0,comdrogas=0,bilateral=1  encerra2=0",44,1.11413881748072,0.733333333333333,0.0744500846023689,NA,NA,NA,NA,NA,NA,NA,NA
"4021","sexo2=1,raca3=1,escol4=1,mumigual=1,hiv3=0,comtabagis=0  encerra2=0",38,1.22835420882787,0.808510638297872,0.0642978003384095,NA,NA,NA,NA,NA,NA,NA,NA
"4022","sexo2=1,raca3=1,escol4=1,mumigual=1,hiv3=0,comdrogas=0  encerra2=0",40,1.24022873931063,0.816326530612245,0.0676818950930626,NA,NA,NA,NA,NA,NA,NA,NA
"4023","sexo2=1,raca3=1,escol4=1,mumigual=1,hiv3=0,comdiab=0  encerra2=0",46,1.20494637000266,0.793103448275862,0.077834179357022,NA,NA,NA,NA,NA,NA,NA,NA
"4024","sexo2=1,raca3=1,fxet3=1,escol4=1,mumigual=1,hiv3=0  encerra2=0",44,1.19372016158649,0.785714285714286,0.0744500846023689,NA,NA,NA,NA,NA,NA,NA,NA
"4025","sexo2=1,raca3=1,escol4=1,mumigual=1,hiv3=0,pdres5=1  encerra2=0",51,1.21067641388175,0.796875,0.0862944162436548,NA,NA,NA,NA,NA,NA,NA,NA
"4026","sexo2=1,raca3=1,escol4=1,mumigual=1,comdiab=0,cavitacao=1  encerra2=0",40,1.14662657030606,0.754716981132076,0.0676818950930626,NA,NA,NA,NA,NA,NA,NA,NA
"4027","sexo2=1,raca3=1,fxet3=1,escol4=1,mumigual=1,cavitacao=1  encerra2=0",41,1.15352756355327,0.759259259259259,0.0693739424703892,NA,NA,NA,NA,NA,NA,NA,NA
"4028","sexo2=1,raca3=1,escol4=1,mumigual=1,pdres5=1,cavitacao=1  encerra2=0",46,1.16478149100257,0.766666666666667,0.077834179357022,NA,NA,NA,NA,NA,NA,NA,NA
"4029","sexo2=1,raca3=1,escol4=1,mumigual=1,comdrogas=0,pdres5=1  encerra2=0",46,1.18452355017211,0.779661016949153,0.077834179357022,NA,NA,NA,NA,NA,NA,NA,NA
"4030","raca3=1,escol4=1,mumigual=1,hiv3=0,comdiab=0,pdres5=1  encerra2=0",56,1.13439588688946,0.746666666666667,0.0947546531302876,NA,NA,NA,NA,NA,NA,NA,NA
"4031","sexo2=1,raca3=1,mumigual=1,hiv3=0,alcool=0,comtabagis=0  encerra2=0",37,1.22202973063597,0.804347826086957,0.0626057529610829,NA,NA,NA,NA,NA,NA,NA,NA
"4032","sexo2=1,raca3=1,mumigual=1,alcool=0,comtabagis=0,comdrogas=0  encerra2=0",42,1.20395789882136,0.792452830188679,0.0710659898477157,NA,NA,NA,NA,NA,NA,NA,NA
"4033","sexo2=1,raca3=1,mumigual=1,alcool=0,comtabagis=0,pdres5=1  encerra2=0",44,1.17277770261128,0.771929824561403,0.0744500846023689,NA,NA,NA,NA,NA,NA,NA,NA
"4034","sexo2=1,raca3=1,mumigual=1,hiv3=0,comtabagis=0,tipores3=1  encerra2=0",39,1.23441516709512,0.8125,0.065989847715736,NA,NA,NA,NA,NA,NA,NA,NA
"4035","sexo2=1,raca3=1,mumigual=1,comtabagis=0,cavitacao=1,tipores3=1  encerra2=0",35,1.20851834540781,0.795454545454545,0.0592216582064298,NA,NA,NA,NA,NA,NA,NA,NA
"4036","sexo2=1,raca3=1,mumigual=1,hiv3=0,cavitacao=1,tipores3=1  encerra2=0",42,1.20395789882136,0.792452830188679,0.0710659898477157,NA,NA,NA,NA,NA,NA,NA,NA
"4037","sexo2=1,raca3=1,mumigual=1,hiv3=0,comdrogas=0,tipores3=1  encerra2=0",42,1.20395789882136,0.792452830188679,0.0710659898477157,NA,NA,NA,NA,NA,NA,NA,NA
"4038","sexo2=1,raca3=1,mumigual=1,hiv3=0,comtabagis=0,cavitacao=1  encerra2=0",36,1.27195552101393,0.837209302325581,0.0609137055837563,NA,NA,NA,NA,NA,NA,NA,NA
"4039","sexo2=1,raca3=1,mumigual=1,hiv3=0,comtabagis=0,comdrogas=0  encerra2=0",38,1.2550575611937,0.826086956521739,0.0642978003384095,NA,NA,NA,NA,NA,NA,NA,NA
"4040","sexo2=1,raca3=1,fxet3=1,mumigual=1,hiv3=0,comtabagis=0  encerra2=0",41,1.22138212611523,0.803921568627451,0.0693739424703892,NA,NA,NA,NA,NA,NA,NA,NA
"4041","sexo2=1,raca3=1,mumigual=1,hiv3=0,comtabagis=0,pdres5=1  encerra2=0",45,1.24304744099089,0.818181818181818,0.0761421319796954,NA,NA,NA,NA,NA,NA,NA,NA
"4042","sexo2=1,raca3=1,mumigual=1,comtabagis=0,comdrogas=0,cavitacao=1  encerra2=0",34,1.22989349981638,0.80952380952381,0.0575296108291032,NA,NA,NA,NA,NA,NA,NA,NA
"4043","sexo2=1,raca3=1,fxet3=1,mumigual=1,comtabagis=0,cavitacao=1  encerra2=0",38,1.20276349614396,0.791666666666667,0.0642978003384095,NA,NA,NA,NA,NA,NA,NA,NA
"4044","sexo2=1,raca3=1,mumigual=1,comtabagis=0,pdres5=1,cavitacao=1  encerra2=0",41,1.22138212611523,0.803921568627451,0.0693739424703892,NA,NA,NA,NA,NA,NA,NA,NA
"4045","sexo2=1,raca3=1,mumigual=1,comtabagis=0,comdrogas=0,pdres5=1  encerra2=0",45,1.199431741307,0.789473684210526,0.0761421319796954,NA,NA,NA,NA,NA,NA,NA,NA
"4046","sexo2=1,raca3=1,mumigual=1,hiv3=0,comdrogas=0,cavitacao=1  encerra2=0",39,1.23441516709512,0.8125,0.065989847715736,NA,NA,NA,NA,NA,NA,NA,NA
"4047","sexo2=1,raca3=1,mumigual=1,hiv3=0,comdiab=0,cavitacao=1  encerra2=0",44,1.21542416452442,0.8,0.0744500846023689,NA,NA,NA,NA,NA,NA,NA,NA
"4048","sexo2=1,raca3=1,fxet3=1,mumigual=1,hiv3=0,cavitacao=1  encerra2=0",44,1.21542416452442,0.8,0.0744500846023689,NA,NA,NA,NA,NA,NA,NA,NA
"4049","sexo2=1,raca3=1,mumigual=1,hiv3=0,pdres5=1,cavitacao=1  encerra2=0",49,1.22040541110034,0.80327868852459,0.0829103214890017,NA,NA,NA,NA,NA,NA,NA,NA
"4050","sexo2=1,raca3=1,fxet3=1,mumigual=1,hiv3=0,comdrogas=0  encerra2=0",42,1.22711093533716,0.807692307692308,0.0710659898477157,NA,NA,NA,NA,NA,NA,NA,NA
"4051","sexo2=1,raca3=1,mumigual=1,hiv3=0,comdrogas=0,pdres5=1  encerra2=0",49,1.22040541110034,0.80327868852459,0.0829103214890017,NA,NA,NA,NA,NA,NA,NA,NA
"4052","sexo2=1,raca3=1,mumigual=1,hiv3=0,comdiab=0,pdres5=1  encerra2=0",54,1.18900190007824,0.782608695652174,0.0913705583756345,NA,NA,NA,NA,NA,NA,NA,NA
"4053","sexo2=1,raca3=1,fxet3=1,mumigual=1,hiv3=0,pdres5=1  encerra2=0",53,1.20181867014542,0.791044776119403,0.089678510998308,NA,NA,NA,NA,NA,NA,NA,NA
"4054","sexo2=1,raca3=1,fxet3=1,mumigual=1,comdrogas=0,cavitacao=1  encerra2=0",40,1.21542416452442,0.8,0.0676818950930626,NA,NA,NA,NA,NA,NA,NA,NA
"4055","sexo2=1,raca3=1,mumigual=1,comdrogas=0,pdres5=1,cavitacao=1  encerra2=0",45,1.22085016525891,0.803571428571429,0.0761421319796954,NA,NA,NA,NA,NA,NA,NA,NA
"4056","sexo2=1,raca3=1,fxet3=1,mumigual=1,pdres5=1,cavitacao=1  encerra2=0",51,1.1564670222154,0.761194029850746,0.0862944162436548,NA,NA,NA,NA,NA,NA,NA,NA
"4057","sexo2=1,raca3=1,fxet3=1,mumigual=1,comdrogas=0,pdres5=1  encerra2=0",51,1.19205062289895,0.784615384615385,0.0862944162436548,NA,NA,NA,NA,NA,NA,NA,NA
"4058","raca3=1,fxet3=1,mumigual=1,hiv3=0,alcool=0,comtabagis=0  encerra2=0",45,1.15877303821184,0.76271186440678,0.0761421319796954,NA,NA,NA,NA,NA,NA,NA,NA
"4059","raca3=1,fxet3=1,mumigual=1,hiv3=0,alcool=0,comdrogas=0  encerra2=0",47,1.1901028277635,0.783333333333333,0.0795262267343486,NA,NA,NA,NA,NA,NA,NA,NA
"4060","raca3=1,fxet3=1,mumigual=1,hiv3=0,comtabagis=0,cavitacao=1  encerra2=0",43,1.16659015791407,0.767857142857143,0.0727580372250423,NA,NA,NA,NA,NA,NA,NA,NA
"4061","raca3=1,mumigual=1,hiv3=0,comtabagis=0,pdres5=1,cavitacao=1  encerra2=0",47,1.15171241396467,0.758064516129032,0.0795262267343486,NA,NA,NA,NA,NA,NA,NA,NA
"4062","raca3=1,fxet3=1,mumigual=1,hiv3=0,comtabagis=0,pdres5=1  encerra2=0",53,1.16698334637309,0.768115942028985,0.089678510998308,NA,NA,NA,NA,NA,NA,NA,NA
"4063","raca3=1,mumigual=1,hiv3=0,comdiab=0,pdres5=1,cavitacao=1  encerra2=0",58,1.14439288218209,0.753246753246753,0.0981387478849408,NA,NA,NA,NA,NA,NA,NA,NA
"4064","raca3=1,fxet3=1,mumigual=1,hiv3=0,pdres5=1,cavitacao=1  encerra2=0",59,1.14919912991892,0.756410256410256,0.0998307952622673,NA,NA,NA,NA,NA,NA,NA,NA
"4065","raca3=1,mumigual=1,comdiab=0,comdrogas=0,pdres5=1,cavitacao=1  encerra2=0",55,1.11413881748072,0.733333333333333,0.0930626057529611,NA,NA,NA,NA,NA,NA,NA,NA
"4066","sexo2=1,mumigual=1,alcool=0,comdiab=0,comdrogas=0,bilateral=1  encerra2=0",48,1.19549917822074,0.786885245901639,0.0812182741116751,NA,NA,NA,NA,NA,NA,NA,NA
"4067","sexo2=1,mumigual=1,alcool=0,comdrogas=0,pdres5=1,bilateral=1  encerra2=0",54,1.18900190007824,0.782608695652174,0.0913705583756345,NA,NA,NA,NA,NA,NA,NA,NA
"4068","sexo2=1,mumigual=1,alcool=0,comdiab=0,pdres5=1,bilateral=1  encerra2=0",50,1.11711779827612,0.735294117647059,0.0846023688663283,NA,NA,NA,NA,NA,NA,NA,NA
"4069","sexo2=1,fxet3=1,mumigual=1,alcool=0,pdres5=1,bilateral=1  encerra2=0",46,1.10931570571673,0.73015873015873,0.077834179357022,NA,NA,NA,NA,NA,NA,NA,NA
"4070","fxet3=1,mumigual=1,hiv3=0,alcool=0,comtabagis=0,bilateral=1  encerra2=0",53,1.11835904027421,0.736111111111111,0.089678510998308,NA,NA,NA,NA,NA,NA,NA,NA
"4071","fxet3=1,mumigual=1,alcool=0,comdiab=0,comtabagis=0,bilateral=1  encerra2=0",59,1.10663619918119,0.728395061728395,0.0998307952622673,NA,NA,NA,NA,NA,NA,NA,NA
"4072","mumigual=1,alcool=0,comdiab=0,comtabagis=0,pdres5=1,bilateral=1  encerra2=0",65,1.10958666705179,0.730337078651685,0.109983079526227,NA,NA,NA,NA,NA,NA,NA,NA
"4073","fxet3=1,mumigual=1,hiv3=0,alcool=0,comdrogas=0,bilateral=1  encerra2=0",58,1.19078718821649,0.783783783783784,0.0981387478849408,NA,NA,NA,NA,NA,NA,NA,NA
"4074","mumigual=1,hiv3=0,alcool=0,comdrogas=0,pdres5=1,bilateral=1  encerra2=0",65,1.16180251020717,0.764705882352941,0.109983079526227,NA,NA,NA,NA,NA,NA,NA,NA
"4075","fxet3=1,mumigual=1,hiv3=0,alcool=0,pdres5=1,bilateral=1  encerra2=0",60,1.12539274493002,0.740740740740741,0.101522842639594,NA,NA,NA,NA,NA,NA,NA,NA
"4076","fxet3=1,mumigual=1,alcool=0,comdiab=0,comdrogas=0,bilateral=1  encerra2=0",63,1.19643316195373,0.7875,0.106598984771574,NA,NA,NA,NA,NA,NA,NA,NA
"4077","mumigual=1,alcool=0,comdiab=0,comdrogas=0,pdres5=1,bilateral=1  encerra2=0",71,1.18537246814882,0.78021978021978,0.120135363790186,NA,NA,NA,NA,NA,NA,NA,NA
"4078","fxet3=1,mumigual=1,alcool=0,comdrogas=0,pdres5=1,bilateral=1  encerra2=0",73,1.16744689487214,0.768421052631579,0.123519458544839,NA,NA,NA,NA,NA,NA,NA,NA
"4079","fxet3=1,mumigual=1,alcool=0,comdiab=0,pdres5=1,bilateral=1  encerra2=0",67,1.11859092064748,0.736263736263736,0.11336717428088,NA,NA,NA,NA,NA,NA,NA,NA
"4080","sexo2=1,escol4=1,mumigual=1,hiv3=0,alcool=0,comdrogas=0  encerra2=0",46,1.24798016893133,0.821428571428571,0.077834179357022,NA,NA,NA,NA,NA,NA,NA,NA
"4081","sexo2=1,escol4=1,mumigual=1,alcool=0,comdrogas=0,pdres5=1  encerra2=0",56,1.23303900748854,0.811594202898551,0.0947546531302876,NA,NA,NA,NA,NA,NA,NA,NA
"4082","sexo2=1,escol4=1,mumigual=1,hiv3=0,comtabagis=0,tipores3=1  encerra2=0",47,1.15171241396467,0.758064516129032,0.0795262267343486,NA,NA,NA,NA,NA,NA,NA,NA
"4083","sexo2=1,escol4=1,mumigual=1,hiv3=0,comtabagis=0,cavitacao=1  encerra2=0",41,1.15352756355327,0.759259259259259,0.0693739424703892,NA,NA,NA,NA,NA,NA,NA,NA
"4084","sexo2=1,fxet3=1,escol4=1,mumigual=1,hiv3=0,comtabagis=0  encerra2=0",49,1.14530353964801,0.753846153846154,0.0829103214890017,NA,NA,NA,NA,NA,NA,NA,NA
"4085","sexo2=1,escol4=1,mumigual=1,hiv3=0,comtabagis=0,pdres5=1  encerra2=0",55,1.16056126820908,0.763888888888889,0.0930626057529611,NA,NA,NA,NA,NA,NA,NA,NA
"4086","sexo2=1,escol4=1,mumigual=1,comtabagis=0,comdrogas=0,pdres5=1  encerra2=0",56,1.16547522625629,0.767123287671233,0.0947546531302876,NA,NA,NA,NA,NA,NA,NA,NA
"4087","sexo2=1,fxet3=1,escol4=1,mumigual=1,hiv3=0,comdrogas=0  encerra2=0",55,1.22882957810374,0.808823529411765,0.0930626057529611,NA,NA,NA,NA,NA,NA,NA,NA
"4088","sexo2=1,escol4=1,mumigual=1,hiv3=0,comdrogas=0,pdres5=1  encerra2=0",66,1.22283528747884,0.804878048780488,0.111675126903553,NA,NA,NA,NA,NA,NA,NA,NA
"4089","sexo2=1,fxet3=1,escol4=1,mumigual=1,hiv3=0,pdres5=1  encerra2=0",69,1.15198169439815,0.758241758241758,0.116751269035533,NA,NA,NA,NA,NA,NA,NA,NA
"4090","sexo2=1,escol4=1,mumigual=1,comdrogas=0,pdres5=1,cavitacao=1  encerra2=0",56,1.16547522625629,0.767123287671233,0.0947546531302876,NA,NA,NA,NA,NA,NA,NA,NA
"4091","sexo2=1,mumigual=1,hiv3=0,alcool=0,cavitacao=1,tipores3=1  encerra2=0",40,1.12539274493002,0.740740740740741,0.0676818950930626,NA,NA,NA,NA,NA,NA,NA,NA
"4092","sexo2=1,mumigual=1,hiv3=0,alcool=0,comtabagis=0,cavitacao=1  encerra2=0",44,1.19372016158649,0.785714285714286,0.0744500846023689,NA,NA,NA,NA,NA,NA,NA,NA
"4093","sexo2=1,mumigual=1,hiv3=0,alcool=0,comtabagis=0,comdrogas=0  encerra2=0",56,1.23303900748854,0.811594202898551,0.0947546531302876,NA,NA,NA,NA,NA,NA,NA,NA
"4094","sexo2=1,mumigual=1,hiv3=0,alcool=0,comtabagis=0,pdres5=1  encerra2=0",59,1.19516709511568,0.786666666666667,0.0998307952622673,NA,NA,NA,NA,NA,NA,NA,NA
"4095","sexo2=1,mumigual=1,alcool=0,comtabagis=0,comdrogas=0,pdres5=1  encerra2=0",72,1.21542416452442,0.8,0.121827411167513,NA,NA,NA,NA,NA,NA,NA,NA
"4096","sexo2=1,mumigual=1,hiv3=0,alcool=0,comdrogas=0,pdres5=1  encerra2=0",61,1.20358561746737,0.792207792207792,0.10321489001692,NA,NA,NA,NA,NA,NA,NA,NA
"4097","sexo2=1,fxet3=1,mumigual=1,alcool=0,comdrogas=0,pdres5=1  encerra2=0",66,1.20810233220801,0.795180722891566,0.111675126903553,NA,NA,NA,NA,NA,NA,NA,NA
"4098","sexo2=1,mumigual=1,hiv3=0,comtabagis=0,cavitacao=1,tipores3=1  encerra2=0",48,1.17621693341073,0.774193548387097,0.0812182741116751,NA,NA,NA,NA,NA,NA,NA,NA
"4099","sexo2=1,mumigual=1,hiv3=0,comtabagis=0,comdrogas=0,tipores3=1  encerra2=0",51,1.21067641388175,0.796875,0.0862944162436548,NA,NA,NA,NA,NA,NA,NA,NA
"4100","sexo2=1,fxet3=1,mumigual=1,hiv3=0,comtabagis=0,tipores3=1  encerra2=0",56,1.14972556103662,0.756756756756757,0.0947546531302876,NA,NA,NA,NA,NA,NA,NA,NA
"4101","sexo2=1,mumigual=1,hiv3=0,comtabagis=0,pdres5=1,tipores3=1  encerra2=0",61,1.15845115681234,0.7625,0.10321489001692,NA,NA,NA,NA,NA,NA,NA,NA
"4102","sexo2=1,mumigual=1,hiv3=0,comdiab=0,cavitacao=1,tipores3=1  encerra2=0",59,1.12046915167095,0.7375,0.0998307952622673,NA,NA,NA,NA,NA,NA,NA,NA
"4103","sexo2=1,mumigual=1,hiv3=0,comtabagis=0,comdrogas=0,cavitacao=1  encerra2=0",47,1.21027406213237,0.796610169491525,0.0795262267343486,NA,NA,NA,NA,NA,NA,NA,NA
"4104","sexo2=1,fxet3=1,mumigual=1,hiv3=0,comtabagis=0,cavitacao=1  encerra2=0",51,1.1564670222154,0.761194029850746,0.0862944162436548,NA,NA,NA,NA,NA,NA,NA,NA
"4105","sexo2=1,mumigual=1,hiv3=0,comtabagis=0,pdres5=1,cavitacao=1  encerra2=0",56,1.16547522625629,0.767123287671233,0.0947546531302876,NA,NA,NA,NA,NA,NA,NA,NA
"4106","sexo2=1,mumigual=1,hiv3=0,comtabagis=0,comdrogas=0,pdres5=1  encerra2=0",62,1.22331652922913,0.805194805194805,0.104906937394247,NA,NA,NA,NA,NA,NA,NA,NA
"4107","sexo2=1,fxet3=1,mumigual=1,hiv3=0,comdrogas=0,pdres5=1  encerra2=0",73,1.23230505569837,0.811111111111111,0.123519458544839,NA,NA,NA,NA,NA,NA,NA,NA
"4108","sexo2=1,fxet3=1,mumigual=1,comdrogas=0,pdres5=1,cavitacao=1  encerra2=0",65,1.17563349247154,0.773809523809524,0.109983079526227,NA,NA,NA,NA,NA,NA,NA,NA
"4109","mumigual=1,hiv3=0,alcool=0,comtabagis=0,comdrogas=0,pdres5=1  encerra2=0",80,1.15754682335659,0.761904761904762,0.135363790186125,NA,NA,NA,NA,NA,NA,NA,NA
"4110","fxet3=1,mumigual=1,hiv3=0,alcool=0,comtabagis=0,pdres5=1  encerra2=0",74,1.12426735218509,0.74,0.125211505922166,NA,NA,NA,NA,NA,NA,NA,NA
"4111","fxet3=1,mumigual=1,hiv3=0,alcool=0,comdrogas=0,pdres5=1  encerra2=0",79,1.18834788363155,0.782178217821782,0.133671742808799,NA,NA,NA,NA,NA,NA,NA,NA
"4112","fxet3=1,mumigual=1,alcool=0,comdiab=0,comdrogas=0,pdres5=1  encerra2=0",87,1.15945068326343,0.763157894736842,0.147208121827411,NA,NA,NA,NA,NA,NA,NA,NA
"4113","fxet3=1,mumigual=1,hiv3=0,comtabagis=0,pdres5=1,cavitacao=1  encerra2=0",71,1.11205045980972,0.731958762886598,0.120135363790186,NA,NA,NA,NA,NA,NA,NA,NA
"4114","sexo2=1,raca3=1,mumigual=0,alcool=0,comtabagis=0,bilateral=1  encerra2=0",32,1.15754682335659,0.761904761904762,0.0541455160744501,NA,NA,NA,NA,NA,NA,NA,NA
"4115","sexo2=1,raca3=1,mumigual=0,hiv3=0,alcool=0,bilateral=1  encerra2=0",28,1.14972556103662,0.756756756756757,0.0473773265651438,NA,NA,NA,NA,NA,NA,NA,NA
"4116","sexo2=1,raca3=1,mumigual=0,alcool=0,pdres5=1,bilateral=1  encerra2=0",36,1.11620586537957,0.73469387755102,0.0609137055837563,NA,NA,NA,NA,NA,NA,NA,NA
"4117","sexo2=1,raca3=1,mumigual=0,hiv3=0,alcool=0,ppl=0  encerra2=0",41,1.11233015056923,0.732142857142857,0.0693739424703892,NA,NA,NA,NA,NA,NA,NA,NA
"4118","sexo2=1,mumigual=0,alcool=0,comtabagis=0,bilateral=1,tipores3=1  encerra2=0",36,1.11620586537957,0.73469387755102,0.0609137055837563,NA,NA,NA,NA,NA,NA,NA,NA
"4119","sexo2=1,mumigual=0,alcool=0,comtabagis=0,ppl=0,bilateral=1  encerra2=0",53,1.11835904027421,0.736111111111111,0.089678510998308,NA,NA,NA,NA,NA,NA,NA,NA
"4120","sexo2=1,mumigual=0,alcool=0,comtabagis=0,pdres5=1,bilateral=1  encerra2=0",54,1.15550888880843,0.76056338028169,0.0913705583756345,NA,NA,NA,NA,NA,NA,NA,NA
"4121","fxet3=1,mumigual=0,hiv3=0,alcool=0,ppl=0,pdres5=1  encerra2=0",124,1.10170026608939,0.725146198830409,0.209813874788494,NA,NA,NA,NA,NA,NA,NA,NA
"4122","sexo2=1,raca3=1,alcool=0,comtabagis=0,bilateral=1,tipores3=1  encerra2=0",47,1.13343126453666,0.746031746031746,0.0795262267343486,NA,NA,NA,NA,NA,NA,NA,NA
"4123","sexo2=1,raca3=1,alcool=0,comdrogas=0,bilateral=1,tipores3=1  encerra2=0",50,1.15096985276934,0.757575757575758,0.0846023688663283,NA,NA,NA,NA,NA,NA,NA,NA
"4124","sexo2=1,raca3=1,alcool=0,comtabagis=0,comdrogas=0,bilateral=1  encerra2=0",55,1.19372016158649,0.785714285714286,0.0930626057529611,NA,NA,NA,NA,NA,NA,NA,NA
"4125","sexo2=1,raca3=1,alcool=0,comtabagis=0,pdres5=1,bilateral=1  encerra2=0",58,1.15945068326343,0.763157894736842,0.0981387478849408,NA,NA,NA,NA,NA,NA,NA,NA
"4126","sexo2=1,raca3=1,hiv3=0,alcool=0,comdrogas=0,bilateral=1  encerra2=0",48,1.15754682335659,0.761904761904762,0.0812182741116751,NA,NA,NA,NA,NA,NA,NA,NA
"4127","sexo2=1,raca3=1,fxet3=1,hiv3=0,alcool=0,bilateral=1  encerra2=0",47,1.13343126453666,0.746031746031746,0.0795262267343486,NA,NA,NA,NA,NA,NA,NA,NA
"4128","sexo2=1,raca3=1,hiv3=0,alcool=0,pdres5=1,bilateral=1  encerra2=0",52,1.12860815277268,0.742857142857143,0.0879864636209814,NA,NA,NA,NA,NA,NA,NA,NA
"4129","sexo2=1,raca3=1,fxet3=1,alcool=0,comdrogas=0,bilateral=1  encerra2=0",53,1.15031215571061,0.757142857142857,0.089678510998308,NA,NA,NA,NA,NA,NA,NA,NA
"4130","sexo2=1,raca3=1,alcool=0,comdrogas=0,pdres5=1,bilateral=1  encerra2=0",59,1.16412379394385,0.766233766233766,0.0998307952622673,NA,NA,NA,NA,NA,NA,NA,NA
"4131","sexo2=1,raca3=1,fxet3=1,alcool=0,pdres5=1,bilateral=1  encerra2=0",58,1.10147814910026,0.725,0.0981387478849408,NA,NA,NA,NA,NA,NA,NA,NA
"4132","sexo2=1,raca3=1,comtabagis=0,comdrogas=0,bilateral=1,tipores3=1  encerra2=0",49,1.11111537428539,0.73134328358209,0.0829103214890017,NA,NA,NA,NA,NA,NA,NA,NA
"4133","sexo2=1,raca3=1,hiv3=0,comtabagis=0,comdrogas=0,bilateral=1  encerra2=0",48,1.13946015424165,0.75,0.0812182741116751,NA,NA,NA,NA,NA,NA,NA,NA
"4134","sexo2=1,raca3=1,fxet3=1,comtabagis=0,comdrogas=0,bilateral=1  encerra2=0",53,1.10303905342114,0.726027397260274,0.089678510998308,NA,NA,NA,NA,NA,NA,NA,NA
"4135","sexo2=1,raca3=1,comtabagis=0,comdrogas=0,pdres5=1,bilateral=1  encerra2=0",58,1.11542091048127,0.734177215189873,0.0981387478849408,NA,NA,NA,NA,NA,NA,NA,NA
"4136","sexo2=1,raca3=1,escol4=1,hiv3=0,alcool=0,tipores3=1  encerra2=0",49,1.11111537428539,0.73134328358209,0.0829103214890017,NA,NA,NA,NA,NA,NA,NA,NA
"4137","sexo2=1,raca3=1,escol4=1,hiv3=0,alcool=0,comdrogas=0  encerra2=0",48,1.15754682335659,0.761904761904762,0.0812182741116751,NA,NA,NA,NA,NA,NA,NA,NA
"4138","sexo2=1,raca3=1,escol4=1,hiv3=0,alcool=0,pdres5=1  encerra2=0",56,1.11946962521986,0.736842105263158,0.0947546531302876,NA,NA,NA,NA,NA,NA,NA,NA
"4139","sexo2=1,raca3=1,escol4=1,hiv3=0,comtabagis=0,tipores3=1  encerra2=0",62,1.1213734851267,0.738095238095238,0.104906937394247,NA,NA,NA,NA,NA,NA,NA,NA
"4140","sexo2=1,raca3=1,escol4=1,hiv3=0,comtabagis=0,comdrogas=0  encerra2=0",56,1.13439588688946,0.746666666666667,0.0947546531302876,NA,NA,NA,NA,NA,NA,NA,NA
"4141","sexo2=1,raca3=1,escol4=1,hiv3=0,comdiab=0,comtabagis=0  encerra2=0",63,1.12605474066233,0.741176470588235,0.106598984771574,NA,NA,NA,NA,NA,NA,NA,NA
"4142","sexo2=1,raca3=1,escol4=1,hiv3=0,comtabagis=0,ppl=0  encerra2=0",67,1.11859092064748,0.736263736263736,0.11336717428088,NA,NA,NA,NA,NA,NA,NA,NA
"4143","sexo2=1,raca3=1,escol4=1,hiv3=0,comtabagis=0,pdres5=1  encerra2=0",71,1.13546204843729,0.747368421052632,0.120135363790186,NA,NA,NA,NA,NA,NA,NA,NA
"4144","sexo2=1,raca3=1,escol4=1,hiv3=0,comdiab=0,comdrogas=0  encerra2=0",66,1.12665723116028,0.741573033707865,0.111675126903553,NA,NA,NA,NA,NA,NA,NA,NA
"4145","sexo2=1,raca3=1,escol4=1,hiv3=0,comdrogas=0,pdres5=1  encerra2=0",74,1.12426735218509,0.74,0.125211505922166,NA,NA,NA,NA,NA,NA,NA,NA
"4146","sexo2=1,raca3=1,escol4=1,hiv3=0,comdiab=0,ppl=0  encerra2=0",83,1.11593147849034,0.734513274336283,0.140439932318105,NA,NA,NA,NA,NA,NA,NA,NA
"4147","sexo2=1,raca3=1,escol4=1,hiv3=0,comdiab=0,pdres5=1  encerra2=0",88,1.11413881748072,0.733333333333333,0.148900169204738,NA,NA,NA,NA,NA,NA,NA,NA
"4148","sexo2=1,raca3=1,hiv3=0,alcool=0,comtabagis=0,comdrogas=0  encerra2=0",72,1.20206785502415,0.791208791208791,0.121827411167513,NA,NA,NA,NA,NA,NA,NA,NA
"4149","sexo2=1,raca3=1,hiv3=0,alcool=0,comtabagis=0,ppl=0  encerra2=0",74,1.18343931808957,0.778947368421053,0.125211505922166,NA,NA,NA,NA,NA,NA,NA,NA
"4150","sexo2=1,raca3=1,hiv3=0,alcool=0,comtabagis=0,pdres5=1  encerra2=0",78,1.18503856041131,0.78,0.131979695431472,NA,NA,NA,NA,NA,NA,NA,NA
"4151","sexo2=1,raca3=1,alcool=0,comtabagis=0,comdrogas=0,ppl=0  encerra2=0",82,1.15352756355327,0.759259259259259,0.138747884940778,NA,NA,NA,NA,NA,NA,NA,NA
"4152","sexo2=1,raca3=1,alcool=0,comtabagis=0,comdrogas=0,pdres5=1  encerra2=0",87,1.16971130877903,0.769911504424779,0.147208121827411,NA,NA,NA,NA,NA,NA,NA,NA
"4153","sexo2=1,raca3=1,alcool=0,comtabagis=0,ppl=0,pdres5=1  encerra2=0",87,1.13946015424165,0.75,0.147208121827411,NA,NA,NA,NA,NA,NA,NA,NA
"4154","sexo2=1,raca3=1,fxet3=1,hiv3=0,alcool=0,comdrogas=0  encerra2=0",66,1.1659592275961,0.767441860465116,0.111675126903553,NA,NA,NA,NA,NA,NA,NA,NA
"4155","sexo2=1,raca3=1,hiv3=0,alcool=0,comdrogas=0,pdres5=1  encerra2=0",74,1.14721158386234,0.755102040816326,0.125211505922166,NA,NA,NA,NA,NA,NA,NA,NA
"4156","sexo2=1,raca3=1,fxet3=1,hiv3=0,alcool=0,pdres5=1  encerra2=0",74,1.13562358806575,0.747474747474748,0.125211505922166,NA,NA,NA,NA,NA,NA,NA,NA
"4157","sexo2=1,raca3=1,fxet3=1,alcool=0,comdrogas=0,pdres5=1  encerra2=0",81,1.12900639135869,0.743119266055046,0.137055837563452,NA,NA,NA,NA,NA,NA,NA,NA
"4158","sexo2=1,raca3=1,hiv3=0,comtabagis=0,cavitacao=1,tipores3=1  encerra2=0",65,1.10958666705179,0.730337078651685,0.109983079526227,NA,NA,NA,NA,NA,NA,NA,NA
"4159","sexo2=1,raca3=1,hiv3=0,comtabagis=0,comdrogas=0,pdres5=1  encerra2=0",82,1.1429447418693,0.752293577981651,0.138747884940778,NA,NA,NA,NA,NA,NA,NA,NA
"4160","sexo2=1,raca3=1,hiv3=0,comtabagis=0,ppl=0,pdres5=1  encerra2=0",93,1.1213734851267,0.738095238095238,0.157360406091371,NA,NA,NA,NA,NA,NA,NA,NA
"4161","sexo2=1,alcool=0,comtabagis=0,comdrogas=0,bilateral=1,tipores3=1  encerra2=0",76,1.1782173023451,0.775510204081633,0.128595600676819,NA,NA,NA,NA,NA,NA,NA,NA
"4162","sexo2=1,alcool=0,comdiab=0,comdrogas=0,bilateral=1,tipores3=1  encerra2=0",72,1.13946015424165,0.75,0.121827411167513,NA,NA,NA,NA,NA,NA,NA,NA
"4163","sexo2=1,hiv3=0,alcool=0,comtabagis=0,comdrogas=0,bilateral=1  encerra2=0",76,1.1782173023451,0.775510204081633,0.128595600676819,NA,NA,NA,NA,NA,NA,NA,NA
"4164","sexo2=1,hiv3=0,alcool=0,comtabagis=0,pdres5=1,bilateral=1  encerra2=0",82,1.15352756355327,0.759259259259259,0.138747884940778,NA,NA,NA,NA,NA,NA,NA,NA
"4165","sexo2=1,alcool=0,comtabagis=0,comdrogas=0,pdres5=1,bilateral=1  encerra2=0",98,1.20072145285679,0.790322580645161,0.165820642978003,NA,NA,NA,NA,NA,NA,NA,NA
"4166","sexo2=1,hiv3=0,alcool=0,comdrogas=0,pdres5=1,bilateral=1  encerra2=0",83,1.1675949728649,0.768518518518518,0.140439932318105,NA,NA,NA,NA,NA,NA,NA,NA
"4167","sexo2=1,alcool=0,comdiab=0,comdrogas=0,pdres5=1,bilateral=1  encerra2=0",88,1.16257963563206,0.765217391304348,0.148900169204738,NA,NA,NA,NA,NA,NA,NA,NA
"4168","sexo2=1,hiv3=0,comtabagis=0,comdrogas=0,bilateral=1,tipores3=1  encerra2=0",64,1.10493105865857,0.727272727272727,0.1082910321489,NA,NA,NA,NA,NA,NA,NA,NA
"4169","sexo2=1,fxet3=1,comtabagis=0,comdrogas=0,bilateral=1,tipores3=1  encerra2=0",73,1.10907455012853,0.73,0.123519458544839,NA,NA,NA,NA,NA,NA,NA,NA
"4170","sexo2=1,hiv3=0,comdiab=0,comtabagis=0,comdrogas=0,bilateral=1  encerra2=0",66,1.10189553377214,0.725274725274725,0.111675126903553,NA,NA,NA,NA,NA,NA,NA,NA
"4171","sexo2=1,fxet3=1,hiv3=0,comtabagis=0,comdrogas=0,bilateral=1  encerra2=0",73,1.10907455012853,0.73,0.123519458544839,NA,NA,NA,NA,NA,NA,NA,NA
"4172","sexo2=1,hiv3=0,comtabagis=0,comdrogas=0,pdres5=1,bilateral=1  encerra2=0",81,1.1187426968918,0.736363636363636,0.137055837563452,NA,NA,NA,NA,NA,NA,NA,NA
"4173","sexo2=1,comdiab=0,comtabagis=0,comdrogas=0,pdres5=1,bilateral=1  encerra2=0",85,1.10375057675829,0.726495726495726,0.143824027072758,NA,NA,NA,NA,NA,NA,NA,NA
"4174","sexo2=1,fxet3=1,comtabagis=0,comdrogas=0,pdres5=1,bilateral=1  encerra2=0",91,1.10603598971722,0.728,0.153976311336717,NA,NA,NA,NA,NA,NA,NA,NA
"4175","alcool=0,comdiab=0,comtabagis=0,comdrogas=0,pdres5=1,bilateral=1  encerra2=0",118,1.13465230548957,0.746835443037975,0.199661590524535,NA,NA,NA,NA,NA,NA,NA,NA
"4176","sexo2=1,hiv3=0,alcool=0,comtabagis=0,cavitacao=1,tipores3=1  encerra2=0",73,1.13170872462095,0.744897959183674,0.123519458544839,NA,NA,NA,NA,NA,NA,NA,NA
"4177","sexo2=1,hiv3=0,alcool=0,comtabagis=0,ppl=0,cavitacao=1  encerra2=0",90,1.13004312817353,0.743801652892562,0.152284263959391,NA,NA,NA,NA,NA,NA,NA,NA
"4178","sexo2=1,hiv3=0,alcool=0,comtabagis=0,pdres5=1,cavitacao=1  encerra2=0",95,1.14548904394663,0.753968253968254,0.160744500846024,NA,NA,NA,NA,NA,NA,NA,NA
"4179","sexo2=1,hiv3=0,alcool=0,comtabagis=0,comdrogas=0,pdres5=1  encerra2=0",114,1.17025637462655,0.77027027027027,0.192893401015228,NA,NA,NA,NA,NA,NA,NA,NA
"4180","sexo2=1,alcool=0,comtabagis=0,comdrogas=0,ppl=0,pdres5=1  encerra2=0",137,1.1563410454156,0.761111111111111,0.231810490693739,NA,NA,NA,NA,NA,NA,NA,NA
"4181","sexo2=1,fxet3=1,hiv3=0,alcool=0,comdrogas=0,pdres5=1  encerra2=0",110,1.15255739739385,0.758620689655172,0.186125211505922,NA,NA,NA,NA,NA,NA,NA,NA
"4182","sexo2=1,fxet3=1,hiv3=0,comtabagis=0,comdrogas=0,pdres5=1  encerra2=0",115,1.11998220288709,0.737179487179487,0.194585448392555,NA,NA,NA,NA,NA,NA,NA,NA
"4183","alcool=0,comdiab=0,comtabagis=0,comdrogas=0,ppl=0,pdres5=1  encerra2=0",188,1.11138007261961,0.731517509727626,0.318104906937394,NA,NA,NA,NA,NA,NA,NA,NA
"4184","fxet3=1,alcool=0,comtabagis=0,comdrogas=0,ppl=0,pdres5=1  encerra2=0",215,1.11864809662993,0.736301369863014,0.363790186125212,NA,NA,NA,NA,NA,NA,NA,NA
"4185","mumigual=0,hiv3=0,alcool=0,comtabagis=0,comdrogas=0,ppl=0,pdres5=1  encerra2=2",18,1.46974302293451,0.116883116883117,0.0304568527918782,NA,NA,NA,NA,NA,NA,NA,NA
"4186","fxet3=1,mumigual=0,comtabagis=0,comdrogas=0,ppl=0,pdres5=1,cavitacao=1  encerra2=2",18,1.4793491864831,0.117647058823529,0.0304568527918782,NA,NA,NA,NA,NA,NA,NA,NA
"4187","fxet3=1,hiv3=0,alcool=0,comtabagis=0,ppl=0,pdres5=1,bilateral=1  encerra2=2",18,1.51906325860346,0.120805369127517,0.0304568527918782,NA,NA,NA,NA,NA,NA,NA,NA
"4188","fxet3=1,hiv3=0,alcool=0,ppl=0,pdres5=1,cavitacao=1,bilateral=1  encerra2=2",19,1.70653495440729,0.135714285714286,0.0321489001692047,NA,NA,NA,NA,NA,NA,NA,NA
"4189","fxet3=1,hiv3=0,alcool=0,comdrogas=0,ppl=0,pdres5=1,bilateral=1  encerra2=2",18,1.50893617021277,0.12,0.0304568527918782,NA,NA,NA,NA,NA,NA,NA,NA
"4190","fxet3=1,hiv3=0,alcool=0,comdiab=0,ppl=0,pdres5=1,bilateral=1  encerra2=2",18,1.61671732522796,0.128571428571429,0.0304568527918782,NA,NA,NA,NA,NA,NA,NA,NA
"4191","fxet3=1,alcool=0,comdiab=0,comdrogas=0,ppl=0,pdres5=1,bilateral=1  encerra2=2",18,1.43253433880959,0.113924050632911,0.0304568527918782,NA,NA,NA,NA,NA,NA,NA,NA
"4192","fxet3=1,hiv3=0,comdiab=0,comtabagis=0,ppl=0,pdres5=1,bilateral=1  encerra2=2",18,1.52932719953997,0.121621621621622,0.0304568527918782,NA,NA,NA,NA,NA,NA,NA,NA
"4193","fxet3=1,comdiab=0,comtabagis=0,comdrogas=0,ppl=0,cavitacao=1,bilateral=1  encerra2=2",20,1.89089745640697,0.150375939849624,0.0338409475465313,NA,NA,NA,NA,NA,NA,NA,NA
"4194","fxet3=1,comdiab=0,comtabagis=0,comdrogas=0,pdres5=1,cavitacao=1,bilateral=1  encerra2=2",20,1.90522243713733,0.151515151515152,0.0338409475465313,NA,NA,NA,NA,NA,NA,NA,NA
"4195","comdiab=0,comtabagis=0,comdrogas=0,ppl=0,pdres5=1,cavitacao=1,bilateral=1  encerra2=2",20,1.78361249434133,0.141843971631206,0.0338409475465313,NA,NA,NA,NA,NA,NA,NA,NA
"4196","fxet3=1,comtabagis=0,comdrogas=0,ppl=0,pdres5=1,cavitacao=1,bilateral=1  encerra2=2",24,1.8628841607565,0.148148148148148,0.0406091370558376,NA,NA,NA,NA,NA,NA,NA,NA
"4197","fxet3=1,comdiab=0,comtabagis=0,ppl=0,pdres5=1,cavitacao=1,bilateral=1  encerra2=2",22,1.73986350863107,0.138364779874214,0.0372250423011844,NA,NA,NA,NA,NA,NA,NA,NA
"4198","fxet3=1,comdiab=0,comtabagis=0,comdrogas=0,ppl=0,pdres5=1,bilateral=1  encerra2=2",21,1.67129006194452,0.132911392405063,0.0355329949238579,NA,NA,NA,NA,NA,NA,NA,NA
"4199","fxet3=1,comdiab=0,comdrogas=0,ppl=0,pdres5=1,cavitacao=1,bilateral=1  encerra2=2",22,1.59906530562046,0.127167630057803,0.0372250423011844,NA,NA,NA,NA,NA,NA,NA,NA
"4200","hiv3=0,alcool=0,comtabagis=0,comdrogas=0,ppl=0,pdres5=1,tipores3=1  encerra2=2",18,1.23011100832562,0.0978260869565217,0.0304568527918782,NA,NA,NA,NA,NA,NA,NA,NA
"4201","hiv3=0,alcool=0,comdiab=0,comdrogas=0,ppl=0,pdres5=1,tipores3=1  encerra2=2",18,1.35533188941266,0.107784431137725,0.0304568527918782,NA,NA,NA,NA,NA,NA,NA,NA
"4202","fxet3=1,hiv3=0,alcool=0,comtabagis=0,comdrogas=0,pdres5=1,cavitacao=1  encerra2=2",20,1.35940195514664,0.108108108108108,0.0338409475465313,NA,NA,NA,NA,NA,NA,NA,NA
"4203","fxet3=1,hiv3=0,alcool=0,comdiab=0,comtabagis=0,ppl=0,cavitacao=1  encerra2=2",18,1.38012454592631,0.109756097560976,0.0304568527918782,NA,NA,NA,NA,NA,NA,NA,NA
"4204","fxet3=1,hiv3=0,alcool=0,comdiab=0,comtabagis=0,pdres5=1,cavitacao=1  encerra2=2",18,1.33929245876873,0.106508875739645,0.0304568527918782,NA,NA,NA,NA,NA,NA,NA,NA
"4205","hiv3=0,alcool=0,comdiab=0,comtabagis=0,ppl=0,pdres5=1,cavitacao=1  encerra2=2",18,1.32362821948488,0.105263157894737,0.0304568527918782,NA,NA,NA,NA,NA,NA,NA,NA
"4206","fxet3=1,hiv3=0,alcool=0,comtabagis=0,ppl=0,pdres5=1,cavitacao=1  encerra2=2",21,1.34042553191489,0.106598984771574,0.0355329949238579,NA,NA,NA,NA,NA,NA,NA,NA
"4207","fxet3=1,hiv3=0,alcool=0,comdiab=0,comtabagis=0,comdrogas=0,ppl=0  encerra2=2",20,1.34486289680282,0.106951871657754,0.0338409475465313,NA,NA,NA,NA,NA,NA,NA,NA
"4208","fxet3=1,hiv3=0,alcool=0,comdiab=0,comtabagis=0,comdrogas=0,pdres5=1  encerra2=2",20,1.32362821948488,0.105263157894737,0.0338409475465313,NA,NA,NA,NA,NA,NA,NA,NA
"4209","fxet3=1,hiv3=0,alcool=0,comdiab=0,comtabagis=0,ppl=0,pdres5=1  encerra2=2",21,1.28186325139434,0.101941747572816,0.0355329949238579,NA,NA,NA,NA,NA,NA,NA,NA
"4210","fxet3=1,hiv3=0,alcool=0,comdiab=0,comdrogas=0,ppl=0,cavitacao=1  encerra2=2",18,1.37176015473888,0.109090909090909,0.0304568527918782,NA,NA,NA,NA,NA,NA,NA,NA
"4211","fxet3=1,hiv3=0,alcool=0,comdiab=0,comdrogas=0,pdres5=1,cavitacao=1  encerra2=2",18,1.34726443768997,0.107142857142857,0.0304568527918782,NA,NA,NA,NA,NA,NA,NA,NA
"4212","hiv3=0,alcool=0,comdiab=0,comdrogas=0,ppl=0,pdres5=1,cavitacao=1  encerra2=2",19,1.34980165885323,0.107344632768362,0.0321489001692047,NA,NA,NA,NA,NA,NA,NA,NA
"4213","fxet3=1,hiv3=0,alcool=0,comdrogas=0,ppl=0,pdres5=1,cavitacao=1  encerra2=2",21,1.32695391852881,0.105527638190955,0.0355329949238579,NA,NA,NA,NA,NA,NA,NA,NA
"4214","fxet3=1,hiv3=0,alcool=0,comdiab=0,ppl=0,pdres5=1,cavitacao=1  encerra2=2",20,1.337709370756,0.106382978723404,0.0338409475465313,NA,NA,NA,NA,NA,NA,NA,NA
"4215","fxet3=1,hiv3=0,comdiab=0,comtabagis=0,comdrogas=0,ppl=0,pdres5=1  encerra2=2",22,1.32362821948488,0.105263157894737,0.0372250423011844,NA,NA,NA,NA,NA,NA,NA,NA
"4216","raca3=1,escol4=1,hiv3=0,ppl=0,cavitacao=1,bilateral=1,tipores3=1  encerra2=3",18,1.98655462184874,0.211764705882353,0.0304568527918782,NA,NA,NA,NA,NA,NA,NA,NA
"4217","raca3=1,escol4=1,comdrogas=0,ppl=0,cavitacao=1,bilateral=1,tipores3=1  encerra2=3",20,2.10807918673087,0.224719101123595,0.0338409475465313,NA,NA,NA,NA,NA,NA,NA,NA
"4218","escol4=1,alcool=0,comtabagis=0,ppl=0,cavitacao=1,bilateral=1,tipores3=1  encerra2=3",18,2.03442340791738,0.216867469879518,0.0304568527918782,NA,NA,NA,NA,NA,NA,NA,NA
"4219","escol4=1,comtabagis=0,comdrogas=0,ppl=0,cavitacao=1,bilateral=1,tipores3=1  encerra2=3",20,2.15654077723043,0.229885057471264,0.0338409475465313,NA,NA,NA,NA,NA,NA,NA,NA
"4220","escol4=1,hiv3=0,comdrogas=0,ppl=0,cavitacao=1,bilateral=1,tipores3=1  encerra2=3",22,2.04337576614804,0.217821782178218,0.0372250423011844,NA,NA,NA,NA,NA,NA,NA,NA
"4221","hiv3=2,alcool=0,comdiab=0,comtabagis=0,comdrogas=0,ppl=0,cavitacao=1  encerra2=0",19,1.11024322720981,0.730769230769231,0.0321489001692047,NA,NA,NA,NA,NA,NA,NA,NA
"4222","hiv3=2,alcool=0,comdiab=0,comtabagis=0,comdrogas=0,pdres5=1,cavitacao=1  encerra2=0",20,1.12539274493002,0.740740740740741,0.0338409475465313,NA,NA,NA,NA,NA,NA,NA,NA
"4223","hiv3=2,alcool=0,comdiab=0,comtabagis=0,ppl=0,pdres5=1,cavitacao=1  encerra2=0",19,1.11024322720981,0.730769230769231,0.0321489001692047,NA,NA,NA,NA,NA,NA,NA,NA
"4224","hiv3=2,alcool=0,comdiab=0,comdrogas=0,ppl=0,pdres5=1,cavitacao=1  encerra2=0",21,1.13946015424165,0.75,0.0355329949238579,NA,NA,NA,NA,NA,NA,NA,NA
"4225","sexo2=1,fxet3=1,hiv3=0,comdiab=1,comtabagis=0,comdrogas=0,pdres5=1  encerra2=0",20,1.21542416452442,0.8,0.0338409475465313,NA,NA,NA,NA,NA,NA,NA,NA
"4226","fxet3=1,hiv3=0,alcool=0,comdiab=1,comtabagis=0,pdres5=1,tipores3=1  encerra2=0",20,1.21542416452442,0.8,0.0338409475465313,NA,NA,NA,NA,NA,NA,NA,NA
"4227","fxet3=1,hiv3=0,comdiab=1,comtabagis=0,comdrogas=0,pdres5=1,tipores3=1  encerra2=0",21,1.22711093533716,0.807692307692308,0.0355329949238579,NA,NA,NA,NA,NA,NA,NA,NA
"4228","fxet3=1,hiv3=0,comdiab=1,comdrogas=0,pdres5=1,cavitacao=1,tipores3=1  encerra2=0",20,1.21542416452442,0.8,0.0338409475465313,NA,NA,NA,NA,NA,NA,NA,NA
"4229","sexo2=1,fxet3=1,mumigual=0,hiv3=0,alcool=1,pdres5=1,cavitacao=1  encerra2=1",18,2.62796442687747,0.409090909090909,0.0304568527918782,NA,NA,NA,NA,NA,NA,NA,NA
"4230","sexo2=1,raca3=1,fxet3=1,alcool=1,ppl=0,pdres5=1,tipores3=1  encerra2=1",18,1.86500701262272,0.290322580645161,0.0304568527918782,NA,NA,NA,NA,NA,NA,NA,NA
"4231","sexo2=1,fxet3=1,alcool=1,ppl=0,cavitacao=1,bilateral=1,tipores3=1  encerra2=1",18,2.18170631665299,0.339622641509434,0.0304568527918782,NA,NA,NA,NA,NA,NA,NA,NA
"4232","sexo2=1,hiv3=0,alcool=1,ppl=0,pdres5=1,cavitacao=1,bilateral=1  encerra2=1",18,1.99362818590705,0.310344827586207,0.0304568527918782,NA,NA,NA,NA,NA,NA,NA,NA
"4233","sexo2=1,fxet3=1,alcool=1,comdiab=0,ppl=0,cavitacao=1,bilateral=1  encerra2=1",19,1.96861851332398,0.306451612903226,0.0321489001692047,NA,NA,NA,NA,NA,NA,NA,NA
"4234","sexo2=1,fxet3=1,alcool=1,comdiab=0,pdres5=1,cavitacao=1,bilateral=1  encerra2=1",19,1.93737060041408,0.301587301587302,0.0321489001692047,NA,NA,NA,NA,NA,NA,NA,NA
"4235","sexo2=1,fxet3=1,alcool=1,ppl=0,pdres5=1,cavitacao=1,bilateral=1  encerra2=1",20,1.97658862876254,0.307692307692308,0.0338409475465313,NA,NA,NA,NA,NA,NA,NA,NA
"4236","sexo2=1,fxet3=1,alcool=1,comdiab=0,ppl=0,pdres5=1,bilateral=1  encerra2=1",22,1.93597379392496,0.301369863013699,0.0372250423011844,NA,NA,NA,NA,NA,NA,NA,NA
"4237","fxet3=1,hiv3=0,alcool=1,ppl=0,pdres5=1,cavitacao=1,bilateral=1  encerra2=1",18,1.83540372670807,0.285714285714286,0.0304568527918782,NA,NA,NA,NA,NA,NA,NA,NA
"4238","fxet3=1,alcool=1,comdiab=0,ppl=0,pdres5=1,cavitacao=1,bilateral=1  encerra2=1",21,1.84797498511018,0.287671232876712,0.0355329949238579,NA,NA,NA,NA,NA,NA,NA,NA
"4239","sexo2=1,fxet3=1,hiv3=0,alcool=1,pdres5=1,cavitacao=1,tipores3=1  encerra2=1",21,2.1078464673913,0.328125,0.0355329949238579,NA,NA,NA,NA,NA,NA,NA,NA
"4240","sexo2=1,fxet3=1,alcool=1,ppl=0,pdres5=1,cavitacao=1,tipores3=1  encerra2=1",24,2.00225861095426,0.311688311688312,0.0406091370558376,NA,NA,NA,NA,NA,NA,NA,NA
"4241","fxet3=1,escol4=1,alcool=0,comdiab=0,comtabagis=0,pdres5=1,bilateral=0  encerra2=1",22,2.14130434782609,0.333333333333333,0.0372250423011844,NA,NA,NA,NA,NA,NA,NA,NA
"4242","fxet3=1,alcool=0,comdiab=0,comtabagis=0,pdres5=1,bilateral=0,tipores3=1  encerra2=1",18,1.46367638965327,0.227848101265823,0.0304568527918782,NA,NA,NA,NA,NA,NA,NA,NA
"4243","fxet3=1,escol4=1,mumigual=1,comdiab=0,ppl=0,bilateral=1,tipores3=1  encerra2=1",18,1.44538043478261,0.225,0.0304568527918782,NA,NA,NA,NA,NA,NA,NA,NA
"4244","escol4=1,mumigual=1,comdiab=0,ppl=0,pdres5=1,bilateral=1,tipores3=1  encerra2=1",18,1.28478260869565,0.2,0.0304568527918782,NA,NA,NA,NA,NA,NA,NA,NA
"4245","fxet3=1,escol4=1,mumigual=1,ppl=0,pdres5=1,bilateral=1,tipores3=1  encerra2=1",18,1.36035805626598,0.211764705882353,0.0304568527918782,NA,NA,NA,NA,NA,NA,NA,NA
"4246","sexo2=1,fxet3=1,escol4=1,mumigual=1,comdiab=0,ppl=0,tipores3=1  encerra2=1",19,1.48846765641569,0.231707317073171,0.0321489001692047,NA,NA,NA,NA,NA,NA,NA,NA
"4247","sexo2=1,fxet3=1,escol4=1,mumigual=1,comdiab=0,pdres5=1,tipores3=1  encerra2=1",20,1.4767616191904,0.229885057471264,0.0338409475465313,NA,NA,NA,NA,NA,NA,NA,NA
"4248","sexo2=1,escol4=1,mumigual=1,comdiab=0,ppl=0,pdres5=1,tipores3=1  encerra2=1",19,1.34125656951744,0.208791208791209,0.0321489001692047,NA,NA,NA,NA,NA,NA,NA,NA
"4249","sexo2=1,fxet3=1,escol4=1,mumigual=1,ppl=0,pdres5=1,tipores3=1  encerra2=1",19,1.38698122529644,0.215909090909091,0.0321489001692047,NA,NA,NA,NA,NA,NA,NA,NA
"4250","sexo2=1,fxet3=1,escol4=1,mumigual=1,comdiab=0,ppl=0,pdres5=1  encerra2=1",21,1.42002288329519,0.221052631578947,0.0355329949238579,NA,NA,NA,NA,NA,NA,NA,NA
"4251","fxet3=1,escol4=1,mumigual=1,comdiab=0,comtabagis=0,ppl=0,tipores3=1  encerra2=1",18,1.44538043478261,0.225,0.0304568527918782,NA,NA,NA,NA,NA,NA,NA,NA
"4252","fxet3=1,escol4=1,mumigual=1,comdiab=0,comtabagis=0,pdres5=1,tipores3=1  encerra2=1",19,1.47053431115767,0.228915662650602,0.0321489001692047,NA,NA,NA,NA,NA,NA,NA,NA
"4253","escol4=1,mumigual=1,comdiab=0,comtabagis=0,ppl=0,pdres5=1,tipores3=1  encerra2=1",18,1.34453993933266,0.209302325581395,0.0304568527918782,NA,NA,NA,NA,NA,NA,NA,NA
"4254","fxet3=1,escol4=1,mumigual=1,comdiab=0,ppl=0,pdres5=1,tipores3=1  encerra2=1",25,1.42121969988457,0.221238938053097,0.0423011844331641,NA,NA,NA,NA,NA,NA,NA,NA
"4255","fxet3=1,escol4=1,mumigual=1,comdiab=0,comtabagis=0,ppl=0,pdres5=1  encerra2=1",20,1.45998023715415,0.227272727272727,0.0338409475465313,NA,NA,NA,NA,NA,NA,NA,NA
"4256","raca3=1,fxet3=1,escol4=1,mumigual=0,comdiab=0,comtabagis=0,cavitacao=1  encerra2=1",18,1.70044757033248,0.264705882352941,0.0304568527918782,NA,NA,NA,NA,NA,NA,NA,NA
"4257","raca3=1,fxet3=1,escol4=1,mumigual=0,hiv3=0,pdres5=1,cavitacao=1  encerra2=1",19,1.56479933110368,0.243589743589744,0.0321489001692047,NA,NA,NA,NA,NA,NA,NA,NA
"4258","sexo2=1,raca3=1,fxet3=1,mumigual=0,pdres5=1,cavitacao=1,tipores3=1  encerra2=1",21,1.56862992922144,0.244186046511628,0.0355329949238579,NA,NA,NA,NA,NA,NA,NA,NA
"4259","fxet3=1,mumigual=0,ppl=0,pdres5=1,cavitacao=1,bilateral=1,tipores3=1  encerra2=1",23,1.31919642857143,0.205357142857143,0.038917089678511,NA,NA,NA,NA,NA,NA,NA,NA
"4260","sexo2=1,mumigual=0,hiv3=0,ppl=0,pdres5=1,cavitacao=1,tipores3=1  encerra2=1",23,1.62362637362637,0.252747252747253,0.038917089678511,NA,NA,NA,NA,NA,NA,NA,NA
"4261","sexo2=1,fxet3=1,mumigual=0,hiv3=0,comdrogas=0,pdres5=1,tipores3=1  encerra2=1",20,1.60597826086957,0.25,0.0338409475465313,NA,NA,NA,NA,NA,NA,NA,NA
"4262","sexo2=1,fxet3=1,mumigual=0,hiv3=0,ppl=0,pdres5=1,tipores3=1  encerra2=1",25,1.60597826086957,0.25,0.0423011844331641,NA,NA,NA,NA,NA,NA,NA,NA
"4263","sexo2=1,fxet3=1,mumigual=0,hiv3=0,comdiab=0,pdres5=1,cavitacao=1  encerra2=1",26,1.51837944664032,0.236363636363636,0.0439932318104907,NA,NA,NA,NA,NA,NA,NA,NA
"4264","fxet3=1,mumigual=0,hiv3=0,comdiab=0,comtabagis=0,cavitacao=1,tipores3=1  encerra2=1",19,1.34125656951744,0.208791208791209,0.0321489001692047,NA,NA,NA,NA,NA,NA,NA,NA
"4265","mumigual=0,hiv3=0,comdiab=0,comtabagis=0,pdres5=1,cavitacao=1,tipores3=1  encerra2=1",19,1.34125656951744,0.208791208791209,0.0321489001692047,NA,NA,NA,NA,NA,NA,NA,NA
"4266","fxet3=1,mumigual=0,comdiab=0,comtabagis=0,pdres5=1,cavitacao=1,tipores3=1  encerra2=1",24,1.35240274599542,0.210526315789474,0.0406091370558376,NA,NA,NA,NA,NA,NA,NA,NA
"4267","fxet3=1,mumigual=0,hiv3=0,comdiab=0,ppl=0,cavitacao=1,tipores3=1  encerra2=1",24,1.30655858511422,0.203389830508475,0.0406091370558376,NA,NA,NA,NA,NA,NA,NA,NA
"4268","fxet3=1,mumigual=0,hiv3=0,comdiab=0,pdres5=1,cavitacao=1,tipores3=1  encerra2=1",25,1.31637562366358,0.204918032786885,0.0423011844331641,NA,NA,NA,NA,NA,NA,NA,NA
"4269","mumigual=0,hiv3=0,comdiab=0,ppl=0,pdres5=1,cavitacao=1,tipores3=1  encerra2=1",24,1.2955791012057,0.201680672268908,0.0406091370558376,NA,NA,NA,NA,NA,NA,NA,NA
"4270","sexo2=1,raca3=1,fxet3=1,comdiab=0,cavitacao=1,bilateral=1,tipores3=1  encerra2=1",19,1.37139716658525,0.213483146067416,0.0321489001692047,NA,NA,NA,NA,NA,NA,NA,NA
"4271","sexo2=1,raca3=1,comdiab=0,ppl=0,cavitacao=1,bilateral=1,tipores3=1  encerra2=1",19,1.35615942028986,0.211111111111111,0.0321489001692047,NA,NA,NA,NA,NA,NA,NA,NA
"4272","sexo2=1,raca3=1,comdiab=0,pdres5=1,cavitacao=1,bilateral=1,tipores3=1  encerra2=1",19,1.31241234221599,0.204301075268817,0.0321489001692047,NA,NA,NA,NA,NA,NA,NA,NA
"4273","sexo2=1,raca3=1,fxet3=1,ppl=0,cavitacao=1,bilateral=1,tipores3=1  encerra2=1",20,1.42753623188406,0.222222222222222,0.0338409475465313,NA,NA,NA,NA,NA,NA,NA,NA
"4274","sexo2=1,raca3=1,fxet3=1,pdres5=1,cavitacao=1,bilateral=1,tipores3=1  encerra2=1",20,1.38148667601683,0.21505376344086,0.0338409475465313,NA,NA,NA,NA,NA,NA,NA,NA
"4275","sexo2=1,raca3=1,ppl=0,pdres5=1,cavitacao=1,bilateral=1,tipores3=1  encerra2=1",20,1.32451815329449,0.206185567010309,0.0338409475465313,NA,NA,NA,NA,NA,NA,NA,NA
"4276","sexo2=1,raca3=1,fxet3=1,comdiab=0,ppl=0,bilateral=1,tipores3=1  encerra2=1",22,1.39926818768833,0.217821782178218,0.0372250423011844,NA,NA,NA,NA,NA,NA,NA,NA
"4277","sexo2=1,raca3=1,fxet3=1,comdiab=0,pdres5=1,bilateral=1,tipores3=1  encerra2=1",22,1.35890468227425,0.211538461538462,0.0372250423011844,NA,NA,NA,NA,NA,NA,NA,NA
"4278","sexo2=1,raca3=1,comdiab=0,ppl=0,pdres5=1,bilateral=1,tipores3=1  encerra2=1",22,1.33326497128794,0.207547169811321,0.0372250423011844,NA,NA,NA,NA,NA,NA,NA,NA
"4279","sexo2=1,raca3=1,fxet3=1,ppl=0,pdres5=1,bilateral=1,tipores3=1  encerra2=1",23,1.3938679245283,0.216981132075472,0.038917089678511,NA,NA,NA,NA,NA,NA,NA,NA
"4280","sexo2=1,raca3=1,fxet3=1,comdiab=0,ppl=0,cavitacao=1,bilateral=1  encerra2=1",21,1.34902173913043,0.21,0.0355329949238579,NA,NA,NA,NA,NA,NA,NA,NA
"4281","raca3=1,comdiab=0,ppl=0,pdres5=1,cavitacao=1,bilateral=1,tipores3=1  encerra2=1",24,1.18595317725753,0.184615384615385,0.0406091370558376,NA,NA,NA,NA,NA,NA,NA,NA
"4282","raca3=1,fxet3=1,ppl=0,pdres5=1,cavitacao=1,bilateral=1,tipores3=1  encerra2=1",27,1.28478260869565,0.2,0.0456852791878173,NA,NA,NA,NA,NA,NA,NA,NA
"4283","sexo2=1,raca3=1,fxet3=1,comdiab=0,comtabagis=0,pdres5=1,tipores3=1  encerra2=1",26,1.43984257871064,0.224137931034483,0.0439932318104907,NA,NA,NA,NA,NA,NA,NA,NA
"4284","sexo2=1,raca3=1,fxet3=1,comdiab=0,ppl=0,pdres5=1,tipores3=1  encerra2=1",31,1.34554935370153,0.209459459459459,0.0524534686971235,NA,NA,NA,NA,NA,NA,NA,NA
"4285","sexo2=1,comdiab=0,ppl=0,pdres5=1,cavitacao=1,bilateral=1,tipores3=1  encerra2=1",27,1.23011100832562,0.191489361702128,0.0456852791878173,NA,NA,NA,NA,NA,NA,NA,NA
"4286","fxet3=1,comdiab=0,ppl=0,pdres5=1,cavitacao=1,bilateral=1,tipores3=1  encerra2=1",34,1.17426367461431,0.182795698924731,0.0575296108291032,NA,NA,NA,NA,NA,NA,NA,NA
"4287","sexo2=1,fxet3=1,escol4=1,comdiab=0,comtabagis=0,pdres5=1,tipores3=1  encerra2=1",28,1.55059970014993,0.241379310344828,0.0473773265651438,NA,NA,NA,NA,NA,NA,NA,NA
"4288","sexo2=1,escol4=1,hiv3=0,alcool=1,comdiab=0,comdrogas=1,ppl=0  encerra2=0",19,1.11024322720981,0.730769230769231,0.0321489001692047,NA,NA,NA,NA,NA,NA,NA,NA
"4289","sexo2=1,raca3=1,escol4=1,hiv3=0,comdiab=0,comdrogas=1,tipores3=1  encerra2=0",19,1.11024322720981,0.730769230769231,0.0321489001692047,NA,NA,NA,NA,NA,NA,NA,NA
"4290","raca3=1,escol4=1,hiv3=0,comdiab=0,comtabagis=0,comdrogas=1,ppl=0  encerra2=0",18,1.13946015424165,0.75,0.0304568527918782,NA,NA,NA,NA,NA,NA,NA,NA
"4291","fxet3=1,escol4=1,mumigual=1,hiv3=0,alcool=0,comdrogas=0,cavitacao=0  encerra2=0",18,1.36735218508997,0.9,0.0304568527918782,NA,NA,NA,NA,NA,NA,NA,NA
"4292","sexo2=1,raca3=1,hiv3=0,alcool=0,comtabagis=0,comdrogas=0,cavitacao=0  encerra2=0",18,1.24304744099089,0.818181818181818,0.0304568527918782,NA,NA,NA,NA,NA,NA,NA,NA
"4293","sexo2=1,alcool=0,comtabagis=0,comdrogas=0,ppl=0,cavitacao=0,bilateral=1  encerra2=0",20,1.38116382332321,0.909090909090909,0.0338409475465313,NA,NA,NA,NA,NA,NA,NA,NA
"4294","alcool=0,comdiab=0,comtabagis=0,comdrogas=0,ppl=0,cavitacao=0,bilateral=1  encerra2=0",26,1.36211328782909,0.896551724137931,0.0439932318104907,NA,NA,NA,NA,NA,NA,NA,NA
"4295","fxet3=1,alcool=0,comtabagis=0,comdrogas=0,ppl=0,cavitacao=0,bilateral=1  encerra2=0",28,1.41799485861183,0.933333333333333,0.0473773265651438,NA,NA,NA,NA,NA,NA,NA,NA
"4296","sexo2=1,escol4=1,alcool=0,comtabagis=0,comdrogas=0,ppl=0,cavitacao=0  encerra2=0",21,1.22711093533716,0.807692307692308,0.0355329949238579,NA,NA,NA,NA,NA,NA,NA,NA
"4297","sexo2=1,raca3=1,escol4=1,hiv3=0,alcool=1,comdiab=0,comtabagis=1  encerra2=0",22,1.11413881748072,0.733333333333333,0.0372250423011844,NA,NA,NA,NA,NA,NA,NA,NA
"4298","sexo2=1,raca3=1,escol4=1,hiv3=0,alcool=1,comtabagis=1,ppl=0  encerra2=0",22,1.11413881748072,0.733333333333333,0.0372250423011844,NA,NA,NA,NA,NA,NA,NA,NA
"4299","sexo2=1,raca3=1,escol4=1,alcool=1,comdiab=0,comtabagis=1,comdrogas=0  encerra2=0",20,1.16867708127348,0.769230769230769,0.0338409475465313,NA,NA,NA,NA,NA,NA,NA,NA
"4300","sexo2=1,raca3=1,escol4=1,alcool=1,comdiab=0,comtabagis=1,ppl=0  encerra2=0",26,1.12860815277268,0.742857142857143,0.0439932318104907,NA,NA,NA,NA,NA,NA,NA,NA
"4301","sexo2=1,raca3=1,alcool=1,comdiab=0,comtabagis=1,comdrogas=0,pdres5=1  encerra2=0",23,1.16478149100257,0.766666666666667,0.038917089678511,NA,NA,NA,NA,NA,NA,NA,NA
"4302","raca3=1,alcool=1,comdiab=0,comtabagis=1,comdrogas=0,pdres5=1,cavitacao=1  encerra2=0",21,1.10016842478504,0.724137931034483,0.0355329949238579,NA,NA,NA,NA,NA,NA,NA,NA
"4303","sexo2=1,escol4=1,hiv3=0,alcool=1,comdiab=0,comtabagis=1,comdrogas=0  encerra2=0",27,1.17201615864855,0.771428571428571,0.0456852791878173,NA,NA,NA,NA,NA,NA,NA,NA
"4304","sexo2=1,escol4=1,hiv3=0,alcool=1,comdiab=0,comtabagis=1,ppl=0  encerra2=0",34,1.12294623896278,0.739130434782609,0.0575296108291032,NA,NA,NA,NA,NA,NA,NA,NA
"4305","sexo2=1,escol4=1,alcool=1,comdiab=0,comtabagis=1,comdrogas=0,cavitacao=1  encerra2=0",24,1.13946015424165,0.75,0.0406091370558376,NA,NA,NA,NA,NA,NA,NA,NA
"4306","sexo2=1,hiv3=0,alcool=1,comdiab=0,comtabagis=1,comdrogas=0,pdres5=1  encerra2=0",30,1.13946015424165,0.75,0.050761421319797,NA,NA,NA,NA,NA,NA,NA,NA
"4307","sexo2=1,alcool=1,comdiab=0,comtabagis=1,comdrogas=0,pdres5=1,cavitacao=1  encerra2=0",27,1.10866393385674,0.72972972972973,0.0456852791878173,NA,NA,NA,NA,NA,NA,NA,NA
"4308","sexo2=1,fxet3=1,escol4=1,comdiab=0,comtabagis=1,ppl=0,bilateral=0  encerra2=0",18,1.18900190007824,0.782608695652174,0.0304568527918782,NA,NA,NA,NA,NA,NA,NA,NA
"4309","raca3=0,fxet3=1,escol4=0,alcool=0,ppl=0,cavitacao=1,tipores3=0  encerra2=0",21,1.45022201448937,0.954545454545455,0.0355329949238579,NA,NA,NA,NA,NA,NA,NA,NA
"4310","raca3=0,fxet3=1,escol4=0,comdiab=0,ppl=0,cavitacao=1,tipores3=0  encerra2=0",19,1.37458685273595,0.904761904761905,0.0321489001692047,NA,NA,NA,NA,NA,NA,NA,NA
"4311","escol4=0,mumigual=0,comdiab=0,ppl=0,pdres5=1,cavitacao=1,tipores3=0  encerra2=0",24,1.30224017627617,0.857142857142857,0.0406091370558376,NA,NA,NA,NA,NA,NA,NA,NA
"4312","mumigual=0,hiv3=0,comdiab=0,comdrogas=0,cavitacao=1,bilateral=0,tipores3=0  encerra2=0",18,1.30224017627617,0.857142857142857,0.0304568527918782,NA,NA,NA,NA,NA,NA,NA,NA
"4313","fxet3=1,mumigual=0,hiv3=0,comdrogas=0,cavitacao=1,bilateral=0,tipores3=0  encerra2=0",20,1.32111322230915,0.869565217391304,0.0338409475465313,NA,NA,NA,NA,NA,NA,NA,NA
"4314","fxet3=1,mumigual=0,comdiab=0,comdrogas=0,cavitacao=1,bilateral=0,tipores3=0  encerra2=0",21,1.32937017994859,0.875,0.0355329949238579,NA,NA,NA,NA,NA,NA,NA,NA
"4315","fxet3=1,mumigual=0,comdiab=0,ppl=0,cavitacao=1,bilateral=0,tipores3=0  encerra2=0",23,1.29420165666952,0.851851851851852,0.038917089678511,NA,NA,NA,NA,NA,NA,NA,NA
"4316","raca3=0,mumigual=0,hiv3=0,alcool=0,comdiab=0,comdrogas=0,tipores3=0  encerra2=0",22,1.33696658097686,0.88,0.0372250423011844,NA,NA,NA,NA,NA,NA,NA,NA
"4317","raca3=0,fxet3=1,mumigual=0,hiv3=0,alcool=0,comdiab=0,tipores3=0  encerra2=0",22,1.23793201942302,0.814814814814815,0.0372250423011844,NA,NA,NA,NA,NA,NA,NA,NA
"4318","raca3=0,mumigual=0,hiv3=0,alcool=0,comdiab=0,ppl=0,tipores3=0  encerra2=0",23,1.24798016893133,0.821428571428571,0.038917089678511,NA,NA,NA,NA,NA,NA,NA,NA
"4319","raca3=0,fxet3=1,mumigual=0,hiv3=0,alcool=0,ppl=0,tipores3=0  encerra2=0",25,1.26606683804627,0.833333333333333,0.0423011844331641,NA,NA,NA,NA,NA,NA,NA,NA
"4320","raca3=0,fxet3=1,mumigual=0,alcool=0,comdiab=0,cavitacao=1,tipores3=0  encerra2=0",19,1.20276349614396,0.791666666666667,0.0321489001692047,NA,NA,NA,NA,NA,NA,NA,NA
"4321","raca3=0,fxet3=1,mumigual=0,alcool=0,comdiab=0,comdrogas=0,tipores3=0  encerra2=0",23,1.29420165666952,0.851851851851852,0.038917089678511,NA,NA,NA,NA,NA,NA,NA,NA
"4322","raca3=0,mumigual=0,alcool=0,comdiab=0,comdrogas=0,ppl=0,tipores3=0  encerra2=0",24,1.30224017627617,0.857142857142857,0.0406091370558376,NA,NA,NA,NA,NA,NA,NA,NA
"4323","raca3=0,fxet3=1,mumigual=0,alcool=0,comdrogas=0,ppl=0,tipores3=0  encerra2=0",27,1.32324405008707,0.870967741935484,0.0456852791878173,NA,NA,NA,NA,NA,NA,NA,NA
"4324","raca3=0,fxet3=1,mumigual=0,alcool=0,comdiab=0,ppl=0,tipores3=0  encerra2=0",24,1.25733534261147,0.827586206896552,0.0406091370558376,NA,NA,NA,NA,NA,NA,NA,NA
"4325","raca3=0,mumigual=0,comdiab=0,comtabagis=0,comdrogas=0,ppl=0,tipores3=0  encerra2=0",18,1.30224017627617,0.857142857142857,0.0304568527918782,NA,NA,NA,NA,NA,NA,NA,NA
"4326","raca3=0,fxet3=1,mumigual=0,hiv3=0,comdiab=0,comdrogas=0,tipores3=0  encerra2=0",21,1.32937017994859,0.875,0.0355329949238579,NA,NA,NA,NA,NA,NA,NA,NA
"4327","raca3=0,fxet3=1,mumigual=0,hiv3=0,comdiab=0,ppl=0,tipores3=0  encerra2=0",23,1.24798016893133,0.821428571428571,0.038917089678511,NA,NA,NA,NA,NA,NA,NA,NA
"4328","raca3=0,fxet3=1,mumigual=0,comdiab=0,ppl=0,cavitacao=1,tipores3=0  encerra2=0",20,1.21542416452442,0.8,0.0338409475465313,NA,NA,NA,NA,NA,NA,NA,NA
"4329","raca3=0,fxet3=1,mumigual=0,comdiab=0,comdrogas=0,ppl=0,tipores3=0  encerra2=0",23,1.29420165666952,0.851851851851852,0.038917089678511,NA,NA,NA,NA,NA,NA,NA,NA
"4330","sexo2=1,raca3=0,alcool=0,comdiab=0,comtabagis=0,comdrogas=0,tipores3=0  encerra2=0",18,1.30224017627617,0.857142857142857,0.0304568527918782,NA,NA,NA,NA,NA,NA,NA,NA
"4331","sexo2=1,raca3=0,alcool=0,comtabagis=0,comdrogas=0,ppl=0,tipores3=0  encerra2=0",22,1.33696658097686,0.88,0.0372250423011844,NA,NA,NA,NA,NA,NA,NA,NA
"4332","sexo2=1,raca3=0,fxet3=1,alcool=0,comdrogas=0,ppl=0,tipores3=0  encerra2=0",23,1.3439786434645,0.884615384615385,0.038917089678511,NA,NA,NA,NA,NA,NA,NA,NA
"4333","raca3=0,hiv3=0,alcool=0,comdiab=0,comtabagis=0,comdrogas=0,tipores3=0  encerra2=0",22,1.33696658097686,0.88,0.0372250423011844,NA,NA,NA,NA,NA,NA,NA,NA
"4334","raca3=0,fxet3=1,hiv3=0,alcool=0,comdiab=0,comdrogas=0,tipores3=0  encerra2=0",25,1.35650018362101,0.892857142857143,0.0423011844331641,NA,NA,NA,NA,NA,NA,NA,NA
"4335","mumigual=0,hiv3=0,alcool=0,comdiab=0,comtabagis=0,bilateral=1,tipores3=0  encerra2=0",19,1.2550575611937,0.826086956521739,0.0321489001692047,NA,NA,NA,NA,NA,NA,NA,NA
"4336","mumigual=0,hiv3=0,alcool=0,comdiab=0,comdrogas=0,bilateral=1,tipores3=0  encerra2=0",18,1.30224017627617,0.857142857142857,0.0304568527918782,NA,NA,NA,NA,NA,NA,NA,NA
"4337","mumigual=0,hiv3=0,alcool=0,comdiab=0,ppl=0,bilateral=1,tipores3=0  encerra2=0",19,1.2550575611937,0.826086956521739,0.0321489001692047,NA,NA,NA,NA,NA,NA,NA,NA
"4338","sexo2=1,mumigual=0,hiv3=0,alcool=0,comtabagis=0,comdrogas=0,tipores3=0  encerra2=0",23,1.29420165666952,0.851851851851852,0.038917089678511,NA,NA,NA,NA,NA,NA,NA,NA
"4339","sexo2=1,mumigual=0,hiv3=0,alcool=0,comtabagis=0,ppl=0,tipores3=0  encerra2=0",25,1.26606683804627,0.833333333333333,0.0423011844331641,NA,NA,NA,NA,NA,NA,NA,NA
"4340","sexo2=1,fxet3=1,mumigual=0,hiv3=0,alcool=0,comdrogas=0,tipores3=0  encerra2=0",24,1.30224017627617,0.857142857142857,0.0406091370558376,NA,NA,NA,NA,NA,NA,NA,NA
"4341","sexo2=1,fxet3=1,mumigual=0,hiv3=0,alcool=0,ppl=0,tipores3=0  encerra2=0",26,1.23441516709512,0.8125,0.0439932318104907,NA,NA,NA,NA,NA,NA,NA,NA
"4342","sexo2=1,fxet3=1,mumigual=0,alcool=0,ppl=0,pdres5=1,tipores3=0  encerra2=0",29,1.2238646101114,0.805555555555556,0.0490693739424704,NA,NA,NA,NA,NA,NA,NA,NA
"4343","sexo2=1,mumigual=0,hiv3=0,comdiab=0,comtabagis=0,comdrogas=0,tipores3=0  encerra2=0",18,1.24304744099089,0.818181818181818,0.0304568527918782,NA,NA,NA,NA,NA,NA,NA,NA
"4344","mumigual=0,hiv3=0,alcool=0,comdiab=0,comtabagis=0,ppl=0,tipores3=0  encerra2=0",35,1.23662342320799,0.813953488372093,0.0592216582064298,NA,NA,NA,NA,NA,NA,NA,NA
"4345","mumigual=0,hiv3=0,alcool=0,comdiab=0,ppl=0,cavitacao=1,tipores3=0  encerra2=0",29,1.2238646101114,0.805555555555556,0.0490693739424704,NA,NA,NA,NA,NA,NA,NA,NA
"4346","fxet3=1,mumigual=0,hiv3=0,alcool=0,comdiab=0,comdrogas=0,tipores3=0  encerra2=0",35,1.26606683804627,0.833333333333333,0.0592216582064298,NA,NA,NA,NA,NA,NA,NA,NA
"4347","fxet3=1,mumigual=0,hiv3=0,alcool=0,comdiab=0,ppl=0,tipores3=0  encerra2=0",37,1.22202973063597,0.804347826086957,0.0626057529610829,NA,NA,NA,NA,NA,NA,NA,NA
"4348","mumigual=0,alcool=0,comdiab=0,comdrogas=0,ppl=0,pdres5=1,tipores3=0  encerra2=0",45,1.22085016525891,0.803571428571429,0.0761421319796954,NA,NA,NA,NA,NA,NA,NA,NA
"4349","mumigual=0,hiv3=0,comdiab=0,comtabagis=0,ppl=0,cavitacao=1,tipores3=0  encerra2=0",28,1.21542416452442,0.8,0.0473773265651438,NA,NA,NA,NA,NA,NA,NA,NA
"4350","fxet3=1,mumigual=0,hiv3=0,comdiab=0,comdrogas=0,pdres5=1,tipores3=0  encerra2=0",39,1.23441516709512,0.8125,0.065989847715736,NA,NA,NA,NA,NA,NA,NA,NA
"4351","sexo2=1,alcool=0,comtabagis=0,comdrogas=0,ppl=0,pdres5=1,tipores3=0  encerra2=0",41,1.29771850899743,0.854166666666667,0.0693739424703892,NA,NA,NA,NA,NA,NA,NA,NA
"4352","sexo2=1,fxet3=1,alcool=0,comdrogas=0,ppl=0,pdres5=1,tipores3=0  encerra2=0",39,1.28808539175143,0.847826086956522,0.065989847715736,NA,NA,NA,NA,NA,NA,NA,NA
"4353","raca3=1,escol4=1,hiv3=0,alcool=1,comdiab=0,ppl=0,bilateral=0  encerra2=0",18,1.36735218508997,0.9,0.0304568527918782,NA,NA,NA,NA,NA,NA,NA,NA
"4354","raca3=1,escol4=1,alcool=1,comdiab=0,ppl=0,cavitacao=1,bilateral=0  encerra2=0",19,1.51928020565553,1,0.0321489001692047,NA,NA,NA,NA,NA,NA,NA,NA
"4355","raca3=1,escol4=1,alcool=1,ppl=0,pdres5=1,cavitacao=1,bilateral=0  encerra2=0",19,1.44331619537275,0.95,0.0321489001692047,NA,NA,NA,NA,NA,NA,NA,NA
"4356","sexo2=1,fxet3=1,mumigual=1,hiv3=0,alcool=1,comdrogas=0,tipores3=1  encerra2=0",18,1.24304744099089,0.818181818181818,0.0304568527918782,NA,NA,NA,NA,NA,NA,NA,NA
"4357","sexo2=1,fxet3=1,mumigual=1,hiv3=0,alcool=1,comdrogas=0,cavitacao=1  encerra2=0",18,1.24304744099089,0.818181818181818,0.0304568527918782,NA,NA,NA,NA,NA,NA,NA,NA
"4358","fxet3=1,mumigual=1,hiv3=0,alcool=1,comdrogas=0,cavitacao=1,tipores3=1  encerra2=0",18,1.18900190007824,0.782608695652174,0.0304568527918782,NA,NA,NA,NA,NA,NA,NA,NA
"4359","sexo2=1,raca3=1,escol4=1,hiv3=0,alcool=1,comdiab=0,ppl=0  encerra2=0",41,1.13255433512503,0.745454545454545,0.0693739424703892,NA,NA,NA,NA,NA,NA,NA,NA
"4360","fxet3=1,escol4=1,hiv3=0,alcool=1,comdiab=0,comtabagis=0,tipores3=1  encerra2=0",21,1.10016842478504,0.724137931034483,0.0355329949238579,NA,NA,NA,NA,NA,NA,NA,NA
"4361","fxet3=1,escol4=1,hiv3=0,alcool=1,comdiab=0,comtabagis=0,cavitacao=1  encerra2=0",21,1.10016842478504,0.724137931034483,0.0355329949238579,NA,NA,NA,NA,NA,NA,NA,NA
"4362","escol4=0,mumigual=0,hiv3=0,alcool=0,comdiab=0,comtabagis=0,bilateral=0  encerra2=0",31,1.30826906598115,0.861111111111111,0.0524534686971235,NA,NA,NA,NA,NA,NA,NA,NA
"4363","fxet3=1,escol4=0,mumigual=0,hiv3=0,alcool=0,comdiab=0,bilateral=0  encerra2=0",33,1.3926735218509,0.916666666666667,0.0558375634517767,NA,NA,NA,NA,NA,NA,NA,NA
"4364","fxet3=1,escol4=0,hiv3=0,alcool=0,comdiab=0,comtabagis=0,bilateral=0  encerra2=0",39,1.34663472774013,0.886363636363636,0.065989847715736,NA,NA,NA,NA,NA,NA,NA,NA
"4365","raca3=0,fxet3=1,escol4=0,mumigual=0,hiv3=0,alcool=0,tipores3=1  encerra2=0",25,1.35650018362101,0.892857142857143,0.0423011844331641,NA,NA,NA,NA,NA,NA,NA,NA
"4366","raca3=0,fxet3=1,escol4=0,mumigual=0,alcool=0,comdiab=0,tipores3=1  encerra2=0",24,1.35047129391602,0.888888888888889,0.0406091370558376,NA,NA,NA,NA,NA,NA,NA,NA
"4367","raca3=0,fxet3=1,escol4=0,mumigual=0,hiv3=0,alcool=0,comtabagis=0  encerra2=0",41,1.35414105286688,0.891304347826087,0.0693739424703892,NA,NA,NA,NA,NA,NA,NA,NA
"4368","raca3=0,fxet3=1,escol4=0,mumigual=0,hiv3=0,alcool=0,comdrogas=0  encerra2=0",43,1.38997976262101,0.914893617021277,0.0727580372250423,NA,NA,NA,NA,NA,NA,NA,NA
"4369","raca3=0,fxet3=1,escol4=0,mumigual=0,hiv3=0,alcool=0,ppl=0  encerra2=0",45,1.36735218508997,0.9,0.0761421319796954,NA,NA,NA,NA,NA,NA,NA,NA
"4370","raca3=0,fxet3=1,escol4=0,mumigual=0,hiv3=0,comdrogas=0,tipores3=1  encerra2=0",23,1.3439786434645,0.884615384615385,0.038917089678511,NA,NA,NA,NA,NA,NA,NA,NA
"4371","raca3=0,escol4=0,mumigual=0,hiv3=0,comdiab=0,comtabagis=0,comdrogas=0  encerra2=0",32,1.35047129391602,0.888888888888889,0.0541455160744501,NA,NA,NA,NA,NA,NA,NA,NA
"4372","raca3=0,fxet3=1,escol4=0,mumigual=0,hiv3=0,comtabagis=0,comdrogas=0  encerra2=0",39,1.34663472774013,0.886363636363636,0.065989847715736,NA,NA,NA,NA,NA,NA,NA,NA
"4373","raca3=0,escol4=0,mumigual=0,comdiab=0,comtabagis=0,comdrogas=0,cavitacao=1  encerra2=0",26,1.36211328782909,0.896551724137931,0.0439932318104907,NA,NA,NA,NA,NA,NA,NA,NA
"4374","raca3=0,fxet3=1,escol4=0,mumigual=0,comdiab=0,comtabagis=0,comdrogas=0  encerra2=0",36,1.36735218508997,0.9,0.0609137055837563,NA,NA,NA,NA,NA,NA,NA,NA
"4375","raca3=0,fxet3=1,escol4=0,mumigual=0,hiv3=0,comdiab=0,comdrogas=0  encerra2=0",35,1.36345659481906,0.897435897435897,0.0592216582064298,NA,NA,NA,NA,NA,NA,NA,NA
"4376","raca3=0,fxet3=1,escol4=0,hiv3=0,comdiab=0,comtabagis=0,comdrogas=0  encerra2=0",43,1.33324589475893,0.877551020408163,0.0727580372250423,NA,NA,NA,NA,NA,NA,NA,NA
"4377","escol4=0,mumigual=1,alcool=0,comdiab=0,comtabagis=0,comdrogas=0,bilateral=1  encerra2=0",27,1.28189267352185,0.84375,0.0456852791878173,NA,NA,NA,NA,NA,NA,NA,NA
"4378","escol4=0,mumigual=1,alcool=0,comdiab=0,comdrogas=0,cavitacao=1,bilateral=1  encerra2=0",21,1.27619537275064,0.84,0.0355329949238579,NA,NA,NA,NA,NA,NA,NA,NA
"4379","fxet3=1,escol4=0,mumigual=1,alcool=0,comdiab=0,comdrogas=0,bilateral=1  encerra2=0",27,1.28189267352185,0.84375,0.0456852791878173,NA,NA,NA,NA,NA,NA,NA,NA
"4380","sexo2=1,escol4=0,mumigual=0,alcool=0,comtabagis=0,comdrogas=0,bilateral=1  encerra2=0",29,1.2958566460003,0.852941176470588,0.0490693739424704,NA,NA,NA,NA,NA,NA,NA,NA
"4381","sexo2=1,escol4=0,mumigual=0,hiv3=0,alcool=0,comdrogas=0,bilateral=1  encerra2=0",27,1.28189267352185,0.84375,0.0456852791878173,NA,NA,NA,NA,NA,NA,NA,NA
"4382","sexo2=1,escol4=0,mumigual=0,comtabagis=0,comdrogas=0,bilateral=1,tipores3=1  encerra2=0",18,1.24304744099089,0.818181818181818,0.0304568527918782,NA,NA,NA,NA,NA,NA,NA,NA
"4383","sexo2=1,fxet3=1,escol4=0,mumigual=0,alcool=0,comtabagis=0,comdrogas=0  encerra2=0",41,1.29771850899743,0.854166666666667,0.0693739424703892,NA,NA,NA,NA,NA,NA,NA,NA
"4384","sexo2=1,escol4=0,mumigual=0,hiv3=0,alcool=0,comdrogas=0,cavitacao=1  encerra2=0",31,1.27291044257625,0.837837837837838,0.0524534686971235,NA,NA,NA,NA,NA,NA,NA,NA
"4385","sexo2=1,fxet3=1,escol4=0,mumigual=0,hiv3=0,alcool=0,cavitacao=1  encerra2=0",31,1.27291044257625,0.837837837837838,0.0524534686971235,NA,NA,NA,NA,NA,NA,NA,NA
"4386","sexo2=1,escol4=0,mumigual=0,hiv3=0,alcool=0,ppl=0,cavitacao=1  encerra2=0",31,1.27291044257625,0.837837837837838,0.0524534686971235,NA,NA,NA,NA,NA,NA,NA,NA
"4387","sexo2=1,fxet3=1,escol4=0,mumigual=0,hiv3=0,alcool=0,comdrogas=0  encerra2=0",40,1.29300443034513,0.851063829787234,0.0676818950930626,NA,NA,NA,NA,NA,NA,NA,NA
"4388","sexo2=1,fxet3=1,escol4=0,mumigual=0,alcool=0,ppl=0,cavitacao=1  encerra2=0",33,1.28554478940083,0.846153846153846,0.0558375634517767,NA,NA,NA,NA,NA,NA,NA,NA
"4389","sexo2=1,raca3=1,escol4=0,alcool=0,comtabagis=0,comdrogas=0,bilateral=1  encerra2=0",21,1.27619537275064,0.84,0.0355329949238579,NA,NA,NA,NA,NA,NA,NA,NA
"4390","sexo2=1,raca3=1,escol4=0,alcool=0,comdrogas=0,cavitacao=1,bilateral=1  encerra2=0",18,1.24304744099089,0.818181818181818,0.0304568527918782,NA,NA,NA,NA,NA,NA,NA,NA
"4391","sexo2=1,raca3=1,escol4=0,alcool=0,comtabagis=0,comdrogas=0,cavitacao=1  encerra2=0",24,1.30224017627617,0.857142857142857,0.0406091370558376,NA,NA,NA,NA,NA,NA,NA,NA
"4392","sexo2=1,raca3=1,escol4=0,comtabagis=0,comdrogas=0,cavitacao=1,tipores3=1  encerra2=0",19,1.20276349614396,0.791666666666667,0.0321489001692047,NA,NA,NA,NA,NA,NA,NA,NA
"4393","sexo2=1,escol4=0,alcool=0,comdiab=0,comtabagis=0,comdrogas=0,bilateral=1  encerra2=0",38,1.2550575611937,0.826086956521739,0.0642978003384095,NA,NA,NA,NA,NA,NA,NA,NA
"4394","sexo2=1,escol4=0,hiv3=0,alcool=0,comdrogas=0,cavitacao=1,bilateral=1  encerra2=0",31,1.23941279935056,0.815789473684211,0.0524534686971235,NA,NA,NA,NA,NA,NA,NA,NA
"4395","sexo2=1,escol4=0,hiv3=0,alcool=0,ppl=0,cavitacao=1,bilateral=1  encerra2=0",32,1.24658888669171,0.82051282051282,0.0541455160744501,NA,NA,NA,NA,NA,NA,NA,NA
"4396","sexo2=1,escol4=0,alcool=0,comdiab=0,comdrogas=0,cavitacao=1,bilateral=1  encerra2=0",33,1.22283528747884,0.804878048780488,0.0558375634517767,NA,NA,NA,NA,NA,NA,NA,NA
"4397","sexo2=1,escol4=0,hiv3=0,comdrogas=0,cavitacao=1,bilateral=1,tipores3=1  encerra2=0",25,1.18693766066838,0.78125,0.0423011844331641,NA,NA,NA,NA,NA,NA,NA,NA
"4398","sexo2=1,escol4=0,alcool=0,comdiab=0,comtabagis=0,comdrogas=0,cavitacao=1  encerra2=0",41,1.2712344577934,0.836734693877551,0.0693739424703892,NA,NA,NA,NA,NA,NA,NA,NA
"4399","sexo2=1,fxet3=1,escol4=0,alcool=0,comtabagis=0,comdrogas=0,cavitacao=1  encerra2=0",47,1.27511017260375,0.839285714285714,0.0795262267343486,NA,NA,NA,NA,NA,NA,NA,NA
"4400","sexo2=1,fxet3=1,escol4=0,hiv3=0,alcool=0,comdrogas=0,cavitacao=1  encerra2=0",43,1.25632786236899,0.826923076923077,0.0727580372250423,NA,NA,NA,NA,NA,NA,NA,NA
"4401","sexo2=1,fxet3=1,escol4=0,hiv3=0,alcool=0,ppl=0,cavitacao=1  encerra2=0",44,1.26128922733666,0.830188679245283,0.0744500846023689,NA,NA,NA,NA,NA,NA,NA,NA
"4402","sexo2=0,mumigual=0,hiv3=0,comtabagis=0,comdrogas=0,bilateral=0,tipores3=1  encerra2=0",24,1.30224017627617,0.857142857142857,0.0406091370558376,NA,NA,NA,NA,NA,NA,NA,NA
"4403","sexo2=0,fxet3=1,mumigual=0,hiv3=0,comtabagis=0,bilateral=0,tipores3=1  encerra2=0",24,1.30224017627617,0.857142857142857,0.0406091370558376,NA,NA,NA,NA,NA,NA,NA,NA
"4404","sexo2=0,mumigual=0,comtabagis=0,comdrogas=0,cavitacao=1,bilateral=0,tipores3=1  encerra2=0",20,1.38116382332321,0.909090909090909,0.0338409475465313,NA,NA,NA,NA,NA,NA,NA,NA
"4405","sexo2=0,mumigual=0,comdiab=0,comtabagis=0,comdrogas=0,bilateral=0,tipores3=1  encerra2=0",23,1.29420165666952,0.851851851851852,0.038917089678511,NA,NA,NA,NA,NA,NA,NA,NA
"4406","sexo2=0,fxet3=1,mumigual=0,comtabagis=0,comdrogas=0,bilateral=0,tipores3=1  encerra2=0",27,1.32324405008707,0.870967741935484,0.0456852791878173,NA,NA,NA,NA,NA,NA,NA,NA
"4407","sexo2=0,mumigual=0,hiv3=0,comdiab=0,comdrogas=0,bilateral=0,tipores3=1  encerra2=0",21,1.27619537275064,0.84,0.0355329949238579,NA,NA,NA,NA,NA,NA,NA,NA
"4408","sexo2=0,fxet3=1,mumigual=0,hiv3=0,comdrogas=0,bilateral=0,tipores3=1  encerra2=0",26,1.31670951156812,0.866666666666667,0.0439932318104907,NA,NA,NA,NA,NA,NA,NA,NA
"4409","sexo2=0,mumigual=0,hiv3=0,comtabagis=0,comdrogas=0,cavitacao=1,bilateral=0  encerra2=0",27,1.32324405008707,0.870967741935484,0.0456852791878173,NA,NA,NA,NA,NA,NA,NA,NA
"4410","sexo2=0,mumigual=0,hiv3=0,comdiab=0,comtabagis=0,comdrogas=0,bilateral=0  encerra2=0",28,1.25117193406926,0.823529411764706,0.0473773265651438,NA,NA,NA,NA,NA,NA,NA,NA
"4411","sexo2=0,fxet3=1,mumigual=0,hiv3=0,comtabagis=0,comdrogas=0,bilateral=0  encerra2=0",36,1.27195552101393,0.837209302325581,0.0609137055837563,NA,NA,NA,NA,NA,NA,NA,NA
"4412","sexo2=0,hiv3=0,comtabagis=0,comdrogas=0,cavitacao=1,bilateral=0,tipores3=1  encerra2=0",22,1.23793201942302,0.814814814814815,0.0372250423011844,NA,NA,NA,NA,NA,NA,NA,NA
"4413","sexo2=0,fxet3=1,hiv3=0,comtabagis=0,cavitacao=1,bilateral=0,tipores3=1  encerra2=0",21,1.22711093533716,0.807692307692308,0.0355329949238579,NA,NA,NA,NA,NA,NA,NA,NA
"4414","sexo2=0,hiv3=0,comdiab=0,comtabagis=0,comdrogas=0,bilateral=0,tipores3=1  encerra2=0",23,1.24798016893133,0.821428571428571,0.038917089678511,NA,NA,NA,NA,NA,NA,NA,NA
"4415","sexo2=0,fxet3=1,hiv3=0,comtabagis=0,comdrogas=0,bilateral=0,tipores3=1  encerra2=0",28,1.28908623510166,0.848484848484849,0.0473773265651438,NA,NA,NA,NA,NA,NA,NA,NA
"4416","sexo2=0,comtabagis=0,comdrogas=0,pdres5=1,cavitacao=1,bilateral=0,tipores3=1  encerra2=0",26,1.23441516709512,0.8125,0.0439932318104907,NA,NA,NA,NA,NA,NA,NA,NA
"4417","sexo2=0,fxet3=1,comtabagis=0,comdrogas=0,pdres5=1,bilateral=0,tipores3=1  encerra2=0",34,1.22989349981638,0.80952380952381,0.0575296108291032,NA,NA,NA,NA,NA,NA,NA,NA
"4418","sexo2=0,hiv3=0,comdiab=0,comtabagis=0,comdrogas=0,cavitacao=1,bilateral=0  encerra2=0",26,1.23441516709512,0.8125,0.0439932318104907,NA,NA,NA,NA,NA,NA,NA,NA
"4419","sexo2=0,fxet3=1,hiv3=0,comtabagis=0,comdrogas=0,cavitacao=1,bilateral=0  encerra2=0",33,1.25340616966581,0.825,0.0558375634517767,NA,NA,NA,NA,NA,NA,NA,NA
"4420","sexo2=0,raca3=0,fxet3=1,mumigual=0,comdrogas=0,cavitacao=1,tipores3=1  encerra2=0",23,1.39773778920308,0.92,0.038917089678511,NA,NA,NA,NA,NA,NA,NA,NA
"4421","sexo2=0,fxet3=1,mumigual=1,alcool=0,comdiab=0,bilateral=1,tipores3=1  encerra2=0",22,1.15255739739385,0.758620689655172,0.0372250423011844,NA,NA,NA,NA,NA,NA,NA,NA
"4422","sexo2=0,fxet3=1,mumigual=0,alcool=0,comtabagis=0,comdrogas=0,tipores3=1  encerra2=0",40,1.12539274493002,0.740740740740741,0.0676818950930626,NA,NA,NA,NA,NA,NA,NA,NA
"4423","sexo2=0,fxet3=1,mumigual=0,alcool=0,comtabagis=0,pdres5=1,tipores3=1  encerra2=0",42,1.10016842478504,0.724137931034483,0.0710659898477157,NA,NA,NA,NA,NA,NA,NA,NA
"4424","sexo2=0,fxet3=1,mumigual=0,alcool=0,comtabagis=0,comdrogas=0,pdres5=1  encerra2=0",63,1.12605474066233,0.741176470588235,0.106598984771574,NA,NA,NA,NA,NA,NA,NA,NA
"4425","raca3=0,fxet3=1,mumigual=0,hiv3=0,alcool=0,comdrogas=0,bilateral=0  encerra2=0",32,1.31397206975613,0.864864864864865,0.0541455160744501,NA,NA,NA,NA,NA,NA,NA,NA
"4426","raca3=0,fxet3=1,mumigual=0,alcool=0,comdrogas=0,cavitacao=1,bilateral=0  encerra2=0",26,1.36211328782909,0.896551724137931,0.0439932318104907,NA,NA,NA,NA,NA,NA,NA,NA
"4427","raca3=0,alcool=0,comdrogas=0,pdres5=1,cavitacao=1,bilateral=0,tipores3=1  encerra2=0",22,1.33696658097686,0.88,0.0372250423011844,NA,NA,NA,NA,NA,NA,NA,NA
"4428","raca3=0,alcool=0,ppl=0,pdres5=1,cavitacao=1,bilateral=0,tipores3=1  encerra2=0",22,1.33696658097686,0.88,0.0372250423011844,NA,NA,NA,NA,NA,NA,NA,NA
"4429","raca3=0,alcool=0,comtabagis=0,ppl=0,pdres5=1,cavitacao=1,bilateral=0  encerra2=0",29,1.25883217040029,0.828571428571429,0.0490693739424704,NA,NA,NA,NA,NA,NA,NA,NA
"4430","raca3=0,fxet3=1,alcool=0,comtabagis=0,ppl=0,pdres5=1,bilateral=0  encerra2=0",41,1.19789400830532,0.788461538461538,0.0693739424703892,NA,NA,NA,NA,NA,NA,NA,NA
"4431","raca3=0,fxet3=1,hiv3=0,alcool=0,comdrogas=0,cavitacao=1,bilateral=0  encerra2=0",29,1.2958566460003,0.852941176470588,0.0490693739424704,NA,NA,NA,NA,NA,NA,NA,NA
"4432","raca3=0,fxet3=1,alcool=0,comdrogas=0,pdres5=1,cavitacao=1,bilateral=0  encerra2=0",34,1.32450069210995,0.871794871794872,0.0575296108291032,NA,NA,NA,NA,NA,NA,NA,NA
"4433","raca3=0,fxet3=1,alcool=0,ppl=0,pdres5=1,cavitacao=1,bilateral=0  encerra2=0",34,1.25989090225092,0.829268292682927,0.0575296108291032,NA,NA,NA,NA,NA,NA,NA,NA
"4434","raca3=0,hiv3=0,comtabagis=0,comdrogas=0,cavitacao=1,bilateral=0,tipores3=1  encerra2=0",19,1.31210563215705,0.863636363636364,0.0321489001692047,NA,NA,NA,NA,NA,NA,NA,NA
"4435","raca3=0,fxet3=1,hiv3=0,comdiab=0,comtabagis=0,bilateral=0,tipores3=1  encerra2=0",22,1.19372016158649,0.785714285714286,0.0372250423011844,NA,NA,NA,NA,NA,NA,NA,NA
"4436","raca3=0,comtabagis=0,comdrogas=0,pdres5=1,cavitacao=1,bilateral=0,tipores3=1  encerra2=0",22,1.33696658097686,0.88,0.0372250423011844,NA,NA,NA,NA,NA,NA,NA,NA
"4437","raca3=0,comtabagis=0,ppl=0,pdres5=1,cavitacao=1,bilateral=0,tipores3=1  encerra2=0",23,1.24798016893133,0.821428571428571,0.038917089678511,NA,NA,NA,NA,NA,NA,NA,NA
"4438","sexo2=1,raca3=1,escol4=1,mumigual=1,hiv3=0,comdiab=0,bilateral=0  encerra2=0",18,1.36735218508997,0.9,0.0304568527918782,NA,NA,NA,NA,NA,NA,NA,NA
"4439","sexo2=1,escol4=1,mumigual=1,comtabagis=0,ppl=0,cavitacao=1,bilateral=0  encerra2=0",19,1.2550575611937,0.826086956521739,0.0321489001692047,NA,NA,NA,NA,NA,NA,NA,NA
"4440","sexo2=1,escol4=1,mumigual=1,hiv3=0,comdiab=0,cavitacao=1,bilateral=0  encerra2=0",18,1.30224017627617,0.857142857142857,0.0304568527918782,NA,NA,NA,NA,NA,NA,NA,NA
"4441","sexo2=1,escol4=1,mumigual=1,comdiab=0,ppl=0,cavitacao=1,bilateral=0  encerra2=0",19,1.2550575611937,0.826086956521739,0.0321489001692047,NA,NA,NA,NA,NA,NA,NA,NA
"4442","fxet3=1,escol4=1,mumigual=1,comdrogas=0,pdres5=1,cavitacao=1,bilateral=0  encerra2=0",20,1.21542416452442,0.8,0.0338409475465313,NA,NA,NA,NA,NA,NA,NA,NA
"4443","sexo2=1,mumigual=1,hiv3=0,alcool=0,comtabagis=0,comdrogas=0,bilateral=0  encerra2=0",18,1.30224017627617,0.857142857142857,0.0304568527918782,NA,NA,NA,NA,NA,NA,NA,NA
"4444","sexo2=1,fxet3=1,mumigual=1,hiv3=0,comdrogas=0,cavitacao=1,bilateral=0  encerra2=0",19,1.31210563215705,0.863636363636364,0.0321489001692047,NA,NA,NA,NA,NA,NA,NA,NA
"4445","sexo2=1,fxet3=1,mumigual=1,hiv3=0,comdiab=0,cavitacao=1,bilateral=0  encerra2=0",20,1.21542416452442,0.8,0.0338409475465313,NA,NA,NA,NA,NA,NA,NA,NA
"4446","sexo2=1,fxet3=1,mumigual=1,comdiab=0,ppl=0,cavitacao=1,bilateral=0  encerra2=0",21,1.18166238217652,0.777777777777778,0.0355329949238579,NA,NA,NA,NA,NA,NA,NA,NA
"4447","fxet3=1,mumigual=1,hiv3=0,comtabagis=0,cavitacao=1,bilateral=0,tipores3=1  encerra2=0",18,1.18900190007824,0.782608695652174,0.0304568527918782,NA,NA,NA,NA,NA,NA,NA,NA
"4448","fxet3=1,mumigual=1,hiv3=0,comtabagis=0,comdrogas=0,cavitacao=1,bilateral=0  encerra2=0",21,1.22711093533716,0.807692307692308,0.0355329949238579,NA,NA,NA,NA,NA,NA,NA,NA
"4449","mumigual=0,hiv3=0,alcool=0,comtabagis=0,comdrogas=0,cavitacao=1,bilateral=0  encerra2=0",37,1.19602909806924,0.787234042553192,0.0626057529610829,NA,NA,NA,NA,NA,NA,NA,NA
"4450","mumigual=0,hiv3=0,alcool=0,comtabagis=0,ppl=0,cavitacao=1,bilateral=0  encerra2=0",39,1.20922302082787,0.795918367346939,0.065989847715736,NA,NA,NA,NA,NA,NA,NA,NA
"4451","fxet3=1,mumigual=0,hiv3=0,alcool=0,comdrogas=0,cavitacao=1,bilateral=0  encerra2=0",43,1.20979720079977,0.796296296296296,0.0727580372250423,NA,NA,NA,NA,NA,NA,NA,NA
"4452","mumigual=0,hiv3=0,alcool=0,comdrogas=0,ppl=0,cavitacao=1,bilateral=0  encerra2=0",41,1.17529223456371,0.773584905660377,0.0693739424703892,NA,NA,NA,NA,NA,NA,NA,NA
"4453","fxet3=1,mumigual=0,hiv3=0,alcool=0,ppl=0,cavitacao=1,bilateral=0  encerra2=0",46,1.20494637000266,0.793103448275862,0.077834179357022,NA,NA,NA,NA,NA,NA,NA,NA
"4454","fxet3=1,mumigual=0,hiv3=0,alcool=0,comdrogas=0,ppl=0,bilateral=0  encerra2=0",58,1.19078718821649,0.783783783783784,0.0981387478849408,NA,NA,NA,NA,NA,NA,NA,NA
"4455","fxet3=1,mumigual=0,alcool=0,comdrogas=0,ppl=0,cavitacao=1,bilateral=0  encerra2=0",49,1.20072145285679,0.790322580645161,0.0829103214890017,NA,NA,NA,NA,NA,NA,NA,NA
"4456","mumigual=0,hiv3=0,comtabagis=0,ppl=0,pdres5=1,cavitacao=1,bilateral=0  encerra2=0",46,1.20494637000266,0.793103448275862,0.077834179357022,NA,NA,NA,NA,NA,NA,NA,NA
"4457","fxet3=1,mumigual=0,hiv3=0,comtabagis=0,ppl=0,pdres5=1,bilateral=0  encerra2=0",61,1.15845115681234,0.7625,0.10321489001692,NA,NA,NA,NA,NA,NA,NA,NA
"4458","fxet3=1,mumigual=0,comdiab=0,comdrogas=0,ppl=0,cavitacao=1,bilateral=0  encerra2=0",50,1.16867708127348,0.769230769230769,0.0846023688663283,NA,NA,NA,NA,NA,NA,NA,NA
"4459","sexo2=1,raca3=1,escol4=1,hiv3=0,alcool=0,comtabagis=0,bilateral=0  encerra2=0",22,1.19372016158649,0.785714285714286,0.0372250423011844,NA,NA,NA,NA,NA,NA,NA,NA
"4460","sexo2=1,raca3=1,escol4=1,hiv3=0,alcool=0,comdrogas=0,bilateral=0  encerra2=0",18,1.18900190007824,0.782608695652174,0.0304568527918782,NA,NA,NA,NA,NA,NA,NA,NA
"4461","sexo2=1,raca3=1,escol4=1,hiv3=0,cavitacao=1,bilateral=0,tipores3=1  encerra2=0",27,1.20648722213821,0.794117647058823,0.0456852791878173,NA,NA,NA,NA,NA,NA,NA,NA
"4462","sexo2=1,raca3=1,escol4=1,hiv3=0,comdiab=0,bilateral=0,tipores3=1  encerra2=0",30,1.23184881539637,0.810810810810811,0.050761421319797,NA,NA,NA,NA,NA,NA,NA,NA
"4463","sexo2=1,raca3=1,escol4=1,hiv3=0,pdres5=1,bilateral=0,tipores3=1  encerra2=0",33,1.19372016158649,0.785714285714286,0.0558375634517767,NA,NA,NA,NA,NA,NA,NA,NA
"4464","sexo2=1,raca3=1,escol4=1,comdiab=0,cavitacao=1,bilateral=0,tipores3=1  encerra2=0",29,1.19078718821649,0.783783783783784,0.0490693739424704,NA,NA,NA,NA,NA,NA,NA,NA
"4465","sexo2=1,raca3=1,escol4=1,hiv3=0,comtabagis=0,cavitacao=1,bilateral=0  encerra2=0",24,1.21542416452442,0.8,0.0406091370558376,NA,NA,NA,NA,NA,NA,NA,NA
"4466","sexo2=1,raca3=1,escol4=1,hiv3=0,comtabagis=0,pdres5=1,bilateral=0  encerra2=0",30,1.199431741307,0.789473684210526,0.050761421319797,NA,NA,NA,NA,NA,NA,NA,NA
"4467","sexo2=1,raca3=1,escol4=1,comtabagis=0,pdres5=1,cavitacao=1,bilateral=0  encerra2=0",31,1.17744215938303,0.775,0.0524534686971235,NA,NA,NA,NA,NA,NA,NA,NA
"4468","sexo2=1,raca3=1,escol4=1,hiv3=0,comdrogas=0,cavitacao=1,bilateral=0  encerra2=0",23,1.20494637000266,0.793103448275862,0.038917089678511,NA,NA,NA,NA,NA,NA,NA,NA
"4469","sexo2=1,raca3=1,escol4=1,hiv3=0,comdiab=0,cavitacao=1,bilateral=0  encerra2=0",30,1.26606683804627,0.833333333333333,0.050761421319797,NA,NA,NA,NA,NA,NA,NA,NA
"4470","sexo2=1,raca3=1,escol4=1,hiv3=0,ppl=0,cavitacao=1,bilateral=0  encerra2=0",30,1.26606683804627,0.833333333333333,0.050761421319797,NA,NA,NA,NA,NA,NA,NA,NA
"4471","sexo2=1,raca3=1,escol4=1,hiv3=0,pdres5=1,cavitacao=1,bilateral=0  encerra2=0",32,1.21542416452442,0.8,0.0541455160744501,NA,NA,NA,NA,NA,NA,NA,NA
"4472","sexo2=1,raca3=1,escol4=1,hiv3=0,comdrogas=0,pdres5=1,bilateral=0  encerra2=0",31,1.2076329839826,0.794871794871795,0.0524534686971235,NA,NA,NA,NA,NA,NA,NA,NA
"4473","sexo2=1,raca3=1,escol4=1,hiv3=0,comdiab=0,ppl=0,bilateral=0  encerra2=0",36,1.30224017627617,0.857142857142857,0.0609137055837563,NA,NA,NA,NA,NA,NA,NA,NA
"4474","sexo2=1,raca3=1,escol4=1,hiv3=0,ppl=0,pdres5=1,bilateral=0  encerra2=0",38,1.2550575611937,0.826086956521739,0.0642978003384095,NA,NA,NA,NA,NA,NA,NA,NA
"4475","sexo2=1,raca3=1,escol4=1,comdiab=0,ppl=0,cavitacao=1,bilateral=0  encerra2=0",32,1.27939385739413,0.842105263157895,0.0541455160744501,NA,NA,NA,NA,NA,NA,NA,NA
"4476","sexo2=1,raca3=1,escol4=1,ppl=0,pdres5=1,cavitacao=1,bilateral=0  encerra2=0",36,1.24304744099089,0.818181818181818,0.0609137055837563,NA,NA,NA,NA,NA,NA,NA,NA
"4477","raca3=1,escol4=1,hiv3=0,comdiab=0,cavitacao=1,bilateral=0,tipores3=1  encerra2=0",27,1.13946015424165,0.75,0.0456852791878173,NA,NA,NA,NA,NA,NA,NA,NA
"4478","raca3=1,escol4=1,hiv3=0,comdiab=0,ppl=0,cavitacao=1,bilateral=0  encerra2=0",32,1.18577967270675,0.780487804878049,0.0541455160744501,NA,NA,NA,NA,NA,NA,NA,NA
"4479","sexo2=1,raca3=1,hiv3=0,alcool=0,comtabagis=0,cavitacao=1,bilateral=0  encerra2=0",22,1.19372016158649,0.785714285714286,0.0372250423011844,NA,NA,NA,NA,NA,NA,NA,NA
"4480","sexo2=1,raca3=1,hiv3=0,alcool=0,comtabagis=0,ppl=0,bilateral=0  encerra2=0",29,1.2238646101114,0.805555555555556,0.0490693739424704,NA,NA,NA,NA,NA,NA,NA,NA
"4481","sexo2=1,raca3=1,fxet3=1,hiv3=0,alcool=0,ppl=0,bilateral=0  encerra2=0",26,1.16180251020717,0.764705882352941,0.0439932318104907,NA,NA,NA,NA,NA,NA,NA,NA
"4482","sexo2=1,raca3=1,hiv3=0,comtabagis=0,cavitacao=1,bilateral=0,tipores3=1  encerra2=0",27,1.20648722213821,0.794117647058823,0.0456852791878173,NA,NA,NA,NA,NA,NA,NA,NA
"4483","sexo2=1,raca3=1,hiv3=0,comdiab=0,cavitacao=1,bilateral=0,tipores3=1  encerra2=0",31,1.2076329839826,0.794871794871795,0.0524534686971235,NA,NA,NA,NA,NA,NA,NA,NA
"4484","sexo2=1,raca3=1,fxet3=1,hiv3=0,cavitacao=1,bilateral=0,tipores3=1  encerra2=0",31,1.14872405793467,0.75609756097561,0.0524534686971235,NA,NA,NA,NA,NA,NA,NA,NA
"4485","sexo2=1,raca3=1,hiv3=0,pdres5=1,cavitacao=1,bilateral=0,tipores3=1  encerra2=0",33,1.1659592275961,0.767441860465116,0.0558375634517767,NA,NA,NA,NA,NA,NA,NA,NA
"4486","sexo2=1,raca3=1,fxet3=1,comdiab=0,cavitacao=1,bilateral=0,tipores3=1  encerra2=0",33,1.13946015424165,0.75,0.0558375634517767,NA,NA,NA,NA,NA,NA,NA,NA
"4487","sexo2=1,raca3=1,hiv3=0,comtabagis=0,ppl=0,cavitacao=1,bilateral=0  encerra2=0",30,1.23184881539637,0.810810810810811,0.050761421319797,NA,NA,NA,NA,NA,NA,NA,NA
"4488","sexo2=1,raca3=1,hiv3=0,comtabagis=0,pdres5=1,cavitacao=1,bilateral=0  encerra2=0",32,1.21542416452442,0.8,0.0541455160744501,NA,NA,NA,NA,NA,NA,NA,NA
"4489","sexo2=1,raca3=1,hiv3=0,comtabagis=0,ppl=0,pdres5=1,bilateral=0  encerra2=0",38,1.1782173023451,0.775510204081633,0.0642978003384095,NA,NA,NA,NA,NA,NA,NA,NA
"4490","sexo2=1,raca3=1,comtabagis=0,ppl=0,pdres5=1,cavitacao=1,bilateral=0  encerra2=0",35,1.20851834540781,0.795454545454545,0.0592216582064298,NA,NA,NA,NA,NA,NA,NA,NA
"4491","sexo2=1,raca3=1,fxet3=1,hiv3=0,comdiab=0,cavitacao=1,bilateral=0  encerra2=0",34,1.17398924982473,0.772727272727273,0.0575296108291032,NA,NA,NA,NA,NA,NA,NA,NA
"4492","sexo2=1,raca3=1,hiv3=0,comdiab=0,ppl=0,cavitacao=1,bilateral=0  encerra2=0",35,1.23662342320799,0.813953488372093,0.0592216582064298,NA,NA,NA,NA,NA,NA,NA,NA
"4493","sexo2=1,raca3=1,fxet3=1,hiv3=0,ppl=0,cavitacao=1,bilateral=0  encerra2=0",36,1.18900190007824,0.782608695652174,0.0609137055837563,NA,NA,NA,NA,NA,NA,NA,NA
"4494","sexo2=1,raca3=1,fxet3=1,hiv3=0,pdres5=1,cavitacao=1,bilateral=0  encerra2=0",38,1.1546529562982,0.76,0.0642978003384095,NA,NA,NA,NA,NA,NA,NA,NA
"4495","sexo2=1,raca3=1,hiv3=0,ppl=0,pdres5=1,cavitacao=1,bilateral=0  encerra2=0",39,1.20922302082787,0.795918367346939,0.065989847715736,NA,NA,NA,NA,NA,NA,NA,NA
"4496","sexo2=1,raca3=1,fxet3=1,hiv3=0,comdiab=0,ppl=0,bilateral=0  encerra2=0",39,1.18503856041131,0.78,0.065989847715736,NA,NA,NA,NA,NA,NA,NA,NA
"4497","sexo2=1,raca3=1,fxet3=1,comdiab=0,ppl=0,cavitacao=1,bilateral=0  encerra2=0",36,1.18900190007824,0.782608695652174,0.0609137055837563,NA,NA,NA,NA,NA,NA,NA,NA
"4498","sexo2=1,raca3=1,fxet3=1,ppl=0,pdres5=1,cavitacao=1,bilateral=0  encerra2=0",42,1.18166238217652,0.777777777777778,0.0710659898477157,NA,NA,NA,NA,NA,NA,NA,NA
"4499","raca3=1,hiv3=0,comdiab=0,comtabagis=0,ppl=0,cavitacao=1,bilateral=0  encerra2=0",40,1.1915923181612,0.784313725490196,0.0676818950930626,NA,NA,NA,NA,NA,NA,NA,NA
"4500","raca3=1,fxet3=1,hiv3=0,comtabagis=0,ppl=0,cavitacao=1,bilateral=0  encerra2=0",44,1.17277770261128,0.771929824561403,0.0744500846023689,NA,NA,NA,NA,NA,NA,NA,NA
"4501","raca3=1,hiv3=0,comtabagis=0,ppl=0,pdres5=1,cavitacao=1,bilateral=0  encerra2=0",46,1.18452355017211,0.779661016949153,0.077834179357022,NA,NA,NA,NA,NA,NA,NA,NA
"4502","raca3=1,fxet3=1,hiv3=0,comdiab=0,ppl=0,cavitacao=1,bilateral=0  encerra2=0",46,1.16478149100257,0.766666666666667,0.077834179357022,NA,NA,NA,NA,NA,NA,NA,NA
"4503","sexo2=1,escol4=1,hiv3=0,comdiab=0,cavitacao=1,bilateral=0,tipores3=1  encerra2=0",29,1.15945068326343,0.763157894736842,0.0490693739424704,NA,NA,NA,NA,NA,NA,NA,NA
"4504","sexo2=1,escol4=1,hiv3=0,pdres5=1,cavitacao=1,bilateral=0,tipores3=1  encerra2=0",31,1.1213734851267,0.738095238095238,0.0524534686971235,NA,NA,NA,NA,NA,NA,NA,NA
"4505","sexo2=1,escol4=1,hiv3=0,comtabagis=0,ppl=0,pdres5=1,bilateral=0  encerra2=0",35,1.13137887655199,0.74468085106383,0.0592216582064298,NA,NA,NA,NA,NA,NA,NA,NA
"4506","sexo2=1,escol4=1,hiv3=0,comdiab=0,ppl=0,cavitacao=1,bilateral=0  encerra2=0",36,1.13946015424165,0.75,0.0609137055837563,NA,NA,NA,NA,NA,NA,NA,NA
"4507","sexo2=1,hiv3=0,comdiab=0,comtabagis=0,cavitacao=1,bilateral=0,tipores3=1  encerra2=0",29,1.15945068326343,0.763157894736842,0.0490693739424704,NA,NA,NA,NA,NA,NA,NA,NA
"4508","sexo2=1,fxet3=1,hiv3=0,comdiab=0,cavitacao=1,bilateral=0,tipores3=1  encerra2=0",35,1.13137887655199,0.74468085106383,0.0592216582064298,NA,NA,NA,NA,NA,NA,NA,NA
"4509","fxet3=1,hiv3=0,alcool=0,comtabagis=0,cavitacao=1,bilateral=0,tipores3=1  encerra2=0",40,1.1915923181612,0.784313725490196,0.0676818950930626,NA,NA,NA,NA,NA,NA,NA,NA
"4510","hiv3=0,alcool=0,comtabagis=0,ppl=0,cavitacao=1,bilateral=0,tipores3=1  encerra2=0",39,1.18503856041131,0.78,0.065989847715736,NA,NA,NA,NA,NA,NA,NA,NA
"4511","fxet3=1,hiv3=0,alcool=0,comtabagis=0,comdrogas=0,cavitacao=1,bilateral=0  encerra2=0",54,1.18900190007824,0.782608695652174,0.0913705583756345,NA,NA,NA,NA,NA,NA,NA,NA
"4512","fxet3=1,hiv3=0,alcool=0,comtabagis=0,ppl=0,cavitacao=1,bilateral=0  encerra2=0",57,1.18628728386801,0.780821917808219,0.0964467005076142,NA,NA,NA,NA,NA,NA,NA,NA
"4513","fxet3=1,hiv3=0,alcool=0,comtabagis=0,comdrogas=0,ppl=0,bilateral=0  encerra2=0",73,1.17986654268993,0.776595744680851,0.123519458544839,NA,NA,NA,NA,NA,NA,NA,NA
"4514","fxet3=1,hiv3=0,alcool=0,comdrogas=0,ppl=0,cavitacao=1,bilateral=0  encerra2=0",58,1.19078718821649,0.783783783783784,0.0981387478849408,NA,NA,NA,NA,NA,NA,NA,NA
"4515","fxet3=1,hiv3=0,comtabagis=0,pdres5=1,cavitacao=1,bilateral=0,tipores3=1  encerra2=0",50,1.16867708127348,0.769230769230769,0.0846023688663283,NA,NA,NA,NA,NA,NA,NA,NA
"4516","fxet3=1,hiv3=0,comtabagis=0,comdrogas=0,ppl=0,cavitacao=1,bilateral=0  encerra2=0",62,1.19234649051446,0.784810126582278,0.104906937394247,NA,NA,NA,NA,NA,NA,NA,NA
"4517","fxet3=1,hiv3=0,comtabagis=0,comdrogas=0,pdres5=1,cavitacao=1,bilateral=0  encerra2=0",64,1.20041892792535,0.790123456790123,0.1082910321489,NA,NA,NA,NA,NA,NA,NA,NA
"4518","hiv3=0,comtabagis=0,comdrogas=0,ppl=0,pdres5=1,cavitacao=1,bilateral=0  encerra2=0",65,1.2043074800928,0.792682926829268,0.109983079526227,NA,NA,NA,NA,NA,NA,NA,NA
"4519","fxet3=1,hiv3=0,comtabagis=0,ppl=0,pdres5=1,cavitacao=1,bilateral=0  encerra2=0",70,1.18166238217652,0.777777777777778,0.11844331641286,NA,NA,NA,NA,NA,NA,NA,NA
"4520","fxet3=1,hiv3=0,comdrogas=0,ppl=0,pdres5=1,cavitacao=1,bilateral=0  encerra2=0",75,1.199431741307,0.789473684210526,0.126903553299492,NA,NA,NA,NA,NA,NA,NA,NA
"4521","sexo2=1,raca3=0,mumigual=1,alcool=0,comdiab=0,comtabagis=0,bilateral=1  encerra2=0",22,1.19372016158649,0.785714285714286,0.0372250423011844,NA,NA,NA,NA,NA,NA,NA,NA
"4522","sexo2=1,raca3=0,mumigual=1,alcool=0,comdiab=0,comdrogas=0,bilateral=1  encerra2=0",24,1.25733534261147,0.827586206896552,0.0406091370558376,NA,NA,NA,NA,NA,NA,NA,NA
"4523","sexo2=1,raca3=0,mumigual=1,alcool=0,comdiab=0,ppl=0,tipores3=1  encerra2=0",21,1.10016842478504,0.724137931034483,0.0355329949238579,NA,NA,NA,NA,NA,NA,NA,NA
"4524","sexo2=1,raca3=0,mumigual=1,alcool=0,comdiab=0,comtabagis=0,comdrogas=0  encerra2=0",25,1.22522597230284,0.806451612903226,0.0423011844331641,NA,NA,NA,NA,NA,NA,NA,NA
"4525","raca3=0,mumigual=1,alcool=0,comdiab=0,comdrogas=0,pdres5=1,tipores3=1  encerra2=0",32,1.21542416452442,0.8,0.0541455160744501,NA,NA,NA,NA,NA,NA,NA,NA
"4526","raca3=0,mumigual=0,comdiab=0,comtabagis=0,comdrogas=0,ppl=0,bilateral=1  encerra2=0",22,1.19372016158649,0.785714285714286,0.0372250423011844,NA,NA,NA,NA,NA,NA,NA,NA
"4527","raca3=0,mumigual=0,comdiab=0,comtabagis=0,comdrogas=0,pdres5=1,bilateral=1  encerra2=0",22,1.19372016158649,0.785714285714286,0.0372250423011844,NA,NA,NA,NA,NA,NA,NA,NA
"4528","raca3=0,mumigual=0,alcool=0,comtabagis=0,comdrogas=0,cavitacao=1,tipores3=1  encerra2=0",31,1.2076329839826,0.794871794871795,0.0524534686971235,NA,NA,NA,NA,NA,NA,NA,NA
"4529","raca3=0,mumigual=0,alcool=0,comdrogas=0,pdres5=1,cavitacao=1,tipores3=1  encerra2=0",34,1.22989349981638,0.80952380952381,0.0575296108291032,NA,NA,NA,NA,NA,NA,NA,NA
"4530","raca3=0,fxet3=1,mumigual=0,alcool=0,pdres5=1,cavitacao=1,tipores3=1  encerra2=0",39,1.18503856041131,0.78,0.065989847715736,NA,NA,NA,NA,NA,NA,NA,NA
"4531","raca3=0,mumigual=0,hiv3=0,alcool=0,comdiab=0,comtabagis=0,pdres5=1  encerra2=0",42,1.18166238217652,0.777777777777778,0.0710659898477157,NA,NA,NA,NA,NA,NA,NA,NA
"4532","raca3=0,fxet3=1,mumigual=0,hiv3=0,alcool=0,comtabagis=0,pdres5=1  encerra2=0",53,1.20181867014542,0.791044776119403,0.089678510998308,NA,NA,NA,NA,NA,NA,NA,NA
"4533","raca3=0,fxet3=1,mumigual=0,alcool=0,comtabagis=0,pdres5=1,cavitacao=1  encerra2=0",47,1.1901028277635,0.783333333333333,0.0795262267343486,NA,NA,NA,NA,NA,NA,NA,NA
"4534","raca3=0,mumigual=0,alcool=0,comdiab=0,comtabagis=0,ppl=0,pdres5=1  encerra2=0",50,1.15096985276934,0.757575757575758,0.0846023688663283,NA,NA,NA,NA,NA,NA,NA,NA
"4535","raca3=0,fxet3=1,mumigual=0,alcool=0,comtabagis=0,ppl=0,pdres5=1  encerra2=0",62,1.17744215938303,0.775,0.104906937394247,NA,NA,NA,NA,NA,NA,NA,NA
"4536","raca3=0,fxet3=1,mumigual=0,hiv3=0,alcool=0,comdiab=0,comdrogas=0  encerra2=0",45,1.24304744099089,0.818181818181818,0.0761421319796954,NA,NA,NA,NA,NA,NA,NA,NA
"4537","raca3=0,mumigual=0,hiv3=0,alcool=0,comdiab=0,comdrogas=0,pdres5=1  encerra2=0",46,1.22608578000271,0.807017543859649,0.077834179357022,NA,NA,NA,NA,NA,NA,NA,NA
"4538","raca3=0,fxet3=1,mumigual=0,hiv3=0,alcool=0,comdrogas=0,pdres5=1  encerra2=0",58,1.25883217040029,0.828571428571429,0.0981387478849408,NA,NA,NA,NA,NA,NA,NA,NA
"4539","raca3=0,fxet3=1,mumigual=0,hiv3=0,alcool=0,ppl=0,pdres5=1  encerra2=0",63,1.21157788552276,0.79746835443038,0.106598984771574,NA,NA,NA,NA,NA,NA,NA,NA
"4540","raca3=0,mumigual=0,alcool=0,comdiab=0,comdrogas=0,pdres5=1,cavitacao=1  encerra2=0",42,1.22711093533716,0.807692307692308,0.0710659898477157,NA,NA,NA,NA,NA,NA,NA,NA
"4541","raca3=0,fxet3=1,mumigual=0,alcool=0,comdrogas=0,pdres5=1,cavitacao=1  encerra2=0",52,1.25400905863631,0.825396825396825,0.0879864636209814,NA,NA,NA,NA,NA,NA,NA,NA
"4542","raca3=0,fxet3=1,mumigual=0,alcool=0,ppl=0,pdres5=1,cavitacao=1  encerra2=0",57,1.18628728386801,0.780821917808219,0.0964467005076142,NA,NA,NA,NA,NA,NA,NA,NA
"4543","raca3=0,mumigual=0,alcool=0,comdiab=0,comdrogas=0,ppl=0,pdres5=1  encerra2=0",54,1.18900190007824,0.782608695652174,0.0913705583756345,NA,NA,NA,NA,NA,NA,NA,NA
"4544","raca3=0,fxet3=1,mumigual=0,alcool=0,comdrogas=0,ppl=0,pdres5=1  encerra2=0",67,1.22640691299904,0.807228915662651,0.11336717428088,NA,NA,NA,NA,NA,NA,NA,NA
"4545","raca3=0,fxet3=1,mumigual=0,comtabagis=0,comdrogas=0,cavitacao=1,tipores3=1  encerra2=0",30,1.23184881539637,0.810810810810811,0.050761421319797,NA,NA,NA,NA,NA,NA,NA,NA
"4546","raca3=0,mumigual=0,comtabagis=0,comdrogas=0,pdres5=1,cavitacao=1,tipores3=1  encerra2=0",31,1.2076329839826,0.794871794871795,0.0524534686971235,NA,NA,NA,NA,NA,NA,NA,NA
"4547","raca3=0,fxet3=1,mumigual=0,comtabagis=0,comdrogas=0,pdres5=1,tipores3=1  encerra2=0",37,1.19602909806924,0.787234042553192,0.0626057529610829,NA,NA,NA,NA,NA,NA,NA,NA
"4548","raca3=0,fxet3=1,mumigual=0,comdrogas=0,pdres5=1,cavitacao=1,tipores3=1  encerra2=0",37,1.24918594687232,0.822222222222222,0.0626057529610829,NA,NA,NA,NA,NA,NA,NA,NA
"4549","raca3=0,fxet3=1,mumigual=0,hiv3=0,comdiab=0,comtabagis=0,comdrogas=0  encerra2=0",37,1.22202973063597,0.804347826086957,0.0626057529610829,NA,NA,NA,NA,NA,NA,NA,NA
"4550","raca3=0,mumigual=0,hiv3=0,comdiab=0,comtabagis=0,comdrogas=0,pdres5=1  encerra2=0",38,1.22835420882787,0.808510638297872,0.0642978003384095,NA,NA,NA,NA,NA,NA,NA,NA
"4551","raca3=0,fxet3=1,mumigual=0,hiv3=0,comtabagis=0,comdrogas=0,pdres5=1  encerra2=0",49,1.22040541110034,0.80327868852459,0.0829103214890017,NA,NA,NA,NA,NA,NA,NA,NA
"4552","raca3=0,fxet3=1,mumigual=0,hiv3=0,comdiab=0,comtabagis=0,pdres5=1  encerra2=0",43,1.16659015791407,0.767857142857143,0.0727580372250423,NA,NA,NA,NA,NA,NA,NA,NA
"4553","raca3=0,mumigual=0,comdiab=0,comtabagis=0,comdrogas=0,pdres5=1,cavitacao=1  encerra2=0",33,1.22283528747884,0.804878048780488,0.0558375634517767,NA,NA,NA,NA,NA,NA,NA,NA
"4554","raca3=0,fxet3=1,mumigual=0,comtabagis=0,comdrogas=0,pdres5=1,cavitacao=1  encerra2=0",43,1.20979720079977,0.796296296296296,0.0727580372250423,NA,NA,NA,NA,NA,NA,NA,NA
"4555","raca3=0,fxet3=1,mumigual=0,comdiab=0,comtabagis=0,comdrogas=0,ppl=0  encerra2=0",44,1.19372016158649,0.785714285714286,0.0744500846023689,NA,NA,NA,NA,NA,NA,NA,NA
"4556","raca3=0,fxet3=1,mumigual=0,comdiab=0,comtabagis=0,comdrogas=0,pdres5=1  encerra2=0",44,1.19372016158649,0.785714285714286,0.0744500846023689,NA,NA,NA,NA,NA,NA,NA,NA
"4557","raca3=0,mumigual=0,comdiab=0,comtabagis=0,comdrogas=0,ppl=0,pdres5=1  encerra2=0",45,1.199431741307,0.789473684210526,0.0761421319796954,NA,NA,NA,NA,NA,NA,NA,NA
"4558","raca3=0,fxet3=1,mumigual=0,comtabagis=0,comdrogas=0,ppl=0,pdres5=1  encerra2=0",57,1.20276349614396,0.791666666666667,0.0964467005076142,NA,NA,NA,NA,NA,NA,NA,NA
"4559","raca3=0,fxet3=1,mumigual=0,hiv3=0,comdiab=0,comdrogas=0,pdres5=1  encerra2=0",48,1.23602457409263,0.813559322033898,0.0812182741116751,NA,NA,NA,NA,NA,NA,NA,NA
"4560","raca3=0,fxet3=1,mumigual=0,hiv3=0,comdiab=0,ppl=0,pdres5=1  encerra2=0",55,1.14466316864458,0.753424657534247,0.0930626057529611,NA,NA,NA,NA,NA,NA,NA,NA
"4561","raca3=0,fxet3=1,mumigual=0,comdiab=0,comdrogas=0,pdres5=1,cavitacao=1  encerra2=0",44,1.21542416452442,0.8,0.0744500846023689,NA,NA,NA,NA,NA,NA,NA,NA
"4562","raca3=0,fxet3=1,mumigual=0,comdiab=0,comdrogas=0,ppl=0,pdres5=1  encerra2=0",57,1.20276349614396,0.791666666666667,0.0964467005076142,NA,NA,NA,NA,NA,NA,NA,NA
"4563","sexo2=1,raca3=0,alcool=0,comdiab=0,comtabagis=0,comdrogas=0,bilateral=1  encerra2=0",34,1.17398924982473,0.772727272727273,0.0575296108291032,NA,NA,NA,NA,NA,NA,NA,NA
"4564","sexo2=1,raca3=0,alcool=0,comdiab=0,comtabagis=0,ppl=0,bilateral=1  encerra2=0",36,1.11620586537957,0.73469387755102,0.0609137055837563,NA,NA,NA,NA,NA,NA,NA,NA
"4565","sexo2=1,raca3=0,alcool=0,comdiab=0,comtabagis=0,pdres5=1,bilateral=1  encerra2=0",38,1.1546529562982,0.76,0.0642978003384095,NA,NA,NA,NA,NA,NA,NA,NA
"4566","raca3=0,alcool=0,comdiab=0,comdrogas=0,ppl=0,pdres5=1,bilateral=1  encerra2=0",54,1.18900190007824,0.782608695652174,0.0913705583756345,NA,NA,NA,NA,NA,NA,NA,NA
"4567","raca3=0,alcool=0,comdiab=0,comtabagis=0,comdrogas=0,ppl=0,pdres5=1  encerra2=0",79,1.18834788363155,0.782178217821782,0.133671742808799,NA,NA,NA,NA,NA,NA,NA,NA
"4568","sexo2=1,raca3=1,fxet3=1,mumigual=1,alcool=0,comdrogas=0,bilateral=1  encerra2=0",24,1.21542416452442,0.8,0.0406091370558376,NA,NA,NA,NA,NA,NA,NA,NA
"4569","sexo2=1,raca3=1,mumigual=1,comtabagis=0,comdrogas=0,bilateral=1,tipores3=1  encerra2=0",25,1.18693766066838,0.78125,0.0423011844331641,NA,NA,NA,NA,NA,NA,NA,NA
"4570","sexo2=1,raca3=1,fxet3=1,mumigual=1,comdrogas=0,pdres5=1,bilateral=1  encerra2=0",30,1.199431741307,0.789473684210526,0.050761421319797,NA,NA,NA,NA,NA,NA,NA,NA
"4571","raca3=1,fxet3=1,mumigual=1,alcool=0,comdiab=0,bilateral=1,tipores3=1  encerra2=0",37,1.12426735218509,0.74,0.0626057529610829,NA,NA,NA,NA,NA,NA,NA,NA
"4572","raca3=1,fxet3=1,mumigual=1,hiv3=0,alcool=0,comdrogas=0,bilateral=1  encerra2=0",33,1.22283528747884,0.804878048780488,0.0558375634517767,NA,NA,NA,NA,NA,NA,NA,NA
"4573","raca3=1,fxet3=1,mumigual=1,hiv3=0,alcool=0,pdres5=1,bilateral=1  encerra2=0",34,1.17398924982473,0.772727272727273,0.0575296108291032,NA,NA,NA,NA,NA,NA,NA,NA
"4574","raca3=1,fxet3=1,mumigual=1,alcool=0,comdiab=0,comdrogas=0,bilateral=1  encerra2=0",36,1.21542416452442,0.8,0.0609137055837563,NA,NA,NA,NA,NA,NA,NA,NA
"4575","raca3=1,fxet3=1,mumigual=1,alcool=0,comdrogas=0,pdres5=1,bilateral=1  encerra2=0",40,1.16867708127348,0.769230769230769,0.0676818950930626,NA,NA,NA,NA,NA,NA,NA,NA
"4576","raca3=1,fxet3=1,mumigual=1,alcool=0,comdiab=0,pdres5=1,bilateral=1  encerra2=0",39,1.13946015424165,0.75,0.065989847715736,NA,NA,NA,NA,NA,NA,NA,NA
"4577","raca3=1,fxet3=1,mumigual=1,comdiab=0,comtabagis=0,comdrogas=0,bilateral=1  encerra2=0",34,1.12294623896278,0.739130434782609,0.0575296108291032,NA,NA,NA,NA,NA,NA,NA,NA
"4578","raca3=1,fxet3=1,mumigual=1,comdiab=0,comdrogas=0,pdres5=1,bilateral=1  encerra2=0",44,1.13302252625158,0.745762711864407,0.0744500846023689,NA,NA,NA,NA,NA,NA,NA,NA
"4579","sexo2=1,raca3=1,escol4=1,mumigual=1,hiv3=0,alcool=0,comtabagis=0  encerra2=0",30,1.23184881539637,0.810810810810811,0.050761421319797,NA,NA,NA,NA,NA,NA,NA,NA
"4580","sexo2=1,raca3=1,escol4=1,mumigual=1,alcool=0,comtabagis=0,pdres5=1  encerra2=0",34,1.17398924982473,0.772727272727273,0.0575296108291032,NA,NA,NA,NA,NA,NA,NA,NA
"4581","sexo2=1,raca3=1,escol4=1,mumigual=1,hiv3=0,alcool=0,comdrogas=0  encerra2=0",30,1.26606683804627,0.833333333333333,0.050761421319797,NA,NA,NA,NA,NA,NA,NA,NA
"4582","sexo2=1,raca3=1,escol4=1,mumigual=1,hiv3=0,comtabagis=0,tipores3=1  encerra2=0",35,1.23662342320799,0.813953488372093,0.0592216582064298,NA,NA,NA,NA,NA,NA,NA,NA
"4583","sexo2=1,raca3=1,escol4=1,mumigual=1,hiv3=0,comdrogas=0,tipores3=1  encerra2=0",36,1.24304744099089,0.818181818181818,0.0609137055837563,NA,NA,NA,NA,NA,NA,NA,NA
"4584","sexo2=1,raca3=1,escol4=1,mumigual=1,hiv3=0,comtabagis=0,comdrogas=0  encerra2=0",31,1.27291044257625,0.837837837837838,0.0524534686971235,NA,NA,NA,NA,NA,NA,NA,NA
"4585","sexo2=1,raca3=1,fxet3=1,escol4=1,mumigual=1,hiv3=0,comtabagis=0  encerra2=0",34,1.22989349981638,0.80952380952381,0.0575296108291032,NA,NA,NA,NA,NA,NA,NA,NA
"4586","sexo2=1,raca3=1,escol4=1,mumigual=1,hiv3=0,comtabagis=0,pdres5=1  encerra2=0",38,1.2550575611937,0.826086956521739,0.0642978003384095,NA,NA,NA,NA,NA,NA,NA,NA
"4587","sexo2=1,raca3=1,escol4=1,mumigual=1,comtabagis=0,pdres5=1,cavitacao=1  encerra2=0",33,1.22283528747884,0.804878048780488,0.0558375634517767,NA,NA,NA,NA,NA,NA,NA,NA
"4588","sexo2=1,raca3=1,escol4=1,mumigual=1,hiv3=0,comdiab=0,cavitacao=1  encerra2=0",37,1.22202973063597,0.804347826086957,0.0626057529610829,NA,NA,NA,NA,NA,NA,NA,NA
"4589","sexo2=1,raca3=1,escol4=1,mumigual=1,hiv3=0,pdres5=1,cavitacao=1  encerra2=0",41,1.22138212611523,0.803921568627451,0.0693739424703892,NA,NA,NA,NA,NA,NA,NA,NA
"4590","sexo2=1,raca3=1,fxet3=1,escol4=1,mumigual=1,hiv3=0,comdrogas=0  encerra2=0",33,1.25340616966581,0.825,0.0558375634517767,NA,NA,NA,NA,NA,NA,NA,NA
"4591","sexo2=1,raca3=1,escol4=1,mumigual=1,hiv3=0,comdrogas=0,pdres5=1  encerra2=0",40,1.26606683804627,0.833333333333333,0.0676818950930626,NA,NA,NA,NA,NA,NA,NA,NA
"4592","sexo2=1,raca3=1,escol4=1,mumigual=1,hiv3=0,comdiab=0,pdres5=1  encerra2=0",46,1.22608578000271,0.807017543859649,0.077834179357022,NA,NA,NA,NA,NA,NA,NA,NA
"4593","sexo2=1,raca3=1,fxet3=1,escol4=1,mumigual=1,hiv3=0,pdres5=1  encerra2=0",44,1.21542416452442,0.8,0.0744500846023689,NA,NA,NA,NA,NA,NA,NA,NA
"4594","sexo2=1,raca3=1,escol4=1,mumigual=1,comdiab=0,pdres5=1,cavitacao=1  encerra2=0",40,1.16867708127348,0.769230769230769,0.0676818950930626,NA,NA,NA,NA,NA,NA,NA,NA
"4595","sexo2=1,raca3=1,fxet3=1,escol4=1,mumigual=1,pdres5=1,cavitacao=1  encerra2=0",41,1.17529223456371,0.773584905660377,0.0693739424703892,NA,NA,NA,NA,NA,NA,NA,NA
"4596","raca3=1,escol4=1,mumigual=1,hiv3=0,alcool=0,comdiab=0,comdrogas=0  encerra2=0",32,1.15754682335659,0.761904761904762,0.0541455160744501,NA,NA,NA,NA,NA,NA,NA,NA
"4597","raca3=1,fxet3=1,escol4=1,mumigual=1,hiv3=0,alcool=0,comdrogas=0  encerra2=0",32,1.21542416452442,0.8,0.0541455160744501,NA,NA,NA,NA,NA,NA,NA,NA
"4598","raca3=1,escol4=1,mumigual=1,hiv3=0,alcool=0,comdrogas=0,pdres5=1  encerra2=0",38,1.1546529562982,0.76,0.0642978003384095,NA,NA,NA,NA,NA,NA,NA,NA
"4599","raca3=1,escol4=1,mumigual=1,hiv3=0,comdiab=0,pdres5=1,cavitacao=1  encerra2=0",46,1.14568671246154,0.754098360655738,0.077834179357022,NA,NA,NA,NA,NA,NA,NA,NA
"4600","raca3=1,escol4=1,mumigual=1,hiv3=0,comdiab=0,comdrogas=0,pdres5=1  encerra2=0",44,1.15255739739385,0.758620689655172,0.0744500846023689,NA,NA,NA,NA,NA,NA,NA,NA
"4601","raca3=1,fxet3=1,escol4=1,mumigual=1,hiv3=0,comdiab=0,pdres5=1  encerra2=0",49,1.14530353964801,0.753846153846154,0.0829103214890017,NA,NA,NA,NA,NA,NA,NA,NA
"4602","sexo2=1,raca3=1,mumigual=1,hiv3=0,alcool=0,comtabagis=0,tipores3=1  encerra2=0",32,1.24658888669171,0.82051282051282,0.0541455160744501,NA,NA,NA,NA,NA,NA,NA,NA
"4603","sexo2=1,raca3=1,mumigual=1,alcool=0,comtabagis=0,comdrogas=0,tipores3=1  encerra2=0",35,1.20851834540781,0.795454545454545,0.0592216582064298,NA,NA,NA,NA,NA,NA,NA,NA
"4604","sexo2=1,raca3=1,mumigual=1,hiv3=0,alcool=0,comdrogas=0,tipores3=1  encerra2=0",32,1.21542416452442,0.8,0.0541455160744501,NA,NA,NA,NA,NA,NA,NA,NA
"4605","sexo2=1,raca3=1,mumigual=1,hiv3=0,alcool=0,comtabagis=0,comdrogas=0  encerra2=0",35,1.26606683804627,0.833333333333333,0.0592216582064298,NA,NA,NA,NA,NA,NA,NA,NA
"4606","sexo2=1,raca3=1,fxet3=1,mumigual=1,hiv3=0,alcool=0,comtabagis=0  encerra2=0",33,1.22283528747884,0.804878048780488,0.0558375634517767,NA,NA,NA,NA,NA,NA,NA,NA
"4607","sexo2=1,raca3=1,mumigual=1,hiv3=0,alcool=0,comtabagis=0,pdres5=1  encerra2=0",37,1.24918594687232,0.822222222222222,0.0626057529610829,NA,NA,NA,NA,NA,NA,NA,NA
"4608","sexo2=1,raca3=1,mumigual=1,alcool=0,comtabagis=0,comdrogas=0,pdres5=1  encerra2=0",42,1.22711093533716,0.807692307692308,0.0710659898477157,NA,NA,NA,NA,NA,NA,NA,NA
"4609","sexo2=1,raca3=1,fxet3=1,mumigual=1,hiv3=0,alcool=0,comdrogas=0  encerra2=0",32,1.24658888669171,0.82051282051282,0.0541455160744501,NA,NA,NA,NA,NA,NA,NA,NA
"4610","sexo2=1,raca3=1,mumigual=1,hiv3=0,alcool=0,comdrogas=0,pdres5=1  encerra2=0",37,1.22202973063597,0.804347826086957,0.0626057529610829,NA,NA,NA,NA,NA,NA,NA,NA
"4611","sexo2=1,raca3=1,fxet3=1,mumigual=1,alcool=0,comdrogas=0,pdres5=1  encerra2=0",39,1.20922302082787,0.795918367346939,0.065989847715736,NA,NA,NA,NA,NA,NA,NA,NA
"4612","sexo2=1,raca3=1,mumigual=1,hiv3=0,comtabagis=0,cavitacao=1,tipores3=1  encerra2=0",32,1.31397206975613,0.864864864864865,0.0541455160744501,NA,NA,NA,NA,NA,NA,NA,NA
"4613","sexo2=1,raca3=1,mumigual=1,hiv3=0,comtabagis=0,comdrogas=0,tipores3=1  encerra2=0",33,1.28554478940083,0.846153846153846,0.0558375634517767,NA,NA,NA,NA,NA,NA,NA,NA
"4614","sexo2=1,raca3=1,fxet3=1,mumigual=1,hiv3=0,comtabagis=0,tipores3=1  encerra2=0",36,1.24304744099089,0.818181818181818,0.0609137055837563,NA,NA,NA,NA,NA,NA,NA,NA
"4615","sexo2=1,raca3=1,mumigual=1,hiv3=0,comtabagis=0,pdres5=1,tipores3=1  encerra2=0",39,1.2606793195865,0.829787234042553,0.065989847715736,NA,NA,NA,NA,NA,NA,NA,NA
"4616","sexo2=1,raca3=1,mumigual=1,comtabagis=0,comdrogas=0,cavitacao=1,tipores3=1  encerra2=0",29,1.25883217040029,0.828571428571429,0.0490693739424704,NA,NA,NA,NA,NA,NA,NA,NA
"4617","sexo2=1,raca3=1,fxet3=1,mumigual=1,comtabagis=0,cavitacao=1,tipores3=1  encerra2=0",32,1.21542416452442,0.8,0.0541455160744501,NA,NA,NA,NA,NA,NA,NA,NA
"4618","sexo2=1,raca3=1,mumigual=1,comtabagis=0,pdres5=1,cavitacao=1,tipores3=1  encerra2=0",35,1.23662342320799,0.813953488372093,0.0592216582064298,NA,NA,NA,NA,NA,NA,NA,NA
"4619","sexo2=1,raca3=1,fxet3=1,mumigual=1,comtabagis=0,comdrogas=0,tipores3=1  encerra2=0",35,1.18166238217652,0.777777777777778,0.0592216582064298,NA,NA,NA,NA,NA,NA,NA,NA
"4620","sexo2=1,raca3=1,mumigual=1,comtabagis=0,comdrogas=0,pdres5=1,tipores3=1  encerra2=0",38,1.20276349614396,0.791666666666667,0.0642978003384095,NA,NA,NA,NA,NA,NA,NA,NA
"4621","sexo2=1,raca3=1,mumigual=1,hiv3=0,comdrogas=0,cavitacao=1,tipores3=1  encerra2=0",34,1.25989090225092,0.829268292682927,0.0575296108291032,NA,NA,NA,NA,NA,NA,NA,NA
"4622","sexo2=1,raca3=1,mumigual=1,hiv3=0,comdiab=0,cavitacao=1,tipores3=1  encerra2=0",38,1.22835420882787,0.808510638297872,0.0642978003384095,NA,NA,NA,NA,NA,NA,NA,NA
"4623","sexo2=1,raca3=1,fxet3=1,mumigual=1,hiv3=0,cavitacao=1,tipores3=1  encerra2=0",37,1.22202973063597,0.804347826086957,0.0626057529610829,NA,NA,NA,NA,NA,NA,NA,NA
"4624","sexo2=1,raca3=1,mumigual=1,hiv3=0,pdres5=1,cavitacao=1,tipores3=1  encerra2=0",42,1.22711093533716,0.807692307692308,0.0710659898477157,NA,NA,NA,NA,NA,NA,NA,NA
"4625","sexo2=1,raca3=1,fxet3=1,mumigual=1,hiv3=0,comdrogas=0,tipores3=1  encerra2=0",36,1.24304744099089,0.818181818181818,0.0609137055837563,NA,NA,NA,NA,NA,NA,NA,NA
"4626","sexo2=1,raca3=1,mumigual=1,hiv3=0,comdrogas=0,pdres5=1,tipores3=1  encerra2=0",42,1.22711093533716,0.807692307692308,0.0710659898477157,NA,NA,NA,NA,NA,NA,NA,NA
"4627","sexo2=1,raca3=1,mumigual=1,comdrogas=0,pdres5=1,cavitacao=1,tipores3=1  encerra2=0",37,1.22202973063597,0.804347826086957,0.0626057529610829,NA,NA,NA,NA,NA,NA,NA,NA
"4628","sexo2=1,raca3=1,mumigual=1,hiv3=0,comtabagis=0,comdrogas=0,cavitacao=1  encerra2=0",29,1.2958566460003,0.852941176470588,0.0490693739424704,NA,NA,NA,NA,NA,NA,NA,NA
"4629","sexo2=1,raca3=1,fxet3=1,mumigual=1,hiv3=0,comtabagis=0,cavitacao=1  encerra2=0",33,1.28554478940083,0.846153846153846,0.0558375634517767,NA,NA,NA,NA,NA,NA,NA,NA
"4630","sexo2=1,raca3=1,mumigual=1,hiv3=0,comtabagis=0,pdres5=1,cavitacao=1  encerra2=0",36,1.30224017627617,0.857142857142857,0.0609137055837563,NA,NA,NA,NA,NA,NA,NA,NA
"4631","sexo2=1,raca3=1,fxet3=1,mumigual=1,hiv3=0,comtabagis=0,comdrogas=0  encerra2=0",34,1.25989090225092,0.829268292682927,0.0575296108291032,NA,NA,NA,NA,NA,NA,NA,NA
"4632","sexo2=1,raca3=1,mumigual=1,hiv3=0,comtabagis=0,comdrogas=0,pdres5=1  encerra2=0",38,1.28294772922022,0.844444444444444,0.0642978003384095,NA,NA,NA,NA,NA,NA,NA,NA
"4633","sexo2=1,raca3=1,fxet3=1,mumigual=1,hiv3=0,comtabagis=0,pdres5=1  encerra2=0",41,1.24580976863753,0.82,0.0693739424703892,NA,NA,NA,NA,NA,NA,NA,NA
"4634","sexo2=1,raca3=1,fxet3=1,mumigual=1,comtabagis=0,comdrogas=0,cavitacao=1  encerra2=0",31,1.23941279935056,0.815789473684211,0.0524534686971235,NA,NA,NA,NA,NA,NA,NA,NA
"4635","sexo2=1,raca3=1,mumigual=1,comtabagis=0,comdrogas=0,pdres5=1,cavitacao=1  encerra2=0",34,1.25989090225092,0.829268292682927,0.0575296108291032,NA,NA,NA,NA,NA,NA,NA,NA
"4636","sexo2=1,raca3=1,fxet3=1,mumigual=1,comtabagis=0,pdres5=1,cavitacao=1  encerra2=0",38,1.22835420882787,0.808510638297872,0.0642978003384095,NA,NA,NA,NA,NA,NA,NA,NA
"4637","sexo2=1,raca3=1,fxet3=1,mumigual=1,hiv3=0,comdrogas=0,cavitacao=1  encerra2=0",34,1.25989090225092,0.829268292682927,0.0575296108291032,NA,NA,NA,NA,NA,NA,NA,NA
"4638","sexo2=1,raca3=1,mumigual=1,hiv3=0,comdrogas=0,pdres5=1,cavitacao=1  encerra2=0",39,1.2606793195865,0.829787234042553,0.065989847715736,NA,NA,NA,NA,NA,NA,NA,NA
"4639","sexo2=1,raca3=1,mumigual=1,hiv3=0,comdiab=0,pdres5=1,cavitacao=1  encerra2=0",44,1.23793201942302,0.814814814814815,0.0744500846023689,NA,NA,NA,NA,NA,NA,NA,NA
"4640","sexo2=1,raca3=1,fxet3=1,mumigual=1,hiv3=0,pdres5=1,cavitacao=1  encerra2=0",44,1.23793201942302,0.814814814814815,0.0744500846023689,NA,NA,NA,NA,NA,NA,NA,NA
"4641","sexo2=1,raca3=1,fxet3=1,mumigual=1,hiv3=0,comdrogas=0,pdres5=1  encerra2=0",42,1.25117193406926,0.823529411764706,0.0710659898477157,NA,NA,NA,NA,NA,NA,NA,NA
"4642","sexo2=1,raca3=1,fxet3=1,mumigual=1,comdrogas=0,pdres5=1,cavitacao=1  encerra2=0",40,1.24022873931063,0.816326530612245,0.0676818950930626,NA,NA,NA,NA,NA,NA,NA,NA
"4643","raca3=1,fxet3=1,mumigual=1,hiv3=0,alcool=0,comtabagis=0,pdres5=1  encerra2=0",44,1.17277770261128,0.771929824561403,0.0744500846023689,NA,NA,NA,NA,NA,NA,NA,NA
"4644","raca3=1,fxet3=1,mumigual=1,hiv3=0,alcool=0,comdrogas=0,pdres5=1  encerra2=0",46,1.20494637000266,0.793103448275862,0.077834179357022,NA,NA,NA,NA,NA,NA,NA,NA
"4645","raca3=1,mumigual=1,hiv3=0,comdiab=0,comtabagis=0,cavitacao=1,tipores3=1  encerra2=0",36,1.13946015424165,0.75,0.0609137055837563,NA,NA,NA,NA,NA,NA,NA,NA
"4646","raca3=1,mumigual=1,hiv3=0,comdiab=0,comtabagis=0,pdres5=1,cavitacao=1  encerra2=0",41,1.15352756355327,0.759259259259259,0.0693739424703892,NA,NA,NA,NA,NA,NA,NA,NA
"4647","raca3=1,fxet3=1,mumigual=1,hiv3=0,comtabagis=0,pdres5=1,cavitacao=1  encerra2=0",43,1.18780088805796,0.781818181818182,0.0727580372250423,NA,NA,NA,NA,NA,NA,NA,NA
"4648","raca3=1,fxet3=1,mumigual=1,comdiab=0,comtabagis=0,pdres5=1,cavitacao=1  encerra2=0",46,1.10931570571673,0.73015873015873,0.077834179357022,NA,NA,NA,NA,NA,NA,NA,NA
"4649","raca3=1,mumigual=1,hiv3=0,comdiab=0,comdrogas=0,pdres5=1,cavitacao=1  encerra2=0",47,1.15171241396467,0.758064516129032,0.0795262267343486,NA,NA,NA,NA,NA,NA,NA,NA
"4650","raca3=1,fxet3=1,mumigual=1,hiv3=0,comdiab=0,pdres5=1,cavitacao=1  encerra2=0",53,1.15031215571061,0.757142857142857,0.089678510998308,NA,NA,NA,NA,NA,NA,NA,NA
"4651","sexo2=1,mumigual=1,hiv3=0,alcool=0,pdres5=1,cavitacao=1,bilateral=1  encerra2=0",33,1.13946015424165,0.75,0.0558375634517767,NA,NA,NA,NA,NA,NA,NA,NA
"4652","sexo2=1,mumigual=1,hiv3=0,alcool=0,comdrogas=0,pdres5=1,bilateral=1  encerra2=0",42,1.20395789882136,0.792452830188679,0.0710659898477157,NA,NA,NA,NA,NA,NA,NA,NA
"4653","sexo2=1,fxet3=1,mumigual=1,alcool=0,comdiab=0,comdrogas=0,bilateral=1  encerra2=0",41,1.19789400830532,0.788461538461538,0.0693739424703892,NA,NA,NA,NA,NA,NA,NA,NA
"4654","sexo2=1,mumigual=1,alcool=0,comdiab=0,comdrogas=0,pdres5=1,bilateral=1  encerra2=0",48,1.21542416452442,0.8,0.0812182741116751,NA,NA,NA,NA,NA,NA,NA,NA
"4655","sexo2=1,fxet3=1,mumigual=1,alcool=0,comdrogas=0,pdres5=1,bilateral=1  encerra2=0",44,1.21542416452442,0.8,0.0744500846023689,NA,NA,NA,NA,NA,NA,NA,NA
"4656","fxet3=1,mumigual=1,alcool=0,comdiab=0,comdrogas=0,bilateral=1,tipores3=1  encerra2=0",57,1.20276349614396,0.791666666666667,0.0964467005076142,NA,NA,NA,NA,NA,NA,NA,NA
"4657","mumigual=1,alcool=0,comdiab=0,comdrogas=0,pdres5=1,bilateral=1,tipores3=1  encerra2=0",64,1.18577967270675,0.780487804878049,0.1082910321489,NA,NA,NA,NA,NA,NA,NA,NA
"4658","fxet3=1,mumigual=1,hiv3=0,alcool=0,comtabagis=0,pdres5=1,bilateral=1  encerra2=0",52,1.12860815277268,0.742857142857143,0.0879864636209814,NA,NA,NA,NA,NA,NA,NA,NA
"4659","fxet3=1,mumigual=1,alcool=0,comdiab=0,comtabagis=0,pdres5=1,bilateral=1  encerra2=0",59,1.12046915167095,0.7375,0.0998307952622673,NA,NA,NA,NA,NA,NA,NA,NA
"4660","fxet3=1,mumigual=1,hiv3=0,alcool=0,comdrogas=0,pdres5=1,bilateral=1  encerra2=0",57,1.20276349614396,0.791666666666667,0.0964467005076142,NA,NA,NA,NA,NA,NA,NA,NA
"4661","fxet3=1,mumigual=1,alcool=0,comdiab=0,comdrogas=0,pdres5=1,bilateral=1  encerra2=0",63,1.21157788552276,0.79746835443038,0.106598984771574,NA,NA,NA,NA,NA,NA,NA,NA
"4662","sexo2=1,fxet3=1,escol4=1,mumigual=1,hiv3=0,alcool=0,comdrogas=0  encerra2=0",38,1.2550575611937,0.826086956521739,0.0642978003384095,NA,NA,NA,NA,NA,NA,NA,NA
"4663","sexo2=1,escol4=1,mumigual=1,hiv3=0,alcool=0,comdrogas=0,pdres5=1  encerra2=0",46,1.27067071745735,0.836363636363636,0.077834179357022,NA,NA,NA,NA,NA,NA,NA,NA
"4664","sexo2=1,escol4=1,mumigual=1,hiv3=0,comtabagis=0,cavitacao=1,tipores3=1  encerra2=0",37,1.19602909806924,0.787234042553192,0.0626057529610829,NA,NA,NA,NA,NA,NA,NA,NA
"4665","sexo2=1,fxet3=1,escol4=1,mumigual=1,hiv3=0,comtabagis=0,tipores3=1  encerra2=0",43,1.16659015791407,0.767857142857143,0.0727580372250423,NA,NA,NA,NA,NA,NA,NA,NA
"4666","sexo2=1,escol4=1,mumigual=1,hiv3=0,comtabagis=0,pdres5=1,tipores3=1  encerra2=0",47,1.17059294534114,0.770491803278688,0.0795262267343486,NA,NA,NA,NA,NA,NA,NA,NA
"4667","sexo2=1,escol4=1,mumigual=1,comtabagis=0,pdres5=1,cavitacao=1,tipores3=1  encerra2=0",40,1.10493105865857,0.727272727272727,0.0676818950930626,NA,NA,NA,NA,NA,NA,NA,NA
"4668","sexo2=1,fxet3=1,escol4=1,mumigual=1,hiv3=0,comtabagis=0,cavitacao=1  encerra2=0",36,1.16370398731062,0.765957446808511,0.0609137055837563,NA,NA,NA,NA,NA,NA,NA,NA
"4669","sexo2=1,escol4=1,mumigual=1,hiv3=0,comtabagis=0,pdres5=1,cavitacao=1  encerra2=0",41,1.17529223456371,0.773584905660377,0.0693739424703892,NA,NA,NA,NA,NA,NA,NA,NA
"4670","sexo2=1,escol4=1,mumigual=1,hiv3=0,comtabagis=0,comdrogas=0,pdres5=1  encerra2=0",46,1.22608578000271,0.807017543859649,0.077834179357022,NA,NA,NA,NA,NA,NA,NA,NA
"4671","sexo2=1,fxet3=1,escol4=1,mumigual=1,hiv3=0,comtabagis=0,pdres5=1  encerra2=0",49,1.16319890745501,0.765625,0.0829103214890017,NA,NA,NA,NA,NA,NA,NA,NA
"4672","sexo2=1,fxet3=1,escol4=1,mumigual=1,hiv3=0,comdrogas=0,pdres5=1  encerra2=0",55,1.24717031807543,0.82089552238806,0.0930626057529611,NA,NA,NA,NA,NA,NA,NA,NA
"4673","sexo2=1,fxet3=1,escol4=1,mumigual=1,comdrogas=0,pdres5=1,cavitacao=1  encerra2=0",45,1.17875188369825,0.775862068965517,0.0761421319796954,NA,NA,NA,NA,NA,NA,NA,NA
"4674","sexo2=1,mumigual=1,hiv3=0,alcool=0,comtabagis=0,cavitacao=1,tipores3=1  encerra2=0",37,1.22202973063597,0.804347826086957,0.0626057529610829,NA,NA,NA,NA,NA,NA,NA,NA
"4675","sexo2=1,mumigual=1,hiv3=0,alcool=0,comtabagis=0,pdres5=1,tipores3=1  encerra2=0",48,1.19549917822074,0.786885245901639,0.0812182741116751,NA,NA,NA,NA,NA,NA,NA,NA
"4676","sexo2=1,mumigual=1,hiv3=0,alcool=0,comdrogas=0,cavitacao=1,tipores3=1  encerra2=0",37,1.19602909806924,0.787234042553192,0.0626057529610829,NA,NA,NA,NA,NA,NA,NA,NA
"4677","sexo2=1,mumigual=1,hiv3=0,alcool=0,comdiab=0,cavitacao=1,tipores3=1  encerra2=0",36,1.13946015424165,0.75,0.0609137055837563,NA,NA,NA,NA,NA,NA,NA,NA
"4678","sexo2=1,mumigual=1,hiv3=0,alcool=0,pdres5=1,cavitacao=1,tipores3=1  encerra2=0",40,1.14662657030606,0.754716981132076,0.0676818950930626,NA,NA,NA,NA,NA,NA,NA,NA
"4679","sexo2=1,mumigual=1,hiv3=0,alcool=0,comtabagis=0,pdres5=1,cavitacao=1  encerra2=0",44,1.21542416452442,0.8,0.0744500846023689,NA,NA,NA,NA,NA,NA,NA,NA
"4680","sexo2=1,mumigual=1,hiv3=0,alcool=0,comtabagis=0,comdrogas=0,pdres5=1  encerra2=0",56,1.25117193406926,0.823529411764706,0.0947546531302876,NA,NA,NA,NA,NA,NA,NA,NA
"4681","sexo2=1,fxet3=1,mumigual=1,hiv3=0,alcool=0,comdrogas=0,pdres5=1  encerra2=0",52,1.23441516709512,0.8125,0.0879864636209814,NA,NA,NA,NA,NA,NA,NA,NA
"4682","sexo2=1,mumigual=1,hiv3=0,comtabagis=0,comdrogas=0,cavitacao=1,tipores3=1  encerra2=0",40,1.24022873931063,0.816326530612245,0.0676818950930626,NA,NA,NA,NA,NA,NA,NA,NA
"4683","sexo2=1,fxet3=1,mumigual=1,hiv3=0,comtabagis=0,cavitacao=1,tipores3=1  encerra2=0",44,1.19372016158649,0.785714285714286,0.0744500846023689,NA,NA,NA,NA,NA,NA,NA,NA
"4684","sexo2=1,mumigual=1,hiv3=0,comtabagis=0,pdres5=1,cavitacao=1,tipores3=1  encerra2=0",48,1.19549917822074,0.786885245901639,0.0812182741116751,NA,NA,NA,NA,NA,NA,NA,NA
"4685","sexo2=1,fxet3=1,mumigual=1,hiv3=0,comtabagis=0,comdrogas=0,tipores3=1  encerra2=0",46,1.22608578000271,0.807017543859649,0.077834179357022,NA,NA,NA,NA,NA,NA,NA,NA
"4686","sexo2=1,mumigual=1,hiv3=0,comtabagis=0,comdrogas=0,pdres5=1,tipores3=1  encerra2=0",51,1.22989349981638,0.80952380952381,0.0862944162436548,NA,NA,NA,NA,NA,NA,NA,NA
"4687","sexo2=1,fxet3=1,mumigual=1,hiv3=0,comtabagis=0,pdres5=1,tipores3=1  encerra2=0",56,1.16547522625629,0.767123287671233,0.0947546531302876,NA,NA,NA,NA,NA,NA,NA,NA
"4688","sexo2=1,fxet3=1,mumigual=1,hiv3=0,comdrogas=0,cavitacao=1,tipores3=1  encerra2=0",46,1.22608578000271,0.807017543859649,0.077834179357022,NA,NA,NA,NA,NA,NA,NA,NA
"4689","sexo2=1,mumigual=1,hiv3=0,comdrogas=0,pdres5=1,cavitacao=1,tipores3=1  encerra2=0",53,1.20181867014542,0.791044776119403,0.089678510998308,NA,NA,NA,NA,NA,NA,NA,NA
"4690","sexo2=1,mumigual=1,hiv3=0,comdiab=0,pdres5=1,cavitacao=1,tipores3=1  encerra2=0",59,1.13465230548957,0.746835443037975,0.0998307952622673,NA,NA,NA,NA,NA,NA,NA,NA
"4691","sexo2=1,fxet3=1,mumigual=1,hiv3=0,comtabagis=0,comdrogas=0,cavitacao=1  encerra2=0",42,1.22711093533716,0.807692307692308,0.0710659898477157,NA,NA,NA,NA,NA,NA,NA,NA
"4692","sexo2=1,mumigual=1,hiv3=0,comtabagis=0,comdrogas=0,pdres5=1,cavitacao=1  encerra2=0",47,1.23114085630706,0.810344827586207,0.0795262267343486,NA,NA,NA,NA,NA,NA,NA,NA
"4693","sexo2=1,fxet3=1,mumigual=1,hiv3=0,comtabagis=0,pdres5=1,cavitacao=1  encerra2=0",51,1.17398924982473,0.772727272727273,0.0862944162436548,NA,NA,NA,NA,NA,NA,NA,NA
"4694","sexo2=1,fxet3=1,mumigual=1,hiv3=0,comdrogas=0,pdres5=1,cavitacao=1  encerra2=0",56,1.23303900748854,0.811594202898551,0.0947546531302876,NA,NA,NA,NA,NA,NA,NA,NA
"4695","fxet3=1,mumigual=1,hiv3=0,alcool=0,comtabagis=0,pdres5=1,cavitacao=1  encerra2=0",57,1.12466197042033,0.74025974025974,0.0964467005076142,NA,NA,NA,NA,NA,NA,NA,NA
"4696","fxet3=1,mumigual=1,hiv3=0,comdiab=0,comtabagis=0,cavitacao=1,tipores3=1  encerra2=0",52,1.11271226329701,0.732394366197183,0.0879864636209814,NA,NA,NA,NA,NA,NA,NA,NA
"4697","mumigual=1,hiv3=0,comdiab=0,comtabagis=0,pdres5=1,cavitacao=1,tipores3=1  encerra2=0",56,1.10493105865857,0.727272727272727,0.0947546531302876,NA,NA,NA,NA,NA,NA,NA,NA
"4698","fxet3=1,mumigual=1,hiv3=0,comtabagis=0,pdres5=1,cavitacao=1,tipores3=1  encerra2=0",59,1.12046915167095,0.7375,0.0998307952622673,NA,NA,NA,NA,NA,NA,NA,NA
"4699","sexo2=1,raca3=1,mumigual=0,alcool=0,comdiab=0,bilateral=1,tipores3=1  encerra2=0",24,1.10493105865857,0.727272727272727,0.0406091370558376,NA,NA,NA,NA,NA,NA,NA,NA
"4700","sexo2=1,raca3=1,mumigual=0,hiv3=0,alcool=0,comtabagis=0,bilateral=1  encerra2=0",26,1.19700864688011,0.787878787878788,0.0439932318104907,NA,NA,NA,NA,NA,NA,NA,NA
"4701","sexo2=1,raca3=1,mumigual=0,alcool=0,comtabagis=0,comdrogas=0,bilateral=1  encerra2=0",30,1.199431741307,0.789473684210526,0.050761421319797,NA,NA,NA,NA,NA,NA,NA,NA
"4702","sexo2=1,raca3=1,mumigual=0,alcool=0,comtabagis=0,pdres5=1,bilateral=1  encerra2=0",32,1.18577967270675,0.780487804878049,0.0541455160744501,NA,NA,NA,NA,NA,NA,NA,NA
"4703","sexo2=1,raca3=1,mumigual=0,alcool=0,comdiab=0,pdres5=1,bilateral=1  encerra2=0",31,1.1213734851267,0.738095238095238,0.0524534686971235,NA,NA,NA,NA,NA,NA,NA,NA
"4704","sexo2=1,mumigual=0,alcool=0,comtabagis=0,comdrogas=0,bilateral=1,tipores3=1  encerra2=0",33,1.19372016158649,0.785714285714286,0.0558375634517767,NA,NA,NA,NA,NA,NA,NA,NA
"4705","sexo2=1,mumigual=0,alcool=0,comtabagis=0,pdres5=1,bilateral=1,tipores3=1  encerra2=0",36,1.16370398731062,0.765957446808511,0.0609137055837563,NA,NA,NA,NA,NA,NA,NA,NA
"4706","sexo2=1,mumigual=0,alcool=0,comtabagis=0,comdrogas=0,ppl=0,bilateral=1  encerra2=0",49,1.18166238217652,0.777777777777778,0.0829103214890017,NA,NA,NA,NA,NA,NA,NA,NA
"4707","sexo2=1,mumigual=0,alcool=0,comtabagis=0,ppl=0,pdres5=1,bilateral=1  encerra2=0",53,1.16698334637309,0.768115942028985,0.089678510998308,NA,NA,NA,NA,NA,NA,NA,NA
"4708","fxet3=1,mumigual=0,alcool=0,comtabagis=0,comdrogas=0,ppl=0,pdres5=1  encerra2=0",126,1.11946962521986,0.736842105263158,0.213197969543147,NA,NA,NA,NA,NA,NA,NA,NA
"4709","sexo2=1,raca3=1,escol4=1,alcool=0,comdrogas=0,bilateral=1,tipores3=1  encerra2=0",32,1.15754682335659,0.761904761904762,0.0541455160744501,NA,NA,NA,NA,NA,NA,NA,NA
"4710","sexo2=1,raca3=1,alcool=0,comtabagis=0,comdrogas=0,bilateral=1,tipores3=1  encerra2=0",46,1.22608578000271,0.807017543859649,0.077834179357022,NA,NA,NA,NA,NA,NA,NA,NA
"4711","sexo2=1,raca3=1,alcool=0,comdiab=0,comdrogas=0,bilateral=1,tipores3=1  encerra2=0",45,1.15877303821184,0.76271186440678,0.0761421319796954,NA,NA,NA,NA,NA,NA,NA,NA
"4712","sexo2=1,raca3=1,fxet3=1,alcool=0,comdrogas=0,bilateral=1,tipores3=1  encerra2=0",46,1.18452355017211,0.779661016949153,0.077834179357022,NA,NA,NA,NA,NA,NA,NA,NA
"4713","sexo2=1,raca3=1,alcool=0,comdrogas=0,pdres5=1,bilateral=1,tipores3=1  encerra2=0",50,1.16867708127348,0.769230769230769,0.0846023688663283,NA,NA,NA,NA,NA,NA,NA,NA
"4714","sexo2=1,raca3=1,hiv3=0,alcool=0,comtabagis=0,comdrogas=0,bilateral=1  encerra2=0",45,1.22085016525891,0.803571428571429,0.0761421319796954,NA,NA,NA,NA,NA,NA,NA,NA
"4715","sexo2=1,raca3=1,hiv3=0,alcool=0,comtabagis=0,pdres5=1,bilateral=1  encerra2=0",48,1.19549917822074,0.786885245901639,0.0812182741116751,NA,NA,NA,NA,NA,NA,NA,NA
"4716","sexo2=1,raca3=1,alcool=0,comtabagis=0,comdrogas=0,pdres5=1,bilateral=1  encerra2=0",55,1.22882957810374,0.808823529411765,0.0930626057529611,NA,NA,NA,NA,NA,NA,NA,NA
"4717","sexo2=1,raca3=1,fxet3=1,hiv3=0,alcool=0,comdrogas=0,bilateral=1  encerra2=0",43,1.18780088805796,0.781818181818182,0.0727580372250423,NA,NA,NA,NA,NA,NA,NA,NA
"4718","sexo2=1,raca3=1,hiv3=0,alcool=0,comdrogas=0,pdres5=1,bilateral=1  encerra2=0",48,1.17621693341073,0.774193548387097,0.0812182741116751,NA,NA,NA,NA,NA,NA,NA,NA
"4719","sexo2=1,raca3=1,fxet3=1,hiv3=0,alcool=0,pdres5=1,bilateral=1  encerra2=0",47,1.15171241396467,0.758064516129032,0.0795262267343486,NA,NA,NA,NA,NA,NA,NA,NA
"4720","sexo2=1,raca3=1,fxet3=1,alcool=0,comdrogas=0,pdres5=1,bilateral=1  encerra2=0",53,1.18414486617269,0.779411764705882,0.089678510998308,NA,NA,NA,NA,NA,NA,NA,NA
"4721","sexo2=1,raca3=1,hiv3=0,comtabagis=0,comdrogas=0,bilateral=1,tipores3=1  encerra2=0",41,1.15352756355327,0.759259259259259,0.0693739424703892,NA,NA,NA,NA,NA,NA,NA,NA
"4722","sexo2=1,raca3=1,hiv3=0,comdiab=0,comtabagis=0,bilateral=1,tipores3=1  encerra2=0",44,1.11413881748072,0.733333333333333,0.0744500846023689,NA,NA,NA,NA,NA,NA,NA,NA
"4723","sexo2=1,raca3=1,fxet3=1,hiv3=0,comtabagis=0,bilateral=1,tipores3=1  encerra2=0",46,1.10931570571673,0.73015873015873,0.077834179357022,NA,NA,NA,NA,NA,NA,NA,NA
"4724","sexo2=1,raca3=1,comdiab=0,comtabagis=0,comdrogas=0,bilateral=1,tipores3=1  encerra2=0",44,1.11413881748072,0.733333333333333,0.0744500846023689,NA,NA,NA,NA,NA,NA,NA,NA
"4725","sexo2=1,raca3=1,fxet3=1,comtabagis=0,comdrogas=0,bilateral=1,tipores3=1  encerra2=0",46,1.14568671246154,0.754098360655738,0.077834179357022,NA,NA,NA,NA,NA,NA,NA,NA
"4726","sexo2=1,raca3=1,comtabagis=0,comdrogas=0,pdres5=1,bilateral=1,tipores3=1  encerra2=0",49,1.12795045571395,0.742424242424242,0.0829103214890017,NA,NA,NA,NA,NA,NA,NA,NA
"4727","sexo2=1,raca3=1,fxet3=1,hiv3=0,comtabagis=0,comdrogas=0,bilateral=1  encerra2=0",44,1.15255739739385,0.758620689655172,0.0744500846023689,NA,NA,NA,NA,NA,NA,NA,NA
"4728","sexo2=1,raca3=1,hiv3=0,comtabagis=0,comdrogas=0,pdres5=1,bilateral=1  encerra2=0",48,1.15754682335659,0.761904761904762,0.0812182741116751,NA,NA,NA,NA,NA,NA,NA,NA
"4729","sexo2=1,raca3=1,fxet3=1,comtabagis=0,comdrogas=0,pdres5=1,bilateral=1  encerra2=0",53,1.13411057605272,0.746478873239437,0.089678510998308,NA,NA,NA,NA,NA,NA,NA,NA
"4730","sexo2=1,raca3=1,escol4=1,hiv3=0,alcool=0,comtabagis=0,tipores3=1  encerra2=0",45,1.17875188369825,0.775862068965517,0.0761421319796954,NA,NA,NA,NA,NA,NA,NA,NA
"4731","sexo2=1,raca3=1,escol4=1,hiv3=0,alcool=0,comdrogas=0,tipores3=1  encerra2=0",42,1.16017761159149,0.763636363636364,0.0710659898477157,NA,NA,NA,NA,NA,NA,NA,NA
"4732","sexo2=1,raca3=1,escol4=1,hiv3=0,alcool=0,comdiab=0,tipores3=1  encerra2=0",42,1.11946962521986,0.736842105263158,0.0710659898477157,NA,NA,NA,NA,NA,NA,NA,NA
"4733","sexo2=1,raca3=1,escol4=1,hiv3=0,alcool=0,pdres5=1,tipores3=1  encerra2=0",49,1.12795045571395,0.742424242424242,0.0829103214890017,NA,NA,NA,NA,NA,NA,NA,NA
"4734","sexo2=1,raca3=1,escol4=1,hiv3=0,alcool=0,comtabagis=0,comdrogas=0  encerra2=0",46,1.20494637000266,0.793103448275862,0.077834179357022,NA,NA,NA,NA,NA,NA,NA,NA
"4735","sexo2=1,raca3=1,escol4=1,hiv3=0,alcool=0,comdrogas=0,pdres5=1  encerra2=0",47,1.17059294534114,0.770491803278688,0.0795262267343486,NA,NA,NA,NA,NA,NA,NA,NA
"4736","sexo2=1,raca3=1,escol4=1,hiv3=0,comdiab=0,comtabagis=0,tipores3=1  encerra2=0",55,1.14466316864458,0.753424657534247,0.0930626057529611,NA,NA,NA,NA,NA,NA,NA,NA
"4737","sexo2=1,raca3=1,escol4=1,hiv3=0,comtabagis=0,pdres5=1,tipores3=1  encerra2=0",62,1.14872405793467,0.75609756097561,0.104906937394247,NA,NA,NA,NA,NA,NA,NA,NA
"4738","sexo2=1,raca3=1,escol4=1,hiv3=0,comtabagis=0,comdrogas=0,pdres5=1  encerra2=0",55,1.16056126820908,0.763888888888889,0.0930626057529611,NA,NA,NA,NA,NA,NA,NA,NA
"4739","sexo2=1,raca3=1,escol4=1,hiv3=0,comdiab=0,comtabagis=0,ppl=0  encerra2=0",58,1.12972117856437,0.743589743589744,0.0981387478849408,NA,NA,NA,NA,NA,NA,NA,NA
"4740","sexo2=1,raca3=1,escol4=1,hiv3=0,comtabagis=0,ppl=0,pdres5=1  encerra2=0",66,1.13946015424165,0.75,0.111675126903553,NA,NA,NA,NA,NA,NA,NA,NA
"4741","sexo2=1,raca3=1,escol4=1,hiv3=0,comdiab=0,comdrogas=0,pdres5=1  encerra2=0",65,1.13509440652424,0.747126436781609,0.109983079526227,NA,NA,NA,NA,NA,NA,NA,NA
"4742","sexo2=1,raca3=1,escol4=1,hiv3=0,comdiab=0,ppl=0,pdres5=1  encerra2=0",82,1.1223511429167,0.738738738738739,0.138747884940778,NA,NA,NA,NA,NA,NA,NA,NA
"4743","sexo2=1,raca3=1,hiv3=0,alcool=0,comtabagis=0,cavitacao=1,tipores3=1  encerra2=0",51,1.19205062289895,0.784615384615385,0.0862944162436548,NA,NA,NA,NA,NA,NA,NA,NA
"4744","sexo2=1,raca3=1,hiv3=0,alcool=0,comdiab=0,cavitacao=1,tipores3=1  encerra2=0",51,1.12294623896278,0.739130434782609,0.0862944162436548,NA,NA,NA,NA,NA,NA,NA,NA
"4745","sexo2=1,raca3=1,fxet3=1,hiv3=0,alcool=0,cavitacao=1,tipores3=1  encerra2=0",52,1.12860815277268,0.742857142857143,0.0879864636209814,NA,NA,NA,NA,NA,NA,NA,NA
"4746","sexo2=1,raca3=1,hiv3=0,alcool=0,pdres5=1,cavitacao=1,tipores3=1  encerra2=0",56,1.11946962521986,0.736842105263158,0.0947546531302876,NA,NA,NA,NA,NA,NA,NA,NA
"4747","sexo2=1,raca3=1,hiv3=0,alcool=0,comtabagis=0,comdrogas=0,pdres5=1  encerra2=0",71,1.21201005170272,0.797752808988764,0.120135363790186,NA,NA,NA,NA,NA,NA,NA,NA
"4748","sexo2=1,raca3=1,hiv3=0,alcool=0,comtabagis=0,ppl=0,pdres5=1  encerra2=0",73,1.1925532797081,0.78494623655914,0.123519458544839,NA,NA,NA,NA,NA,NA,NA,NA
"4749","sexo2=1,raca3=1,alcool=0,comtabagis=0,comdrogas=0,ppl=0,pdres5=1  encerra2=0",81,1.17201615864855,0.771428571428571,0.137055837563452,NA,NA,NA,NA,NA,NA,NA,NA
"4750","sexo2=1,raca3=1,fxet3=1,hiv3=0,alcool=0,comdrogas=0,pdres5=1  encerra2=0",65,1.17563349247154,0.773809523809524,0.109983079526227,NA,NA,NA,NA,NA,NA,NA,NA
"4751","sexo2=1,raca3=1,hiv3=0,comtabagis=0,comdrogas=0,cavitacao=1,tipores3=1  encerra2=0",55,1.12919474744668,0.743243243243243,0.0930626057529611,NA,NA,NA,NA,NA,NA,NA,NA
"4752","sexo2=1,raca3=1,hiv3=0,comdiab=0,comtabagis=0,cavitacao=1,tipores3=1  encerra2=0",60,1.13946015424165,0.75,0.101522842639594,NA,NA,NA,NA,NA,NA,NA,NA
"4753","sexo2=1,raca3=1,fxet3=1,hiv3=0,comtabagis=0,cavitacao=1,tipores3=1  encerra2=0",61,1.11657942825286,0.734939759036145,0.10321489001692,NA,NA,NA,NA,NA,NA,NA,NA
"4754","sexo2=1,raca3=1,hiv3=0,comtabagis=0,pdres5=1,cavitacao=1,tipores3=1  encerra2=0",65,1.13509440652424,0.747126436781609,0.109983079526227,NA,NA,NA,NA,NA,NA,NA,NA
"4755","sexo2=1,raca3=1,fxet3=1,hiv3=0,comdiab=0,comtabagis=0,tipores3=1  encerra2=0",68,1.11087154822125,0.731182795698925,0.115059221658206,NA,NA,NA,NA,NA,NA,NA,NA
"4756","sexo2=1,raca3=1,fxet3=1,hiv3=0,comtabagis=0,pdres5=1,tipores3=1  encerra2=0",73,1.12027732336216,0.737373737373737,0.123519458544839,NA,NA,NA,NA,NA,NA,NA,NA
"4757","sexo2=1,raca3=1,hiv3=0,comtabagis=0,comdrogas=0,pdres5=1,cavitacao=1  encerra2=0",64,1.14392862543475,0.752941176470588,0.1082910321489,NA,NA,NA,NA,NA,NA,NA,NA
"4758","sexo2=1,raca3=1,fxet3=1,hiv3=0,comtabagis=0,comdrogas=0,pdres5=1  encerra2=0",73,1.14337582487478,0.752577319587629,0.123519458544839,NA,NA,NA,NA,NA,NA,NA,NA
"4759","sexo2=1,raca3=1,fxet3=1,comtabagis=0,comdrogas=0,pdres5=1,cavitacao=1  encerra2=0",73,1.10907455012853,0.73,0.123519458544839,NA,NA,NA,NA,NA,NA,NA,NA
"4760","sexo2=1,alcool=0,comdiab=0,comtabagis=0,comdrogas=0,bilateral=1,tipores3=1  encerra2=0",65,1.18979775141698,0.783132530120482,0.109983079526227,NA,NA,NA,NA,NA,NA,NA,NA
"4761","sexo2=1,alcool=0,comtabagis=0,comdrogas=0,pdres5=1,bilateral=1,tipores3=1  encerra2=0",76,1.20276349614396,0.791666666666667,0.128595600676819,NA,NA,NA,NA,NA,NA,NA,NA
"4762","sexo2=1,alcool=0,comdiab=0,comdrogas=0,pdres5=1,bilateral=1,tipores3=1  encerra2=0",72,1.16370398731062,0.765957446808511,0.121827411167513,NA,NA,NA,NA,NA,NA,NA,NA
"4763","sexo2=1,hiv3=0,alcool=0,comtabagis=0,comdrogas=0,pdres5=1,bilateral=1  encerra2=0",76,1.20276349614396,0.791666666666667,0.128595600676819,NA,NA,NA,NA,NA,NA,NA,NA
"4764","sexo2=1,alcool=0,comdiab=0,comtabagis=0,comdrogas=0,pdres5=1,bilateral=1  encerra2=0",81,1.20648722213821,0.794117647058823,0.137055837563452,NA,NA,NA,NA,NA,NA,NA,NA
"4765","sexo2=1,hiv3=0,comdiab=0,comtabagis=0,comdrogas=0,bilateral=1,tipores3=1  encerra2=0",54,1.10866393385674,0.72972972972973,0.0913705583756345,NA,NA,NA,NA,NA,NA,NA,NA
"4766","sexo2=1,fxet3=1,hiv3=0,comtabagis=0,comdrogas=0,bilateral=1,tipores3=1  encerra2=0",59,1.13465230548957,0.746835443037975,0.0998307952622673,NA,NA,NA,NA,NA,NA,NA,NA
"4767","sexo2=1,hiv3=0,comtabagis=0,comdrogas=0,pdres5=1,bilateral=1,tipores3=1  encerra2=0",64,1.13062712979016,0.744186046511628,0.1082910321489,NA,NA,NA,NA,NA,NA,NA,NA
"4768","sexo2=1,fxet3=1,comdiab=0,comtabagis=0,comdrogas=0,bilateral=1,tipores3=1  encerra2=0",65,1.10958666705179,0.730337078651685,0.109983079526227,NA,NA,NA,NA,NA,NA,NA,NA
"4769","sexo2=1,comdiab=0,comtabagis=0,comdrogas=0,pdres5=1,bilateral=1,tipores3=1  encerra2=0",69,1.11521632117267,0.734042553191489,0.116751269035533,NA,NA,NA,NA,NA,NA,NA,NA
"4770","sexo2=1,fxet3=1,comtabagis=0,comdrogas=0,pdres5=1,bilateral=1,tipores3=1  encerra2=0",73,1.13170872462095,0.744897959183674,0.123519458544839,NA,NA,NA,NA,NA,NA,NA,NA
"4771","sexo2=1,hiv3=0,comdiab=0,comtabagis=0,comdrogas=0,pdres5=1,bilateral=1  encerra2=0",66,1.12665723116028,0.741573033707865,0.111675126903553,NA,NA,NA,NA,NA,NA,NA,NA
"4772","sexo2=1,fxet3=1,hiv3=0,comtabagis=0,comdrogas=0,pdres5=1,bilateral=1  encerra2=0",73,1.13170872462095,0.744897959183674,0.123519458544839,NA,NA,NA,NA,NA,NA,NA,NA
"4773","fxet3=1,alcool=0,comdiab=0,comtabagis=0,comdrogas=0,bilateral=1,tipores3=1  encerra2=0",86,1.11673587766133,0.735042735042735,0.145516074450085,NA,NA,NA,NA,NA,NA,NA,NA
"4774","sexo2=1,hiv3=0,alcool=0,comtabagis=0,pdres5=1,cavitacao=1,tipores3=1  encerra2=0",73,1.15528598971722,0.760416666666667,0.123519458544839,NA,NA,NA,NA,NA,NA,NA,NA
"4775","sexo2=1,hiv3=0,alcool=0,comtabagis=0,ppl=0,pdres5=1,cavitacao=1  encerra2=0",90,1.14903544965544,0.756302521008403,0.152284263959391,NA,NA,NA,NA,NA,NA,NA,NA
"4776","sexo2=1,fxet3=1,hiv3=0,comtabagis=0,comdrogas=0,cavitacao=1,tipores3=1  encerra2=0",72,1.10493105865857,0.727272727272727,0.121827411167513,NA,NA,NA,NA,NA,NA,NA,NA
"4777","sexo2=1,hiv3=0,comtabagis=0,comdrogas=0,pdres5=1,cavitacao=1,tipores3=1  encerra2=0",77,1.11413881748072,0.733333333333333,0.130287648054146,NA,NA,NA,NA,NA,NA,NA,NA
"4778","fxet3=1,comdiab=0,comtabagis=0,comdrogas=0,ppl=0,pdres5=1,cavitacao=1,bilateral=1  encerra2=2",20,1.93453355155483,0.153846153846154,0.0338409475465313,NA,NA,NA,NA,NA,NA,NA,NA
"4779","fxet3=1,hiv3=0,alcool=0,comtabagis=0,comdrogas=0,ppl=0,pdres5=1,cavitacao=1  encerra2=2",20,1.39716312056738,0.111111111111111,0.0338409475465313,NA,NA,NA,NA,NA,NA,NA,NA
"4780","fxet3=1,hiv3=0,alcool=0,comdiab=0,comtabagis=0,ppl=0,pdres5=1,cavitacao=1  encerra2=2",18,1.39716312056738,0.111111111111111,0.0304568527918782,NA,NA,NA,NA,NA,NA,NA,NA
"4781","fxet3=1,hiv3=0,alcool=0,comdiab=0,comtabagis=0,comdrogas=0,ppl=0,pdres5=1  encerra2=2",20,1.36679000925069,0.108695652173913,0.0338409475465313,NA,NA,NA,NA,NA,NA,NA,NA
"4782","fxet3=1,hiv3=0,alcool=0,comdiab=0,comdrogas=0,ppl=0,pdres5=1,cavitacao=1  encerra2=2",18,1.38859156768046,0.110429447852761,0.0304568527918782,NA,NA,NA,NA,NA,NA,NA,NA
"4783","hiv3=2,alcool=0,comdiab=0,comtabagis=0,comdrogas=0,ppl=0,pdres5=1,cavitacao=1  encerra2=0",19,1.1546529562982,0.76,0.0321489001692047,NA,NA,NA,NA,NA,NA,NA,NA
"4784","fxet3=1,hiv3=0,alcool=0,comdiab=1,comdrogas=0,pdres5=1,cavitacao=1,tipores3=1  encerra2=0",18,1.24304744099089,0.818181818181818,0.0304568527918782,NA,NA,NA,NA,NA,NA,NA,NA
"4785","fxet3=1,hiv3=0,comdiab=1,comtabagis=0,comdrogas=0,pdres5=1,cavitacao=1,tipores3=1  encerra2=0",18,1.24304744099089,0.818181818181818,0.0304568527918782,NA,NA,NA,NA,NA,NA,NA,NA
"4786","sexo2=1,fxet3=1,alcool=1,comdiab=0,ppl=0,pdres5=1,cavitacao=1,bilateral=1  encerra2=1",19,2.00089094796864,0.311475409836066,0.0321489001692047,NA,NA,NA,NA,NA,NA,NA,NA
"4787","fxet3=1,escol4=1,mumigual=1,comdiab=0,ppl=0,pdres5=1,bilateral=1,tipores3=1  encerra2=1",18,1.46367638965327,0.227848101265823,0.0304568527918782,NA,NA,NA,NA,NA,NA,NA,NA
"4788","sexo2=1,fxet3=1,escol4=1,mumigual=1,comdiab=0,ppl=0,pdres5=1,tipores3=1  encerra2=1",19,1.50684380032206,0.234567901234568,0.0321489001692047,NA,NA,NA,NA,NA,NA,NA,NA
"4789","fxet3=1,escol4=1,mumigual=1,comdiab=0,comtabagis=0,ppl=0,pdres5=1,tipores3=1  encerra2=1",18,1.48244147157191,0.230769230769231,0.0304568527918782,NA,NA,NA,NA,NA,NA,NA,NA
"4790","sexo2=1,fxet3=1,mumigual=0,hiv3=0,ppl=0,pdres5=1,cavitacao=1,tipores3=1  encerra2=1",22,1.62443778110945,0.252873563218391,0.0372250423011844,NA,NA,NA,NA,NA,NA,NA,NA
"4791","fxet3=1,mumigual=0,hiv3=0,comdiab=0,comtabagis=0,pdres5=1,cavitacao=1,tipores3=1  encerra2=1",19,1.35615942028986,0.211111111111111,0.0321489001692047,NA,NA,NA,NA,NA,NA,NA,NA
"4792","fxet3=1,mumigual=0,hiv3=0,comdiab=0,ppl=0,pdres5=1,cavitacao=1,tipores3=1  encerra2=1",24,1.31772575250836,0.205128205128205,0.0406091370558376,NA,NA,NA,NA,NA,NA,NA,NA
"4793","sexo2=1,raca3=1,fxet3=1,comdiab=0,ppl=0,cavitacao=1,bilateral=1,tipores3=1  encerra2=1",19,1.43593350383632,0.223529411764706,0.0321489001692047,NA,NA,NA,NA,NA,NA,NA,NA
"4794","sexo2=1,raca3=1,fxet3=1,comdiab=0,pdres5=1,cavitacao=1,bilateral=1,tipores3=1  encerra2=1",19,1.38698122529644,0.215909090909091,0.0321489001692047,NA,NA,NA,NA,NA,NA,NA,NA
"4795","sexo2=1,raca3=1,comdiab=0,ppl=0,pdres5=1,cavitacao=1,bilateral=1,tipores3=1  encerra2=1",19,1.37139716658525,0.213483146067416,0.0321489001692047,NA,NA,NA,NA,NA,NA,NA,NA
"4796","sexo2=1,raca3=1,fxet3=1,ppl=0,pdres5=1,cavitacao=1,bilateral=1,tipores3=1  encerra2=1",20,1.44357596482658,0.224719101123595,0.0338409475465313,NA,NA,NA,NA,NA,NA,NA,NA
"4797","sexo2=1,raca3=1,fxet3=1,comdiab=0,ppl=0,pdres5=1,bilateral=1,tipores3=1  encerra2=1",22,1.41326086956522,0.22,0.0372250423011844,NA,NA,NA,NA,NA,NA,NA,NA
"4798","sexo2=1,fxet3=1,escol4=1,ppl=0,pdres5=1,cavitacao=1,bilateral=1,tipores3=1  encerra2=1",20,1.36679000925069,0.212765957446809,0.0338409475465313,NA,NA,NA,NA,NA,NA,NA,NA
"4799","sexo2=1,raca3=1,escol4=1,hiv3=0,alcool=1,comdiab=0,comtabagis=1,ppl=0  encerra2=0",22,1.15255739739385,0.758620689655172,0.0372250423011844,NA,NA,NA,NA,NA,NA,NA,NA
"4800","sexo2=1,raca3=1,hiv3=0,alcool=1,comdiab=0,comtabagis=1,ppl=0,pdres5=1  encerra2=0",24,1.10493105865857,0.727272727272727,0.0406091370558376,NA,NA,NA,NA,NA,NA,NA,NA
"4801","fxet3=1,mumigual=0,hiv3=0,comdiab=0,ppl=0,cavitacao=1,bilateral=0,tipores3=0  encerra2=0",18,1.30224017627617,0.857142857142857,0.0304568527918782,NA,NA,NA,NA,NA,NA,NA,NA
"4802","raca3=0,fxet3=1,mumigual=0,hiv3=0,alcool=0,comdiab=0,comdrogas=0,tipores3=0  encerra2=0",21,1.38716888342461,0.91304347826087,0.0355329949238579,NA,NA,NA,NA,NA,NA,NA,NA
"4803","raca3=0,fxet3=1,mumigual=0,hiv3=0,alcool=0,comdiab=0,ppl=0,tipores3=0  encerra2=0",22,1.28554478940083,0.846153846153846,0.0372250423011844,NA,NA,NA,NA,NA,NA,NA,NA
"4804","raca3=0,fxet3=1,mumigual=0,alcool=0,comdiab=0,comdrogas=0,cavitacao=1,tipores3=0  encerra2=0",18,1.30224017627617,0.857142857142857,0.0304568527918782,NA,NA,NA,NA,NA,NA,NA,NA
"4805","raca3=0,fxet3=1,mumigual=0,alcool=0,comdiab=0,comdrogas=0,ppl=0,tipores3=0  encerra2=0",23,1.3439786434645,0.884615384615385,0.038917089678511,NA,NA,NA,NA,NA,NA,NA,NA
"4806","mumigual=0,alcool=0,comdiab=0,comdrogas=0,ppl=0,pdres5=1,bilateral=1,tipores3=0  encerra2=0",21,1.22711093533716,0.807692307692308,0.0355329949238579,NA,NA,NA,NA,NA,NA,NA,NA
"4807","mumigual=0,hiv3=0,alcool=0,comdiab=0,comtabagis=0,ppl=0,cavitacao=1,tipores3=0  encerra2=0",24,1.25733534261147,0.827586206896552,0.0406091370558376,NA,NA,NA,NA,NA,NA,NA,NA
"4808","fxet3=1,mumigual=0,hiv3=0,alcool=0,comdiab=0,ppl=0,cavitacao=1,tipores3=0  encerra2=0",27,1.24304744099089,0.818181818181818,0.0456852791878173,NA,NA,NA,NA,NA,NA,NA,NA
"4809","sexo2=1,raca3=1,escol4=1,hiv3=0,alcool=1,comdiab=0,comdrogas=0,cavitacao=1  encerra2=0",23,1.12720789451862,0.741935483870968,0.038917089678511,NA,NA,NA,NA,NA,NA,NA,NA
"4810","sexo2=1,fxet3=1,escol4=1,hiv3=0,alcool=1,comdiab=0,comtabagis=0,tipores3=1  encerra2=0",19,1.11024322720981,0.730769230769231,0.0321489001692047,NA,NA,NA,NA,NA,NA,NA,NA
"4811","raca3=0,fxet3=1,escol4=0,mumigual=0,hiv3=0,alcool=0,comdiab=0,tipores3=1  encerra2=0",19,1.37458685273595,0.904761904761905,0.0321489001692047,NA,NA,NA,NA,NA,NA,NA,NA
"4812","raca3=0,fxet3=1,escol4=0,mumigual=0,hiv3=0,alcool=0,comdiab=0,comtabagis=0  encerra2=0",33,1.35503369693601,0.891891891891892,0.0558375634517767,NA,NA,NA,NA,NA,NA,NA,NA
"4813","raca3=0,fxet3=1,escol4=0,mumigual=0,hiv3=0,alcool=0,comdiab=0,comdrogas=0  encerra2=0",34,1.39609532411589,0.918918918918919,0.0575296108291032,NA,NA,NA,NA,NA,NA,NA,NA
"4814","raca3=0,fxet3=1,escol4=0,mumigual=0,hiv3=0,comdiab=0,comtabagis=0,comdrogas=0  encerra2=0",31,1.38522606986239,0.911764705882353,0.0524534686971235,NA,NA,NA,NA,NA,NA,NA,NA
"4815","sexo2=1,fxet3=1,escol4=0,mumigual=0,hiv3=0,alcool=0,comdrogas=0,cavitacao=1  encerra2=0",30,1.30224017627617,0.857142857142857,0.050761421319797,NA,NA,NA,NA,NA,NA,NA,NA
"4816","sexo2=1,fxet3=1,escol4=0,mumigual=0,hiv3=0,alcool=0,ppl=0,cavitacao=1  encerra2=0",30,1.30224017627617,0.857142857142857,0.050761421319797,NA,NA,NA,NA,NA,NA,NA,NA
"4817","sexo2=1,escol4=0,hiv3=0,comtabagis=0,comdrogas=0,cavitacao=1,bilateral=1,tipores3=1  encerra2=0",23,1.20494637000266,0.793103448275862,0.038917089678511,NA,NA,NA,NA,NA,NA,NA,NA
"4818","sexo2=0,mumigual=0,hiv3=0,comdiab=0,comtabagis=0,comdrogas=0,bilateral=0,tipores3=1  encerra2=0",19,1.31210563215705,0.863636363636364,0.0321489001692047,NA,NA,NA,NA,NA,NA,NA,NA
"4819","sexo2=0,fxet3=1,mumigual=0,hiv3=0,comtabagis=0,comdrogas=0,bilateral=0,tipores3=1  encerra2=0",24,1.35047129391602,0.888888888888889,0.0406091370558376,NA,NA,NA,NA,NA,NA,NA,NA
"4820","sexo2=0,fxet3=1,comtabagis=0,comdrogas=0,pdres5=1,cavitacao=1,bilateral=0,tipores3=1  encerra2=0",24,1.25733534261147,0.827586206896552,0.0406091370558376,NA,NA,NA,NA,NA,NA,NA,NA
"4821","sexo2=0,fxet3=1,mumigual=1,alcool=0,comdiab=0,comdrogas=0,bilateral=1,tipores3=1  encerra2=0",20,1.21542416452442,0.8,0.0338409475465313,NA,NA,NA,NA,NA,NA,NA,NA
"4822","sexo2=0,fxet3=1,mumigual=0,alcool=0,comtabagis=0,comdrogas=0,pdres5=1,tipores3=1  encerra2=0",40,1.14662657030606,0.754716981132076,0.0676818950930626,NA,NA,NA,NA,NA,NA,NA,NA
"4823","raca3=0,fxet3=1,mumigual=0,hiv3=0,alcool=0,comdiab=0,comdrogas=0,bilateral=0  encerra2=0",26,1.31670951156812,0.866666666666667,0.0439932318104907,NA,NA,NA,NA,NA,NA,NA,NA
"4824","fxet3=1,mumigual=0,hiv3=0,alcool=0,comdrogas=0,ppl=0,cavitacao=1,bilateral=0  encerra2=0",41,1.22138212611523,0.803921568627451,0.0693739424703892,NA,NA,NA,NA,NA,NA,NA,NA
"4825","fxet3=1,mumigual=0,hiv3=0,comdiab=0,comdrogas=0,ppl=0,cavitacao=1,bilateral=0  encerra2=0",43,1.18780088805796,0.781818181818182,0.0727580372250423,NA,NA,NA,NA,NA,NA,NA,NA
"4826","sexo2=1,raca3=1,escol4=1,hiv3=0,alcool=0,comtabagis=0,bilateral=0,tipores3=1  encerra2=0",19,1.20276349614396,0.791666666666667,0.0321489001692047,NA,NA,NA,NA,NA,NA,NA,NA
"4827","sexo2=1,raca3=1,escol4=1,hiv3=0,alcool=0,comtabagis=0,ppl=0,bilateral=0  encerra2=0",20,1.26606683804627,0.833333333333333,0.0338409475465313,NA,NA,NA,NA,NA,NA,NA,NA
"4828","sexo2=1,raca3=1,escol4=1,hiv3=0,comtabagis=0,cavitacao=1,bilateral=0,tipores3=1  encerra2=0",22,1.23793201942302,0.814814814814815,0.0372250423011844,NA,NA,NA,NA,NA,NA,NA,NA
"4829","sexo2=1,raca3=1,escol4=1,hiv3=0,comdiab=0,cavitacao=1,bilateral=0,tipores3=1  encerra2=0",25,1.30972431522028,0.862068965517241,0.0423011844331641,NA,NA,NA,NA,NA,NA,NA,NA
"4830","sexo2=1,raca3=1,escol4=1,hiv3=0,pdres5=1,cavitacao=1,bilateral=0,tipores3=1  encerra2=0",27,1.24304744099089,0.818181818181818,0.0456852791878173,NA,NA,NA,NA,NA,NA,NA,NA
"4831","sexo2=1,raca3=1,escol4=1,hiv3=0,comtabagis=0,ppl=0,cavitacao=1,bilateral=0  encerra2=0",22,1.28554478940083,0.846153846153846,0.0372250423011844,NA,NA,NA,NA,NA,NA,NA,NA
"4832","sexo2=1,raca3=1,escol4=1,hiv3=0,comtabagis=0,pdres5=1,cavitacao=1,bilateral=0  encerra2=0",24,1.25733534261147,0.827586206896552,0.0406091370558376,NA,NA,NA,NA,NA,NA,NA,NA
"4833","sexo2=1,raca3=1,escol4=1,hiv3=0,comdiab=0,comdrogas=0,cavitacao=1,bilateral=0  encerra2=0",21,1.27619537275064,0.84,0.0355329949238579,NA,NA,NA,NA,NA,NA,NA,NA
"4834","sexo2=1,raca3=1,escol4=1,hiv3=0,comdrogas=0,pdres5=1,cavitacao=1,bilateral=0  encerra2=0",23,1.24798016893133,0.821428571428571,0.038917089678511,NA,NA,NA,NA,NA,NA,NA,NA
"4835","sexo2=1,raca3=1,escol4=1,hiv3=0,comdiab=0,ppl=0,cavitacao=1,bilateral=0  encerra2=0",28,1.37225308897919,0.903225806451613,0.0473773265651438,NA,NA,NA,NA,NA,NA,NA,NA
"4836","sexo2=1,raca3=1,escol4=1,hiv3=0,ppl=0,pdres5=1,cavitacao=1,bilateral=0  encerra2=0",30,1.30224017627617,0.857142857142857,0.050761421319797,NA,NA,NA,NA,NA,NA,NA,NA
"4837","sexo2=1,raca3=1,hiv3=0,alcool=0,comtabagis=0,cavitacao=1,bilateral=0,tipores3=1  encerra2=0",19,1.2550575611937,0.826086956521739,0.0321489001692047,NA,NA,NA,NA,NA,NA,NA,NA
"4838","sexo2=1,raca3=1,fxet3=1,hiv3=0,alcool=0,cavitacao=1,bilateral=0,tipores3=1  encerra2=0",19,1.1546529562982,0.76,0.0321489001692047,NA,NA,NA,NA,NA,NA,NA,NA
"4839","sexo2=1,raca3=1,hiv3=0,alcool=0,comtabagis=0,ppl=0,cavitacao=1,bilateral=0  encerra2=0",20,1.26606683804627,0.833333333333333,0.0338409475465313,NA,NA,NA,NA,NA,NA,NA,NA
"4840","sexo2=1,raca3=1,fxet3=1,hiv3=0,alcool=0,comtabagis=0,ppl=0,bilateral=0  encerra2=0",25,1.22522597230284,0.806451612903226,0.0423011844331641,NA,NA,NA,NA,NA,NA,NA,NA
"4841","sexo2=1,raca3=1,hiv3=0,comdiab=0,comtabagis=0,cavitacao=1,bilateral=0,tipores3=1  encerra2=0",25,1.22522597230284,0.806451612903226,0.0423011844331641,NA,NA,NA,NA,NA,NA,NA,NA
"4842","sexo2=1,raca3=1,hiv3=0,comtabagis=0,pdres5=1,cavitacao=1,bilateral=0,tipores3=1  encerra2=0",27,1.24304744099089,0.818181818181818,0.0456852791878173,NA,NA,NA,NA,NA,NA,NA,NA
"4843","sexo2=1,raca3=1,fxet3=1,hiv3=0,comdiab=0,cavitacao=1,bilateral=0,tipores3=1  encerra2=0",29,1.2238646101114,0.805555555555556,0.0490693739424704,NA,NA,NA,NA,NA,NA,NA,NA
"4844","sexo2=1,raca3=1,fxet3=1,hiv3=0,pdres5=1,cavitacao=1,bilateral=0,tipores3=1  encerra2=0",31,1.17744215938303,0.775,0.0524534686971235,NA,NA,NA,NA,NA,NA,NA,NA
"4845","sexo2=1,raca3=1,hiv3=0,comtabagis=0,ppl=0,pdres5=1,cavitacao=1,bilateral=0  encerra2=0",30,1.26606683804627,0.833333333333333,0.050761421319797,NA,NA,NA,NA,NA,NA,NA,NA
"4846","sexo2=1,raca3=1,fxet3=1,hiv3=0,comdiab=0,ppl=0,cavitacao=1,bilateral=0  encerra2=0",32,1.24658888669171,0.82051282051282,0.0541455160744501,NA,NA,NA,NA,NA,NA,NA,NA
"4847","sexo2=1,raca3=1,fxet3=1,hiv3=0,ppl=0,pdres5=1,cavitacao=1,bilateral=0  encerra2=0",36,1.21542416452442,0.8,0.0609137055837563,NA,NA,NA,NA,NA,NA,NA,NA
"4848","raca3=1,fxet3=1,hiv3=0,comtabagis=0,ppl=0,pdres5=1,cavitacao=1,bilateral=0  encerra2=0",44,1.19372016158649,0.785714285714286,0.0744500846023689,NA,NA,NA,NA,NA,NA,NA,NA
"4849","sexo2=1,escol4=1,hiv3=0,comtabagis=0,pdres5=1,cavitacao=1,bilateral=0,tipores3=1  encerra2=0",24,1.17621693341073,0.774193548387097,0.0406091370558376,NA,NA,NA,NA,NA,NA,NA,NA
"4850","sexo2=1,escol4=1,hiv3=0,comdiab=0,ppl=0,cavitacao=1,bilateral=0,tipores3=1  encerra2=0",27,1.17201615864855,0.771428571428571,0.0456852791878173,NA,NA,NA,NA,NA,NA,NA,NA
"4851","sexo2=1,hiv3=0,alcool=0,comtabagis=0,ppl=0,cavitacao=1,bilateral=0,tipores3=1  encerra2=0",18,1.18900190007824,0.782608695652174,0.0304568527918782,NA,NA,NA,NA,NA,NA,NA,NA
"4852","fxet3=1,hiv3=0,alcool=0,comtabagis=0,ppl=0,cavitacao=1,bilateral=0,tipores3=1  encerra2=0",37,1.19602909806924,0.787234042553192,0.0626057529610829,NA,NA,NA,NA,NA,NA,NA,NA
"4853","fxet3=1,hiv3=0,alcool=0,comtabagis=0,comdrogas=0,ppl=0,cavitacao=1,bilateral=0  encerra2=0",52,1.19700864688011,0.787878787878788,0.0879864636209814,NA,NA,NA,NA,NA,NA,NA,NA
"4854","fxet3=1,hiv3=0,comtabagis=0,comdrogas=0,ppl=0,pdres5=1,cavitacao=1,bilateral=0  encerra2=0",62,1.2076329839826,0.794871794871795,0.104906937394247,NA,NA,NA,NA,NA,NA,NA,NA
"4855","raca3=0,mumigual=0,hiv3=0,comdiab=0,comtabagis=0,comdrogas=0,pdres5=1,bilateral=1  encerra2=0",18,1.24304744099089,0.818181818181818,0.0304568527918782,NA,NA,NA,NA,NA,NA,NA,NA
"4856","raca3=0,mumigual=0,comdiab=0,comtabagis=0,comdrogas=0,ppl=0,pdres5=1,bilateral=1  encerra2=0",22,1.23793201942302,0.814814814814815,0.0372250423011844,NA,NA,NA,NA,NA,NA,NA,NA
"4857","raca3=0,mumigual=0,alcool=0,comtabagis=0,comdrogas=0,pdres5=1,cavitacao=1,tipores3=1  encerra2=0",31,1.23941279935056,0.815789473684211,0.0524534686971235,NA,NA,NA,NA,NA,NA,NA,NA
"4858","raca3=0,fxet3=1,mumigual=0,alcool=0,comtabagis=0,pdres5=1,cavitacao=1,tipores3=1  encerra2=0",33,1.19372016158649,0.785714285714286,0.0558375634517767,NA,NA,NA,NA,NA,NA,NA,NA
"4859","raca3=0,fxet3=1,mumigual=0,hiv3=0,alcool=0,comdiab=0,comdrogas=0,pdres5=1  encerra2=0",45,1.26606683804627,0.833333333333333,0.0761421319796954,NA,NA,NA,NA,NA,NA,NA,NA
"4860","raca3=0,fxet3=1,mumigual=0,comtabagis=0,comdrogas=0,pdres5=1,cavitacao=1,tipores3=1  encerra2=0",30,1.26606683804627,0.833333333333333,0.050761421319797,NA,NA,NA,NA,NA,NA,NA,NA
"4861","raca3=0,fxet3=1,mumigual=0,hiv3=0,comdiab=0,comtabagis=0,comdrogas=0,pdres5=1  encerra2=0",37,1.24918594687232,0.822222222222222,0.0626057529610829,NA,NA,NA,NA,NA,NA,NA,NA
"4862","raca3=0,fxet3=1,mumigual=0,comdiab=0,comtabagis=0,comdrogas=0,ppl=0,pdres5=1  encerra2=0",44,1.21542416452442,0.8,0.0744500846023689,NA,NA,NA,NA,NA,NA,NA,NA
"4863","sexo2=1,raca3=0,alcool=0,comdiab=0,comtabagis=0,pdres5=1,cavitacao=1,bilateral=1  encerra2=0",27,1.17201615864855,0.771428571428571,0.0456852791878173,NA,NA,NA,NA,NA,NA,NA,NA
"4864","sexo2=1,raca3=0,alcool=0,comdiab=0,comtabagis=0,comdrogas=0,ppl=0,bilateral=1  encerra2=0",32,1.18577967270675,0.780487804878049,0.0541455160744501,NA,NA,NA,NA,NA,NA,NA,NA
"4865","sexo2=1,raca3=0,alcool=0,comdiab=0,comtabagis=0,ppl=0,pdres5=1,bilateral=1  encerra2=0",36,1.16370398731062,0.765957446808511,0.0609137055837563,NA,NA,NA,NA,NA,NA,NA,NA
"4866","raca3=0,alcool=0,comdiab=0,comtabagis=0,comdrogas=0,ppl=0,pdres5=1,bilateral=1  encerra2=0",47,1.1901028277635,0.783333333333333,0.0795262267343486,NA,NA,NA,NA,NA,NA,NA,NA
"4867","sexo2=1,raca3=1,fxet3=1,mumigual=1,alcool=0,comdrogas=0,bilateral=1,tipores3=1  encerra2=0",23,1.24798016893133,0.821428571428571,0.038917089678511,NA,NA,NA,NA,NA,NA,NA,NA
"4868","sexo2=1,raca3=1,mumigual=1,alcool=0,comdrogas=0,pdres5=1,bilateral=1,tipores3=1  encerra2=0",26,1.19700864688011,0.787878787878788,0.0439932318104907,NA,NA,NA,NA,NA,NA,NA,NA
"4869","sexo2=1,raca3=1,fxet3=1,mumigual=1,alcool=0,pdres5=1,bilateral=1,tipores3=1  encerra2=0",24,1.13946015424165,0.75,0.0406091370558376,NA,NA,NA,NA,NA,NA,NA,NA
"4870","sexo2=1,raca3=1,fxet3=1,mumigual=1,hiv3=0,alcool=0,comdrogas=0,bilateral=1  encerra2=0",20,1.26606683804627,0.833333333333333,0.0338409475465313,NA,NA,NA,NA,NA,NA,NA,NA
"4871","sexo2=1,raca3=1,fxet3=1,mumigual=1,alcool=0,comdrogas=0,pdres5=1,bilateral=1  encerra2=0",24,1.25733534261147,0.827586206896552,0.0406091370558376,NA,NA,NA,NA,NA,NA,NA,NA
"4872","sexo2=1,raca3=1,fxet3=1,mumigual=1,comtabagis=0,comdrogas=0,bilateral=1,tipores3=1  encerra2=0",23,1.20494637000266,0.793103448275862,0.038917089678511,NA,NA,NA,NA,NA,NA,NA,NA
"4873","sexo2=1,raca3=1,mumigual=1,comtabagis=0,comdrogas=0,pdres5=1,bilateral=1,tipores3=1  encerra2=0",25,1.22522597230284,0.806451612903226,0.0423011844331641,NA,NA,NA,NA,NA,NA,NA,NA
"4874","sexo2=1,raca3=1,fxet3=1,mumigual=1,hiv3=0,comdrogas=0,bilateral=1,tipores3=1  encerra2=0",23,1.24798016893133,0.821428571428571,0.038917089678511,NA,NA,NA,NA,NA,NA,NA,NA
"4875","sexo2=1,raca3=1,fxet3=1,mumigual=1,comdrogas=0,pdres5=1,bilateral=1,tipores3=1  encerra2=0",27,1.20648722213821,0.794117647058823,0.0456852791878173,NA,NA,NA,NA,NA,NA,NA,NA
"4876","sexo2=1,raca3=1,fxet3=1,mumigual=1,hiv3=0,comtabagis=0,comdrogas=0,bilateral=1  encerra2=0",20,1.26606683804627,0.833333333333333,0.0338409475465313,NA,NA,NA,NA,NA,NA,NA,NA
"4877","sexo2=1,raca3=1,mumigual=1,hiv3=0,comtabagis=0,comdrogas=0,pdres5=1,bilateral=1  encerra2=0",22,1.28554478940083,0.846153846153846,0.0372250423011844,NA,NA,NA,NA,NA,NA,NA,NA
"4878","sexo2=1,raca3=1,fxet3=1,mumigual=1,comtabagis=0,comdrogas=0,pdres5=1,bilateral=1  encerra2=0",24,1.21542416452442,0.8,0.0406091370558376,NA,NA,NA,NA,NA,NA,NA,NA
"4879","sexo2=1,raca3=1,fxet3=1,mumigual=1,hiv3=0,comdrogas=0,pdres5=1,bilateral=1  encerra2=0",25,1.26606683804627,0.833333333333333,0.0423011844331641,NA,NA,NA,NA,NA,NA,NA,NA
"4880","raca3=1,fxet3=1,mumigual=1,hiv3=0,alcool=0,comdrogas=0,bilateral=1,tipores3=1  encerra2=0",29,1.2238646101114,0.805555555555556,0.0490693739424704,NA,NA,NA,NA,NA,NA,NA,NA
"4881","raca3=1,fxet3=1,mumigual=1,hiv3=0,alcool=0,pdres5=1,bilateral=1,tipores3=1  encerra2=0",31,1.17744215938303,0.775,0.0524534686971235,NA,NA,NA,NA,NA,NA,NA,NA
"4882","raca3=1,mumigual=1,alcool=0,comdiab=0,pdres5=1,cavitacao=1,bilateral=1,tipores3=1  encerra2=0",30,1.11166844316258,0.731707317073171,0.050761421319797,NA,NA,NA,NA,NA,NA,NA,NA
"4883","raca3=1,fxet3=1,mumigual=1,alcool=0,comdiab=0,comdrogas=0,bilateral=1,tipores3=1  encerra2=0",34,1.22989349981638,0.80952380952381,0.0575296108291032,NA,NA,NA,NA,NA,NA,NA,NA
"4884","raca3=1,fxet3=1,mumigual=1,alcool=0,comdrogas=0,pdres5=1,bilateral=1,tipores3=1  encerra2=0",37,1.1711118251928,0.770833333333333,0.0626057529610829,NA,NA,NA,NA,NA,NA,NA,NA
"4885","raca3=1,fxet3=1,mumigual=1,alcool=0,comdiab=0,pdres5=1,bilateral=1,tipores3=1  encerra2=0",37,1.14721158386234,0.755102040816326,0.0626057529610829,NA,NA,NA,NA,NA,NA,NA,NA
"4886","raca3=1,fxet3=1,mumigual=1,hiv3=0,alcool=0,comdrogas=0,pdres5=1,bilateral=1  encerra2=0",32,1.24658888669171,0.82051282051282,0.0541455160744501,NA,NA,NA,NA,NA,NA,NA,NA
"4887","raca3=1,fxet3=1,mumigual=1,alcool=0,comdiab=0,comdrogas=0,pdres5=1,bilateral=1  encerra2=0",36,1.24304744099089,0.818181818181818,0.0609137055837563,NA,NA,NA,NA,NA,NA,NA,NA
"4888","raca3=1,fxet3=1,mumigual=1,comdiab=0,comtabagis=0,comdrogas=0,bilateral=1,tipores3=1  encerra2=0",32,1.13062712979016,0.744186046511628,0.0541455160744501,NA,NA,NA,NA,NA,NA,NA,NA
"4889","raca3=1,fxet3=1,mumigual=1,hiv3=0,comtabagis=0,comdrogas=0,pdres5=1,bilateral=1  encerra2=0",29,1.19078718821649,0.783783783783784,0.0490693739424704,NA,NA,NA,NA,NA,NA,NA,NA
"4890","raca3=1,fxet3=1,mumigual=1,comdiab=0,comtabagis=0,comdrogas=0,pdres5=1,bilateral=1  encerra2=0",34,1.14790059982862,0.755555555555556,0.0575296108291032,NA,NA,NA,NA,NA,NA,NA,NA
"4891","sexo2=1,raca3=1,escol4=1,mumigual=1,hiv3=0,alcool=0,comtabagis=0,tipores3=1  encerra2=0",28,1.25117193406926,0.823529411764706,0.0473773265651438,NA,NA,NA,NA,NA,NA,NA,NA
"4892","sexo2=1,raca3=1,escol4=1,mumigual=1,hiv3=0,alcool=0,comdrogas=0,tipores3=1  encerra2=0",28,1.28908623510166,0.848484848484849,0.0473773265651438,NA,NA,NA,NA,NA,NA,NA,NA
"4893","sexo2=1,raca3=1,fxet3=1,escol4=1,mumigual=1,hiv3=0,alcool=0,tipores3=1  encerra2=0",26,1.19700864688011,0.787878787878788,0.0439932318104907,NA,NA,NA,NA,NA,NA,NA,NA
"4894","sexo2=1,raca3=1,escol4=1,mumigual=1,hiv3=0,alcool=0,comtabagis=0,comdrogas=0  encerra2=0",28,1.28908623510166,0.848484848484849,0.0473773265651438,NA,NA,NA,NA,NA,NA,NA,NA
"4895","sexo2=1,raca3=1,fxet3=1,escol4=1,mumigual=1,hiv3=0,alcool=0,comtabagis=0  encerra2=0",26,1.23441516709512,0.8125,0.0439932318104907,NA,NA,NA,NA,NA,NA,NA,NA
"4896","sexo2=1,raca3=1,escol4=1,mumigual=1,hiv3=0,alcool=0,comtabagis=0,pdres5=1  encerra2=0",30,1.26606683804627,0.833333333333333,0.050761421319797,NA,NA,NA,NA,NA,NA,NA,NA
"4897","sexo2=1,raca3=1,fxet3=1,escol4=1,mumigual=1,hiv3=0,alcool=0,comdrogas=0  encerra2=0",25,1.30972431522028,0.862068965517241,0.0423011844331641,NA,NA,NA,NA,NA,NA,NA,NA
"4898","sexo2=1,raca3=1,escol4=1,mumigual=1,hiv3=0,alcool=0,comdrogas=0,pdres5=1  encerra2=0",30,1.30224017627617,0.857142857142857,0.050761421319797,NA,NA,NA,NA,NA,NA,NA,NA
"4899","sexo2=1,raca3=1,escol4=1,mumigual=1,hiv3=0,comtabagis=0,comdrogas=0,tipores3=1  encerra2=0",29,1.2958566460003,0.852941176470588,0.0490693739424704,NA,NA,NA,NA,NA,NA,NA,NA
"4900","sexo2=1,raca3=1,fxet3=1,escol4=1,mumigual=1,hiv3=0,comtabagis=0,tipores3=1  encerra2=0",32,1.24658888669171,0.82051282051282,0.0541455160744501,NA,NA,NA,NA,NA,NA,NA,NA
"4901","sexo2=1,raca3=1,escol4=1,mumigual=1,hiv3=0,comtabagis=0,pdres5=1,tipores3=1  encerra2=0",35,1.26606683804627,0.833333333333333,0.0592216582064298,NA,NA,NA,NA,NA,NA,NA,NA
"4902","sexo2=1,raca3=1,fxet3=1,escol4=1,mumigual=1,hiv3=0,comdrogas=0,tipores3=1  encerra2=0",30,1.26606683804627,0.833333333333333,0.050761421319797,NA,NA,NA,NA,NA,NA,NA,NA
"4903","sexo2=1,raca3=1,escol4=1,mumigual=1,hiv3=0,comdrogas=0,pdres5=1,tipores3=1  encerra2=0",36,1.27195552101393,0.837209302325581,0.0609137055837563,NA,NA,NA,NA,NA,NA,NA,NA
"4904","sexo2=1,raca3=1,fxet3=1,escol4=1,mumigual=1,hiv3=0,comtabagis=0,comdrogas=0  encerra2=0",27,1.28189267352185,0.84375,0.0456852791878173,NA,NA,NA,NA,NA,NA,NA,NA
"4905","sexo2=1,raca3=1,escol4=1,mumigual=1,hiv3=0,comtabagis=0,comdrogas=0,pdres5=1  encerra2=0",31,1.30826906598115,0.861111111111111,0.0524534686971235,NA,NA,NA,NA,NA,NA,NA,NA
"4906","sexo2=1,raca3=1,fxet3=1,escol4=1,mumigual=1,hiv3=0,comtabagis=0,pdres5=1  encerra2=0",34,1.25989090225092,0.829268292682927,0.0575296108291032,NA,NA,NA,NA,NA,NA,NA,NA
"4907","sexo2=1,raca3=1,fxet3=1,escol4=1,mumigual=1,comtabagis=0,pdres5=1,cavitacao=1  encerra2=0",30,1.23184881539637,0.810810810810811,0.050761421319797,NA,NA,NA,NA,NA,NA,NA,NA
"4908","sexo2=1,raca3=1,escol4=1,mumigual=1,hiv3=0,comdiab=0,comdrogas=0,cavitacao=1  encerra2=0",27,1.24304744099089,0.818181818181818,0.0456852791878173,NA,NA,NA,NA,NA,NA,NA,NA
"4909","sexo2=1,raca3=1,fxet3=1,escol4=1,mumigual=1,hiv3=0,comdrogas=0,cavitacao=1  encerra2=0",26,1.27423501119496,0.838709677419355,0.0439932318104907,NA,NA,NA,NA,NA,NA,NA,NA
"4910","sexo2=1,raca3=1,escol4=1,mumigual=1,hiv3=0,comdrogas=0,pdres5=1,cavitacao=1  encerra2=0",31,1.27291044257625,0.837837837837838,0.0524534686971235,NA,NA,NA,NA,NA,NA,NA,NA
"4911","sexo2=1,raca3=1,fxet3=1,escol4=1,mumigual=1,hiv3=0,comdiab=0,cavitacao=1  encerra2=0",33,1.22283528747884,0.804878048780488,0.0558375634517767,NA,NA,NA,NA,NA,NA,NA,NA
"4912","sexo2=1,raca3=1,escol4=1,mumigual=1,hiv3=0,comdiab=0,pdres5=1,cavitacao=1  encerra2=0",37,1.24918594687232,0.822222222222222,0.0626057529610829,NA,NA,NA,NA,NA,NA,NA,NA
"4913","sexo2=1,raca3=1,fxet3=1,escol4=1,mumigual=1,hiv3=0,pdres5=1,cavitacao=1  encerra2=0",36,1.24304744099089,0.818181818181818,0.0609137055837563,NA,NA,NA,NA,NA,NA,NA,NA
"4914","sexo2=1,raca3=1,fxet3=1,escol4=1,mumigual=1,hiv3=0,comdrogas=0,pdres5=1  encerra2=0",33,1.28554478940083,0.846153846153846,0.0558375634517767,NA,NA,NA,NA,NA,NA,NA,NA
"4915","raca3=1,fxet3=1,escol4=1,mumigual=1,hiv3=0,alcool=0,comtabagis=0,tipores3=1  encerra2=0",29,1.15945068326343,0.763157894736842,0.0490693739424704,NA,NA,NA,NA,NA,NA,NA,NA
"4916","raca3=1,escol4=1,mumigual=1,hiv3=0,alcool=0,comdiab=0,comdrogas=0,tipores3=1  encerra2=0",30,1.16867708127348,0.769230769230769,0.050761421319797,NA,NA,NA,NA,NA,NA,NA,NA
"4917","raca3=1,fxet3=1,escol4=1,mumigual=1,hiv3=0,alcool=0,comdrogas=0,tipores3=1  encerra2=0",30,1.23184881539637,0.810810810810811,0.050761421319797,NA,NA,NA,NA,NA,NA,NA,NA
"4918","raca3=1,escol4=1,mumigual=1,hiv3=0,alcool=0,comdrogas=0,pdres5=1,tipores3=1  encerra2=0",36,1.16370398731062,0.765957446808511,0.0609137055837563,NA,NA,NA,NA,NA,NA,NA,NA
"4919","raca3=1,escol4=1,mumigual=1,hiv3=0,alcool=0,comdiab=0,comdrogas=0,pdres5=1  encerra2=0",32,1.18577967270675,0.780487804878049,0.0541455160744501,NA,NA,NA,NA,NA,NA,NA,NA
"4920","raca3=1,fxet3=1,escol4=1,mumigual=1,hiv3=0,alcool=0,comdrogas=0,pdres5=1  encerra2=0",31,1.23941279935056,0.815789473684211,0.0524534686971235,NA,NA,NA,NA,NA,NA,NA,NA
"4921","raca3=1,fxet3=1,escol4=1,mumigual=1,hiv3=0,comtabagis=0,cavitacao=1,tipores3=1  encerra2=0",30,1.16867708127348,0.769230769230769,0.050761421319797,NA,NA,NA,NA,NA,NA,NA,NA
"4922","raca3=1,fxet3=1,escol4=1,mumigual=1,hiv3=0,comtabagis=0,pdres5=1,tipores3=1  encerra2=0",37,1.1711118251928,0.770833333333333,0.0626057529610829,NA,NA,NA,NA,NA,NA,NA,NA
"4923","raca3=1,escol4=1,mumigual=1,hiv3=0,comdiab=0,comdrogas=0,pdres5=1,cavitacao=1  encerra2=0",35,1.15597406952051,0.760869565217391,0.0592216582064298,NA,NA,NA,NA,NA,NA,NA,NA
"4924","raca3=1,fxet3=1,escol4=1,mumigual=1,hiv3=0,comdiab=0,pdres5=1,cavitacao=1  encerra2=0",41,1.15352756355327,0.759259259259259,0.0693739424703892,NA,NA,NA,NA,NA,NA,NA,NA
"4925","sexo2=1,raca3=1,mumigual=1,hiv3=0,alcool=0,comtabagis=0,comdrogas=0,tipores3=1  encerra2=0",30,1.30224017627617,0.857142857142857,0.050761421319797,NA,NA,NA,NA,NA,NA,NA,NA
"4926","sexo2=1,raca3=1,fxet3=1,mumigual=1,hiv3=0,alcool=0,comtabagis=0,tipores3=1  encerra2=0",29,1.25883217040029,0.828571428571429,0.0490693739424704,NA,NA,NA,NA,NA,NA,NA,NA
"4927","sexo2=1,raca3=1,mumigual=1,hiv3=0,alcool=0,comtabagis=0,pdres5=1,tipores3=1  encerra2=0",32,1.27939385739413,0.842105263157895,0.0541455160744501,NA,NA,NA,NA,NA,NA,NA,NA
"4928","sexo2=1,raca3=1,fxet3=1,mumigual=1,alcool=0,comtabagis=0,comdrogas=0,tipores3=1  encerra2=0",32,1.21542416452442,0.8,0.0541455160744501,NA,NA,NA,NA,NA,NA,NA,NA
"4929","sexo2=1,raca3=1,mumigual=1,alcool=0,comtabagis=0,comdrogas=0,pdres5=1,tipores3=1  encerra2=0",35,1.23662342320799,0.813953488372093,0.0592216582064298,NA,NA,NA,NA,NA,NA,NA,NA
"4930","sexo2=1,raca3=1,fxet3=1,mumigual=1,alcool=0,comtabagis=0,pdres5=1,tipores3=1  encerra2=0",34,1.17398924982473,0.772727272727273,0.0575296108291032,NA,NA,NA,NA,NA,NA,NA,NA
"4931","sexo2=1,raca3=1,mumigual=1,hiv3=0,alcool=0,comdrogas=0,cavitacao=1,tipores3=1  encerra2=0",25,1.26606683804627,0.833333333333333,0.0423011844331641,NA,NA,NA,NA,NA,NA,NA,NA
"4932","sexo2=1,raca3=1,fxet3=1,mumigual=1,hiv3=0,alcool=0,comdrogas=0,tipores3=1  encerra2=0",28,1.28908623510166,0.848484848484849,0.0473773265651438,NA,NA,NA,NA,NA,NA,NA,NA
"4933","sexo2=1,raca3=1,mumigual=1,hiv3=0,alcool=0,comdrogas=0,pdres5=1,tipores3=1  encerra2=0",32,1.24658888669171,0.82051282051282,0.0541455160744501,NA,NA,NA,NA,NA,NA,NA,NA
"4934","sexo2=1,raca3=1,fxet3=1,mumigual=1,alcool=0,comdrogas=0,pdres5=1,tipores3=1  encerra2=0",33,1.22283528747884,0.804878048780488,0.0558375634517767,NA,NA,NA,NA,NA,NA,NA,NA
"4935","sexo2=1,raca3=1,fxet3=1,mumigual=1,hiv3=0,alcool=0,comtabagis=0,comdrogas=0  encerra2=0",31,1.27291044257625,0.837837837837838,0.0524534686971235,NA,NA,NA,NA,NA,NA,NA,NA
"4936","sexo2=1,raca3=1,mumigual=1,hiv3=0,alcool=0,comtabagis=0,comdrogas=0,pdres5=1  encerra2=0",35,1.29694651702301,0.853658536585366,0.0592216582064298,NA,NA,NA,NA,NA,NA,NA,NA
"4937","sexo2=1,raca3=1,fxet3=1,mumigual=1,hiv3=0,alcool=0,comtabagis=0,pdres5=1  encerra2=0",33,1.25340616966581,0.825,0.0558375634517767,NA,NA,NA,NA,NA,NA,NA,NA
"4938","sexo2=1,raca3=1,fxet3=1,mumigual=1,alcool=0,comtabagis=0,comdrogas=0,pdres5=1  encerra2=0",38,1.22835420882787,0.808510638297872,0.0642978003384095,NA,NA,NA,NA,NA,NA,NA,NA
"4939","sexo2=1,raca3=1,fxet3=1,mumigual=1,hiv3=0,alcool=0,comdrogas=0,pdres5=1  encerra2=0",32,1.27939385739413,0.842105263157895,0.0541455160744501,NA,NA,NA,NA,NA,NA,NA,NA
"4940","sexo2=1,raca3=1,mumigual=1,hiv3=0,comtabagis=0,comdrogas=0,cavitacao=1,tipores3=1  encerra2=0",26,1.36211328782909,0.896551724137931,0.0439932318104907,NA,NA,NA,NA,NA,NA,NA,NA
"4941","sexo2=1,raca3=1,fxet3=1,mumigual=1,hiv3=0,comtabagis=0,cavitacao=1,tipores3=1  encerra2=0",29,1.33512502921243,0.878787878787879,0.0490693739424704,NA,NA,NA,NA,NA,NA,NA,NA
"4942","sexo2=1,raca3=1,mumigual=1,hiv3=0,comtabagis=0,pdres5=1,cavitacao=1,tipores3=1  encerra2=0",32,1.35047129391602,0.888888888888889,0.0541455160744501,NA,NA,NA,NA,NA,NA,NA,NA
"4943","sexo2=1,raca3=1,fxet3=1,mumigual=1,hiv3=0,comtabagis=0,comdrogas=0,tipores3=1  encerra2=0",30,1.30224017627617,0.857142857142857,0.050761421319797,NA,NA,NA,NA,NA,NA,NA,NA
"4944","sexo2=1,raca3=1,mumigual=1,hiv3=0,comtabagis=0,comdrogas=0,pdres5=1,tipores3=1  encerra2=0",33,1.31937491543769,0.868421052631579,0.0558375634517767,NA,NA,NA,NA,NA,NA,NA,NA
"4945","sexo2=1,raca3=1,fxet3=1,mumigual=1,hiv3=0,comtabagis=0,pdres5=1,tipores3=1  encerra2=0",36,1.27195552101393,0.837209302325581,0.0609137055837563,NA,NA,NA,NA,NA,NA,NA,NA
"4946","sexo2=1,raca3=1,fxet3=1,mumigual=1,comtabagis=0,comdrogas=0,cavitacao=1,tipores3=1  encerra2=0",26,1.27423501119496,0.838709677419355,0.0439932318104907,NA,NA,NA,NA,NA,NA,NA,NA
"4947","sexo2=1,raca3=1,mumigual=1,comtabagis=0,comdrogas=0,pdres5=1,cavitacao=1,tipores3=1  encerra2=0",29,1.2958566460003,0.852941176470588,0.0490693739424704,NA,NA,NA,NA,NA,NA,NA,NA
"4948","sexo2=1,raca3=1,fxet3=1,mumigual=1,comtabagis=0,pdres5=1,cavitacao=1,tipores3=1  encerra2=0",32,1.24658888669171,0.82051282051282,0.0541455160744501,NA,NA,NA,NA,NA,NA,NA,NA
"4949","sexo2=1,raca3=1,fxet3=1,mumigual=1,comtabagis=0,comdrogas=0,pdres5=1,tipores3=1  encerra2=0",35,1.20851834540781,0.795454545454545,0.0592216582064298,NA,NA,NA,NA,NA,NA,NA,NA
"4950","sexo2=1,raca3=1,mumigual=1,hiv3=0,comdiab=0,comdrogas=0,cavitacao=1,tipores3=1  encerra2=0",30,1.26606683804627,0.833333333333333,0.050761421319797,NA,NA,NA,NA,NA,NA,NA,NA
"4951","sexo2=1,raca3=1,fxet3=1,mumigual=1,hiv3=0,comdrogas=0,cavitacao=1,tipores3=1  encerra2=0",29,1.2958566460003,0.852941176470588,0.0490693739424704,NA,NA,NA,NA,NA,NA,NA,NA
"4952","sexo2=1,raca3=1,mumigual=1,hiv3=0,comdrogas=0,pdres5=1,cavitacao=1,tipores3=1  encerra2=0",34,1.2913881748072,0.85,0.0575296108291032,NA,NA,NA,NA,NA,NA,NA,NA
"4953","sexo2=1,raca3=1,fxet3=1,mumigual=1,hiv3=0,comdiab=0,cavitacao=1,tipores3=1  encerra2=0",34,1.22989349981638,0.80952380952381,0.0575296108291032,NA,NA,NA,NA,NA,NA,NA,NA
"4954","sexo2=1,raca3=1,mumigual=1,hiv3=0,comdiab=0,pdres5=1,cavitacao=1,tipores3=1  encerra2=0",38,1.2550575611937,0.826086956521739,0.0642978003384095,NA,NA,NA,NA,NA,NA,NA,NA
"4955","sexo2=1,raca3=1,fxet3=1,mumigual=1,hiv3=0,pdres5=1,cavitacao=1,tipores3=1  encerra2=0",37,1.24918594687232,0.822222222222222,0.0626057529610829,NA,NA,NA,NA,NA,NA,NA,NA
"4956","sexo2=1,raca3=1,fxet3=1,mumigual=1,hiv3=0,comdrogas=0,pdres5=1,tipores3=1  encerra2=0",36,1.27195552101393,0.837209302325581,0.0609137055837563,NA,NA,NA,NA,NA,NA,NA,NA
"4957","sexo2=1,raca3=1,mumigual=1,comdiab=0,comdrogas=0,pdres5=1,cavitacao=1,tipores3=1  encerra2=0",33,1.22283528747884,0.804878048780488,0.0558375634517767,NA,NA,NA,NA,NA,NA,NA,NA
"4958","sexo2=1,raca3=1,fxet3=1,mumigual=1,comdrogas=0,pdres5=1,cavitacao=1,tipores3=1  encerra2=0",32,1.24658888669171,0.82051282051282,0.0541455160744501,NA,NA,NA,NA,NA,NA,NA,NA
"4959","sexo2=1,raca3=1,fxet3=1,mumigual=1,hiv3=0,comtabagis=0,comdrogas=0,cavitacao=1  encerra2=0",26,1.31670951156812,0.866666666666667,0.0439932318104907,NA,NA,NA,NA,NA,NA,NA,NA
"4960","sexo2=1,raca3=1,mumigual=1,hiv3=0,comtabagis=0,comdrogas=0,pdres5=1,cavitacao=1  encerra2=0",29,1.33512502921243,0.878787878787879,0.0490693739424704,NA,NA,NA,NA,NA,NA,NA,NA
"4961","sexo2=1,raca3=1,fxet3=1,mumigual=1,hiv3=0,comtabagis=0,pdres5=1,cavitacao=1  encerra2=0",33,1.31937491543769,0.868421052631579,0.0558375634517767,NA,NA,NA,NA,NA,NA,NA,NA
"4962","sexo2=1,raca3=1,fxet3=1,mumigual=1,hiv3=0,comtabagis=0,comdrogas=0,pdres5=1  encerra2=0",34,1.2913881748072,0.85,0.0575296108291032,NA,NA,NA,NA,NA,NA,NA,NA
"4963","sexo2=1,raca3=1,fxet3=1,mumigual=1,comtabagis=0,comdrogas=0,pdres5=1,cavitacao=1  encerra2=0",31,1.27291044257625,0.837837837837838,0.0524534686971235,NA,NA,NA,NA,NA,NA,NA,NA
"4964","sexo2=1,raca3=1,fxet3=1,mumigual=1,hiv3=0,comdrogas=0,pdres5=1,cavitacao=1  encerra2=0",34,1.2913881748072,0.85,0.0575296108291032,NA,NA,NA,NA,NA,NA,NA,NA
"4965","sexo2=1,raca3=1,fxet3=1,mumigual=1,hiv3=0,comdiab=0,pdres5=1,cavitacao=1  encerra2=0",40,1.24022873931063,0.816326530612245,0.0676818950930626,NA,NA,NA,NA,NA,NA,NA,NA
"4966","raca3=1,fxet3=1,mumigual=1,hiv3=0,alcool=0,comdrogas=0,pdres5=1,tipores3=1  encerra2=0",39,1.20922302082787,0.795918367346939,0.065989847715736,NA,NA,NA,NA,NA,NA,NA,NA
"4967","raca3=1,mumigual=1,hiv3=0,comdiab=0,comtabagis=0,pdres5=1,cavitacao=1,tipores3=1  encerra2=0",36,1.16370398731062,0.765957446808511,0.0609137055837563,NA,NA,NA,NA,NA,NA,NA,NA
"4968","raca3=1,fxet3=1,mumigual=1,hiv3=0,comtabagis=0,pdres5=1,cavitacao=1,tipores3=1  encerra2=0",36,1.18900190007824,0.782608695652174,0.0609137055837563,NA,NA,NA,NA,NA,NA,NA,NA
"4969","raca3=1,mumigual=1,hiv3=0,comdiab=0,comdrogas=0,pdres5=1,cavitacao=1,tipores3=1  encerra2=0",41,1.15352756355327,0.759259259259259,0.0693739424703892,NA,NA,NA,NA,NA,NA,NA,NA
"4970","sexo2=1,mumigual=1,hiv3=0,alcool=0,comdrogas=0,pdres5=1,cavitacao=1,bilateral=1  encerra2=0",31,1.2076329839826,0.794871794871795,0.0524534686971235,NA,NA,NA,NA,NA,NA,NA,NA
"4971","sexo2=1,fxet3=1,mumigual=1,hiv3=0,alcool=0,comdrogas=0,pdres5=1,bilateral=1  encerra2=0",35,1.23662342320799,0.813953488372093,0.0592216582064298,NA,NA,NA,NA,NA,NA,NA,NA
"4972","sexo2=1,fxet3=1,mumigual=1,alcool=0,comdiab=0,comdrogas=0,pdres5=1,bilateral=1  encerra2=0",41,1.22138212611523,0.803921568627451,0.0693739424703892,NA,NA,NA,NA,NA,NA,NA,NA
"4973","sexo2=1,fxet3=1,mumigual=1,hiv3=0,comdrogas=0,pdres5=1,bilateral=1,tipores3=1  encerra2=0",43,1.23262356307901,0.811320754716981,0.0727580372250423,NA,NA,NA,NA,NA,NA,NA,NA
"4974","fxet3=1,mumigual=1,alcool=0,comdiab=0,comdrogas=0,pdres5=1,bilateral=1,tipores3=1  encerra2=0",57,1.21970382707556,0.802816901408451,0.0964467005076142,NA,NA,NA,NA,NA,NA,NA,NA
"4975","sexo2=1,escol4=1,mumigual=1,hiv3=0,alcool=0,comtabagis=0,comdrogas=0,pdres5=1  encerra2=0",41,1.2712344577934,0.836734693877551,0.0693739424703892,NA,NA,NA,NA,NA,NA,NA,NA
"4976","sexo2=1,fxet3=1,escol4=1,mumigual=1,hiv3=0,alcool=0,comdrogas=0,pdres5=1  encerra2=0",38,1.28294772922022,0.844444444444444,0.0642978003384095,NA,NA,NA,NA,NA,NA,NA,NA
"4977","sexo2=1,fxet3=1,escol4=1,mumigual=1,hiv3=0,comtabagis=0,cavitacao=1,tipores3=1  encerra2=0",33,1.22283528747884,0.804878048780488,0.0558375634517767,NA,NA,NA,NA,NA,NA,NA,NA
"4978","sexo2=1,escol4=1,mumigual=1,hiv3=0,comtabagis=0,pdres5=1,cavitacao=1,tipores3=1  encerra2=0",37,1.22202973063597,0.804347826086957,0.0626057529610829,NA,NA,NA,NA,NA,NA,NA,NA
"4979","sexo2=1,fxet3=1,escol4=1,mumigual=1,hiv3=0,comtabagis=0,comdrogas=0,tipores3=1  encerra2=0",35,1.23662342320799,0.813953488372093,0.0592216582064298,NA,NA,NA,NA,NA,NA,NA,NA
"4980","sexo2=1,escol4=1,mumigual=1,hiv3=0,comtabagis=0,comdrogas=0,pdres5=1,tipores3=1  encerra2=0",39,1.23441516709512,0.8125,0.065989847715736,NA,NA,NA,NA,NA,NA,NA,NA
"4981","sexo2=1,fxet3=1,escol4=1,mumigual=1,hiv3=0,comtabagis=0,pdres5=1,tipores3=1  encerra2=0",43,1.18780088805796,0.781818181818182,0.0727580372250423,NA,NA,NA,NA,NA,NA,NA,NA
"4982","sexo2=1,escol4=1,mumigual=1,comtabagis=0,comdrogas=0,pdres5=1,cavitacao=1,tipores3=1  encerra2=0",33,1.1659592275961,0.767441860465116,0.0558375634517767,NA,NA,NA,NA,NA,NA,NA,NA
"4983","sexo2=1,fxet3=1,escol4=1,mumigual=1,hiv3=0,comdrogas=0,cavitacao=1,tipores3=1  encerra2=0",34,1.22989349981638,0.80952380952381,0.0575296108291032,NA,NA,NA,NA,NA,NA,NA,NA
"4984","sexo2=1,fxet3=1,escol4=1,mumigual=1,hiv3=0,pdres5=1,cavitacao=1,tipores3=1  encerra2=0",44,1.15255739739385,0.758620689655172,0.0744500846023689,NA,NA,NA,NA,NA,NA,NA,NA
"4985","sexo2=1,fxet3=1,escol4=1,mumigual=1,hiv3=0,comdrogas=0,pdres5=1,tipores3=1  encerra2=0",46,1.24798016893133,0.821428571428571,0.077834179357022,NA,NA,NA,NA,NA,NA,NA,NA
"4986","sexo2=1,fxet3=1,escol4=1,mumigual=1,hiv3=0,comtabagis=0,pdres5=1,cavitacao=1  encerra2=0",36,1.18900190007824,0.782608695652174,0.0609137055837563,NA,NA,NA,NA,NA,NA,NA,NA
"4987","escol4=1,mumigual=1,hiv3=0,alcool=0,comdiab=0,comdrogas=0,pdres5=1,tipores3=1  encerra2=0",42,1.16017761159149,0.763636363636364,0.0710659898477157,NA,NA,NA,NA,NA,NA,NA,NA
"4988","sexo2=1,fxet3=1,mumigual=1,hiv3=0,alcool=0,comtabagis=0,cavitacao=1,tipores3=1  encerra2=0",33,1.22283528747884,0.804878048780488,0.0558375634517767,NA,NA,NA,NA,NA,NA,NA,NA
"4989","sexo2=1,mumigual=1,hiv3=0,alcool=0,comtabagis=0,pdres5=1,cavitacao=1,tipores3=1  encerra2=0",37,1.24918594687232,0.822222222222222,0.0626057529610829,NA,NA,NA,NA,NA,NA,NA,NA
"4990","sexo2=1,mumigual=1,hiv3=0,alcool=0,comdrogas=0,pdres5=1,cavitacao=1,tipores3=1  encerra2=0",37,1.22202973063597,0.804347826086957,0.0626057529610829,NA,NA,NA,NA,NA,NA,NA,NA
"4991","sexo2=1,mumigual=1,hiv3=0,alcool=0,comdiab=0,pdres5=1,cavitacao=1,tipores3=1  encerra2=0",36,1.16370398731062,0.765957446808511,0.0609137055837563,NA,NA,NA,NA,NA,NA,NA,NA
"4992","sexo2=1,fxet3=1,mumigual=1,hiv3=0,alcool=0,pdres5=1,cavitacao=1,tipores3=1  encerra2=0",34,1.14790059982862,0.755555555555556,0.0575296108291032,NA,NA,NA,NA,NA,NA,NA,NA
"4993","sexo2=1,fxet3=1,mumigual=1,hiv3=0,comtabagis=0,comdrogas=0,cavitacao=1,tipores3=1  encerra2=0",36,1.27195552101393,0.837209302325581,0.0609137055837563,NA,NA,NA,NA,NA,NA,NA,NA
"4994","sexo2=1,mumigual=1,hiv3=0,comtabagis=0,comdrogas=0,pdres5=1,cavitacao=1,tipores3=1  encerra2=0",40,1.26606683804627,0.833333333333333,0.0676818950930626,NA,NA,NA,NA,NA,NA,NA,NA
"4995","sexo2=1,fxet3=1,mumigual=1,hiv3=0,comtabagis=0,pdres5=1,cavitacao=1,tipores3=1  encerra2=0",44,1.21542416452442,0.8,0.0744500846023689,NA,NA,NA,NA,NA,NA,NA,NA
"4996","sexo2=1,fxet3=1,mumigual=1,hiv3=0,comtabagis=0,comdrogas=0,pdres5=1,tipores3=1  encerra2=0",46,1.24798016893133,0.821428571428571,0.077834179357022,NA,NA,NA,NA,NA,NA,NA,NA
"4997","sexo2=1,fxet3=1,mumigual=1,hiv3=0,comdrogas=0,pdres5=1,cavitacao=1,tipores3=1  encerra2=0",46,1.24798016893133,0.821428571428571,0.077834179357022,NA,NA,NA,NA,NA,NA,NA,NA
"4998","sexo2=1,fxet3=1,mumigual=1,hiv3=0,comdiab=0,pdres5=1,cavitacao=1,tipores3=1  encerra2=0",53,1.15031215571061,0.757142857142857,0.089678510998308,NA,NA,NA,NA,NA,NA,NA,NA
"4999","sexo2=1,fxet3=1,mumigual=1,hiv3=0,comtabagis=0,comdrogas=0,pdres5=1,cavitacao=1  encerra2=0",42,1.25117193406926,0.823529411764706,0.0710659898477157,NA,NA,NA,NA,NA,NA,NA,NA
"5000","fxet3=1,mumigual=1,hiv3=0,alcool=0,comtabagis=0,pdres5=1,cavitacao=1,tipores3=1  encerra2=0",46,1.12720789451862,0.741935483870968,0.077834179357022,NA,NA,NA,NA,NA,NA,NA,NA
"5001","fxet3=1,mumigual=1,hiv3=0,comdiab=0,comtabagis=0,pdres5=1,cavitacao=1,tipores3=1  encerra2=0",52,1.12860815277268,0.742857142857143,0.0879864636209814,NA,NA,NA,NA,NA,NA,NA,NA
"5002","raca3=1,escol4=1,mumigual=0,alcool=0,comtabagis=0,comdrogas=0,bilateral=1,tipores3=1  encerra2=0",20,1.12539274493002,0.740740740740741,0.0338409475465313,NA,NA,NA,NA,NA,NA,NA,NA
"5003","raca3=1,escol4=1,mumigual=0,alcool=0,comtabagis=0,pdres5=1,bilateral=1,tipores3=1  encerra2=0",21,1.10016842478504,0.724137931034483,0.0355329949238579,NA,NA,NA,NA,NA,NA,NA,NA
"5004","raca3=1,escol4=1,mumigual=0,alcool=0,comdiab=0,comtabagis=0,comdrogas=0,bilateral=1  encerra2=0",20,1.12539274493002,0.740740740740741,0.0338409475465313,NA,NA,NA,NA,NA,NA,NA,NA
"5005","raca3=1,escol4=1,mumigual=0,alcool=0,comdiab=0,comtabagis=0,pdres5=1,bilateral=1  encerra2=0",23,1.12720789451862,0.741935483870968,0.038917089678511,NA,NA,NA,NA,NA,NA,NA,NA
"5006","sexo2=1,raca3=1,mumigual=0,alcool=0,comtabagis=0,comdrogas=0,bilateral=1,tipores3=1  encerra2=0",22,1.23793201942302,0.814814814814815,0.0372250423011844,NA,NA,NA,NA,NA,NA,NA,NA
"5007","sexo2=1,raca3=1,mumigual=0,alcool=0,comdiab=0,comtabagis=0,bilateral=1,tipores3=1  encerra2=0",20,1.16867708127348,0.769230769230769,0.0338409475465313,NA,NA,NA,NA,NA,NA,NA,NA
"5008","sexo2=1,raca3=1,mumigual=0,alcool=0,comtabagis=0,comdrogas=0,pdres5=1,bilateral=1  encerra2=0",30,1.23184881539637,0.810810810810811,0.050761421319797,NA,NA,NA,NA,NA,NA,NA,NA
"5009","sexo2=1,mumigual=0,alcool=0,comdiab=0,comtabagis=0,comdrogas=0,bilateral=1,tipores3=1  encerra2=0",27,1.20648722213821,0.794117647058823,0.0456852791878173,NA,NA,NA,NA,NA,NA,NA,NA
"5010","sexo2=1,mumigual=0,alcool=0,comtabagis=0,comdrogas=0,pdres5=1,bilateral=1,tipores3=1  encerra2=0",33,1.22283528747884,0.804878048780488,0.0558375634517767,NA,NA,NA,NA,NA,NA,NA,NA
"5011","sexo2=1,mumigual=0,alcool=0,comdiab=0,comtabagis=0,pdres5=1,bilateral=1,tipores3=1  encerra2=0",30,1.16867708127348,0.769230769230769,0.050761421319797,NA,NA,NA,NA,NA,NA,NA,NA
"5012","sexo2=1,mumigual=0,alcool=0,comtabagis=0,comdrogas=0,ppl=0,pdres5=1,bilateral=1  encerra2=0",49,1.22040541110034,0.80327868852459,0.0829103214890017,NA,NA,NA,NA,NA,NA,NA,NA
"5013","sexo2=1,mumigual=0,comdiab=0,comtabagis=0,comdrogas=0,ppl=0,pdres5=1,bilateral=1  encerra2=0",40,1.10493105865857,0.727272727272727,0.0676818950930626,NA,NA,NA,NA,NA,NA,NA,NA
"5014","sexo2=1,raca3=1,escol4=1,hiv3=0,alcool=0,comdrogas=0,bilateral=1,tipores3=1  encerra2=0",27,1.17201615864855,0.771428571428571,0.0456852791878173,NA,NA,NA,NA,NA,NA,NA,NA
"5015","sexo2=1,raca3=1,escol4=1,alcool=0,comdiab=0,comdrogas=0,bilateral=1,tipores3=1  encerra2=0",28,1.18166238217652,0.777777777777778,0.0473773265651438,NA,NA,NA,NA,NA,NA,NA,NA
"5016","sexo2=1,raca3=1,fxet3=1,escol4=1,alcool=0,comdrogas=0,bilateral=1,tipores3=1  encerra2=0",29,1.19078718821649,0.783783783783784,0.0490693739424704,NA,NA,NA,NA,NA,NA,NA,NA
"5017","sexo2=1,raca3=1,escol4=1,alcool=0,comdrogas=0,pdres5=1,bilateral=1,tipores3=1  encerra2=0",32,1.18577967270675,0.780487804878049,0.0541455160744501,NA,NA,NA,NA,NA,NA,NA,NA
"5018","sexo2=1,raca3=1,fxet3=1,escol4=1,hiv3=0,comtabagis=0,bilateral=1,tipores3=1  encerra2=0",34,1.12294623896278,0.739130434782609,0.0575296108291032,NA,NA,NA,NA,NA,NA,NA,NA
"5019","raca3=1,escol4=1,alcool=0,comdiab=0,comtabagis=0,comdrogas=0,bilateral=1,tipores3=1  encerra2=0",36,1.11620586537957,0.73469387755102,0.0609137055837563,NA,NA,NA,NA,NA,NA,NA,NA
"5020","raca3=1,fxet3=1,escol4=1,alcool=0,comtabagis=0,comdrogas=0,bilateral=1,tipores3=1  encerra2=0",38,1.11024322720981,0.730769230769231,0.0642978003384095,NA,NA,NA,NA,NA,NA,NA,NA
"5021","raca3=1,escol4=1,alcool=0,comtabagis=0,comdrogas=0,pdres5=1,bilateral=1,tipores3=1  encerra2=0",44,1.11413881748072,0.733333333333333,0.0744500846023689,NA,NA,NA,NA,NA,NA,NA,NA
"5022","raca3=1,escol4=1,hiv3=0,alcool=0,comdiab=0,comdrogas=0,bilateral=1,tipores3=1  encerra2=0",33,1.11413881748072,0.733333333333333,0.0558375634517767,NA,NA,NA,NA,NA,NA,NA,NA
"5023","raca3=1,fxet3=1,escol4=1,hiv3=0,alcool=0,pdres5=1,bilateral=1,tipores3=1  encerra2=0",37,1.10222289429911,0.725490196078431,0.0626057529610829,NA,NA,NA,NA,NA,NA,NA,NA
"5024","raca3=1,fxet3=1,escol4=1,alcool=0,comdiab=0,comdrogas=0,bilateral=1,tipores3=1  encerra2=0",39,1.13946015424165,0.75,0.065989847715736,NA,NA,NA,NA,NA,NA,NA,NA
"5025","raca3=1,fxet3=1,escol4=1,hiv3=0,alcool=0,comdiab=0,comtabagis=0,bilateral=1  encerra2=0",32,1.10493105865857,0.727272727272727,0.0541455160744501,NA,NA,NA,NA,NA,NA,NA,NA
"5026","raca3=1,fxet3=1,escol4=1,hiv3=0,alcool=0,comdiab=0,pdres5=1,bilateral=1  encerra2=0",37,1.10222289429911,0.725490196078431,0.0626057529610829,NA,NA,NA,NA,NA,NA,NA,NA
"5027","raca3=1,fxet3=1,escol4=1,hiv3=0,comdiab=0,comtabagis=0,bilateral=1,tipores3=1  encerra2=0",40,1.10493105865857,0.727272727272727,0.0676818950930626,NA,NA,NA,NA,NA,NA,NA,NA
"5028","sexo2=1,raca3=1,hiv3=0,alcool=0,comtabagis=0,comdrogas=0,bilateral=1,tipores3=1  encerra2=0",38,1.22835420882787,0.808510638297872,0.0642978003384095,NA,NA,NA,NA,NA,NA,NA,NA
"5029","sexo2=1,raca3=1,fxet3=1,alcool=0,comtabagis=0,comdrogas=0,bilateral=1,tipores3=1  encerra2=0",43,1.23262356307901,0.811320754716981,0.0727580372250423,NA,NA,NA,NA,NA,NA,NA,NA
"5030","sexo2=1,raca3=1,alcool=0,comtabagis=0,comdrogas=0,pdres5=1,bilateral=1,tipores3=1  encerra2=0",46,1.24798016893133,0.821428571428571,0.077834179357022,NA,NA,NA,NA,NA,NA,NA,NA
"5031","sexo2=1,raca3=1,hiv3=0,alcool=0,comdiab=0,comdrogas=0,bilateral=1,tipores3=1  encerra2=0",36,1.16370398731062,0.765957446808511,0.0609137055837563,NA,NA,NA,NA,NA,NA,NA,NA
"5032","sexo2=1,raca3=1,fxet3=1,hiv3=0,alcool=0,comdrogas=0,bilateral=1,tipores3=1  encerra2=0",37,1.19602909806924,0.787234042553192,0.0626057529610829,NA,NA,NA,NA,NA,NA,NA,NA
"5033","sexo2=1,raca3=1,fxet3=1,alcool=0,comdiab=0,comdrogas=0,bilateral=1,tipores3=1  encerra2=0",43,1.18780088805796,0.781818181818182,0.0727580372250423,NA,NA,NA,NA,NA,NA,NA,NA
"5034","sexo2=1,raca3=1,alcool=0,comdiab=0,comdrogas=0,pdres5=1,bilateral=1,tipores3=1  encerra2=0",45,1.17875188369825,0.775862068965517,0.0761421319796954,NA,NA,NA,NA,NA,NA,NA,NA
"5035","sexo2=1,raca3=1,fxet3=1,alcool=0,comdrogas=0,pdres5=1,bilateral=1,tipores3=1  encerra2=0",46,1.20494637000266,0.793103448275862,0.077834179357022,NA,NA,NA,NA,NA,NA,NA,NA
"5036","sexo2=1,raca3=1,fxet3=1,alcool=0,comdiab=0,pdres5=1,bilateral=1,tipores3=1  encerra2=0",46,1.10931570571673,0.73015873015873,0.077834179357022,NA,NA,NA,NA,NA,NA,NA,NA
"5037","sexo2=1,raca3=1,fxet3=1,hiv3=0,alcool=0,comtabagis=0,comdrogas=0,bilateral=1  encerra2=0",41,1.22138212611523,0.803921568627451,0.0693739424703892,NA,NA,NA,NA,NA,NA,NA,NA
"5038","sexo2=1,raca3=1,hiv3=0,alcool=0,comtabagis=0,comdrogas=0,pdres5=1,bilateral=1  encerra2=0",45,1.24304744099089,0.818181818181818,0.0761421319796954,NA,NA,NA,NA,NA,NA,NA,NA
"5039","sexo2=1,raca3=1,fxet3=1,hiv3=0,alcool=0,comdrogas=0,pdres5=1,bilateral=1  encerra2=0",43,1.20979720079977,0.796296296296296,0.0727580372250423,NA,NA,NA,NA,NA,NA,NA,NA
"5040","sexo2=1,raca3=1,hiv3=0,comdiab=0,comtabagis=0,comdrogas=0,bilateral=1,tipores3=1  encerra2=0",36,1.16370398731062,0.765957446808511,0.0609137055837563,NA,NA,NA,NA,NA,NA,NA,NA
"5041","sexo2=1,raca3=1,fxet3=1,hiv3=0,comtabagis=0,comdrogas=0,bilateral=1,tipores3=1  encerra2=0",38,1.1782173023451,0.775510204081633,0.0642978003384095,NA,NA,NA,NA,NA,NA,NA,NA
"5042","sexo2=1,raca3=1,hiv3=0,comtabagis=0,comdrogas=0,pdres5=1,bilateral=1,tipores3=1  encerra2=0",41,1.17529223456371,0.773584905660377,0.0693739424703892,NA,NA,NA,NA,NA,NA,NA,NA
"5043","sexo2=1,raca3=1,fxet3=1,hiv3=0,comdiab=0,comtabagis=0,bilateral=1,tipores3=1  encerra2=0",43,1.12636291108944,0.741379310344828,0.0727580372250423,NA,NA,NA,NA,NA,NA,NA,NA
"5044","sexo2=1,raca3=1,hiv3=0,comdiab=0,comtabagis=0,pdres5=1,bilateral=1,tipores3=1  encerra2=0",44,1.13302252625158,0.745762711864407,0.0744500846023689,NA,NA,NA,NA,NA,NA,NA,NA
"5045","sexo2=1,raca3=1,fxet3=1,hiv3=0,comtabagis=0,pdres5=1,bilateral=1,tipores3=1  encerra2=0",46,1.12720789451862,0.741935483870968,0.077834179357022,NA,NA,NA,NA,NA,NA,NA,NA
"5046","sexo2=1,raca3=1,fxet3=1,comdiab=0,comtabagis=0,comdrogas=0,bilateral=1,tipores3=1  encerra2=0",43,1.14612366391557,0.754385964912281,0.0727580372250423,NA,NA,NA,NA,NA,NA,NA,NA
"5047","sexo2=1,raca3=1,comdiab=0,comtabagis=0,comdrogas=0,pdres5=1,bilateral=1,tipores3=1  encerra2=0",44,1.13302252625158,0.745762711864407,0.0744500846023689,NA,NA,NA,NA,NA,NA,NA,NA
"5048","sexo2=1,raca3=1,fxet3=1,comtabagis=0,comdrogas=0,pdres5=1,bilateral=1,tipores3=1  encerra2=0",46,1.16478149100257,0.766666666666667,0.077834179357022,NA,NA,NA,NA,NA,NA,NA,NA
"5049","sexo2=1,raca3=1,fxet3=1,hiv3=0,comtabagis=0,comdrogas=0,pdres5=1,bilateral=1  encerra2=0",44,1.17277770261128,0.771929824561403,0.0744500846023689,NA,NA,NA,NA,NA,NA,NA,NA
"5050","raca3=1,fxet3=1,alcool=0,comdiab=0,comtabagis=0,comdrogas=0,bilateral=1,tipores3=1  encerra2=0",56,1.11946962521986,0.736842105263158,0.0947546531302876,NA,NA,NA,NA,NA,NA,NA,NA
"5051","sexo2=1,raca3=1,escol4=1,hiv3=0,alcool=0,comtabagis=0,comdrogas=0,tipores3=1  encerra2=0",40,1.21542416452442,0.8,0.0676818950930626,NA,NA,NA,NA,NA,NA,NA,NA
"5052","sexo2=1,raca3=1,escol4=1,hiv3=0,alcool=0,comtabagis=0,pdres5=1,tipores3=1  encerra2=0",45,1.199431741307,0.789473684210526,0.0761421319796954,NA,NA,NA,NA,NA,NA,NA,NA
"5053","sexo2=1,raca3=1,escol4=1,hiv3=0,alcool=0,comdrogas=0,pdres5=1,tipores3=1  encerra2=0",42,1.18166238217652,0.777777777777778,0.0710659898477157,NA,NA,NA,NA,NA,NA,NA,NA
"5054","sexo2=1,raca3=1,escol4=1,hiv3=0,alcool=0,comdiab=0,pdres5=1,tipores3=1  encerra2=0",42,1.13946015424165,0.75,0.0710659898477157,NA,NA,NA,NA,NA,NA,NA,NA
"5055","sexo2=1,raca3=1,escol4=1,hiv3=0,alcool=0,comtabagis=0,comdrogas=0,pdres5=1  encerra2=0",45,1.22085016525891,0.803571428571429,0.0761421319796954,NA,NA,NA,NA,NA,NA,NA,NA
"5056","sexo2=1,raca3=1,escol4=1,hiv3=0,comdiab=0,comtabagis=0,cavitacao=1,tipores3=1  encerra2=0",44,1.15255739739385,0.758620689655172,0.0744500846023689,NA,NA,NA,NA,NA,NA,NA,NA
"5057","sexo2=1,raca3=1,escol4=1,hiv3=0,comtabagis=0,comdrogas=0,pdres5=1,tipores3=1  encerra2=0",49,1.16319890745501,0.765625,0.0829103214890017,NA,NA,NA,NA,NA,NA,NA,NA
"5058","sexo2=1,raca3=1,escol4=1,hiv3=0,comdiab=0,comtabagis=0,pdres5=1,tipores3=1  encerra2=0",55,1.16056126820908,0.763888888888889,0.0930626057529611,NA,NA,NA,NA,NA,NA,NA,NA
"5059","sexo2=1,raca3=1,fxet3=1,escol4=1,hiv3=0,comtabagis=0,pdres5=1,tipores3=1  encerra2=0",56,1.14972556103662,0.756756756756757,0.0947546531302876,NA,NA,NA,NA,NA,NA,NA,NA
"5060","sexo2=1,raca3=1,hiv3=0,alcool=0,comtabagis=0,comdrogas=0,cavitacao=1,tipores3=1  encerra2=0",46,1.20494637000266,0.793103448275862,0.077834179357022,NA,NA,NA,NA,NA,NA,NA,NA
"5061","sexo2=1,raca3=1,fxet3=1,hiv3=0,alcool=0,comtabagis=0,cavitacao=1,tipores3=1  encerra2=0",48,1.19549917822074,0.786885245901639,0.0812182741116751,NA,NA,NA,NA,NA,NA,NA,NA
"5062","sexo2=1,raca3=1,hiv3=0,alcool=0,comtabagis=0,pdres5=1,cavitacao=1,tipores3=1  encerra2=0",51,1.21067641388175,0.796875,0.0862944162436548,NA,NA,NA,NA,NA,NA,NA,NA
"5063","sexo2=1,raca3=1,fxet3=1,hiv3=0,alcool=0,comdiab=0,cavitacao=1,tipores3=1  encerra2=0",48,1.13946015424165,0.75,0.0812182741116751,NA,NA,NA,NA,NA,NA,NA,NA
"5064","sexo2=1,raca3=1,hiv3=0,alcool=0,comdiab=0,pdres5=1,cavitacao=1,tipores3=1  encerra2=0",51,1.13946015424165,0.75,0.0862944162436548,NA,NA,NA,NA,NA,NA,NA,NA
"5065","sexo2=1,raca3=1,fxet3=1,hiv3=0,alcool=0,pdres5=1,cavitacao=1,tipores3=1  encerra2=0",52,1.14496479266793,0.753623188405797,0.0879864636209814,NA,NA,NA,NA,NA,NA,NA,NA
"5066","sexo2=1,raca3=1,fxet3=1,hiv3=0,alcool=0,comtabagis=0,ppl=0,cavitacao=1  encerra2=0",53,1.18414486617269,0.779411764705882,0.089678510998308,NA,NA,NA,NA,NA,NA,NA,NA
"5067","sexo2=1,raca3=1,fxet3=1,hiv3=0,alcool=0,comtabagis=0,pdres5=1,cavitacao=1  encerra2=0",57,1.18628728386801,0.780821917808219,0.0964467005076142,NA,NA,NA,NA,NA,NA,NA,NA
"5068","sexo2=1,raca3=1,hiv3=0,alcool=0,comtabagis=0,ppl=0,pdres5=1,cavitacao=1  encerra2=0",56,1.19830551431985,0.788732394366197,0.0947546531302876,NA,NA,NA,NA,NA,NA,NA,NA
"5069","sexo2=1,raca3=1,hiv3=0,comdiab=0,comtabagis=0,comdrogas=0,cavitacao=1,tipores3=1  encerra2=0",50,1.15096985276934,0.757575757575758,0.0846023688663283,NA,NA,NA,NA,NA,NA,NA,NA
"5070","sexo2=1,raca3=1,fxet3=1,hiv3=0,comtabagis=0,comdrogas=0,cavitacao=1,tipores3=1  encerra2=0",51,1.13946015424165,0.75,0.0862944162436548,NA,NA,NA,NA,NA,NA,NA,NA
"5071","sexo2=1,raca3=1,hiv3=0,comtabagis=0,comdrogas=0,pdres5=1,cavitacao=1,tipores3=1  encerra2=0",55,1.16056126820908,0.763888888888889,0.0930626057529611,NA,NA,NA,NA,NA,NA,NA,NA
"5072","sexo2=1,raca3=1,hiv3=0,comdiab=0,comtabagis=0,pdres5=1,cavitacao=1,tipores3=1  encerra2=0",60,1.15388370049787,0.759493670886076,0.101522842639594,NA,NA,NA,NA,NA,NA,NA,NA
"5073","sexo2=1,raca3=1,fxet3=1,hiv3=0,comtabagis=0,pdres5=1,cavitacao=1,tipores3=1  encerra2=0",61,1.14414929067885,0.753086419753086,0.10321489001692,NA,NA,NA,NA,NA,NA,NA,NA
"5074","sexo2=1,raca3=1,fxet3=1,hiv3=0,comdiab=0,comtabagis=0,pdres5=1,tipores3=1  encerra2=0",68,1.12294623896278,0.739130434782609,0.115059221658206,NA,NA,NA,NA,NA,NA,NA,NA
"5075","sexo2=1,raca3=1,fxet3=1,comtabagis=0,comdrogas=0,pdres5=1,cavitacao=1,tipores3=1  encerra2=0",60,1.11166844316258,0.731707317073171,0.101522842639594,NA,NA,NA,NA,NA,NA,NA,NA
"5076","sexo2=1,raca3=1,fxet3=1,hiv3=0,comtabagis=0,comdrogas=0,pdres5=1,cavitacao=1  encerra2=0",60,1.15388370049787,0.759493670886076,0.101522842639594,NA,NA,NA,NA,NA,NA,NA,NA
"5077","sexo2=1,raca3=1,fxet3=1,hiv3=0,comtabagis=0,ppl=0,pdres5=1,cavitacao=1  encerra2=0",68,1.12294623896278,0.739130434782609,0.115059221658206,NA,NA,NA,NA,NA,NA,NA,NA
"5078","sexo2=1,escol4=1,alcool=0,comtabagis=0,comdrogas=0,pdres5=1,bilateral=1,tipores3=1  encerra2=0",43,1.20979720079977,0.796296296296296,0.0727580372250423,NA,NA,NA,NA,NA,NA,NA,NA
"5079","sexo2=1,alcool=0,comdiab=0,comtabagis=0,comdrogas=0,pdres5=1,bilateral=1,tipores3=1  encerra2=0",65,1.21917547367419,0.802469135802469,0.109983079526227,NA,NA,NA,NA,NA,NA,NA,NA
"5080","sexo2=1,fxet3=1,alcool=0,comdiab=0,comdrogas=0,pdres5=1,bilateral=1,tipores3=1  encerra2=0",66,1.1659592275961,0.767441860465116,0.111675126903553,NA,NA,NA,NA,NA,NA,NA,NA
"5081","sexo2=1,hiv3=0,comdiab=0,comtabagis=0,comdrogas=0,pdres5=1,bilateral=1,tipores3=1  encerra2=0",54,1.13946015424165,0.75,0.0913705583756345,NA,NA,NA,NA,NA,NA,NA,NA
"5082","sexo2=1,fxet3=1,hiv3=0,comtabagis=0,comdrogas=0,pdres5=1,bilateral=1,tipores3=1  encerra2=0",59,1.16412379394385,0.766233766233766,0.0998307952622673,NA,NA,NA,NA,NA,NA,NA,NA
"5083","sexo2=1,fxet3=1,comdiab=0,comtabagis=0,comdrogas=0,pdres5=1,bilateral=1,tipores3=1  encerra2=0",65,1.13509440652424,0.747126436781609,0.109983079526227,NA,NA,NA,NA,NA,NA,NA,NA
"5084","fxet3=1,alcool=0,comdiab=0,comtabagis=0,comdrogas=0,pdres5=1,bilateral=1,tipores3=1  encerra2=0",86,1.13615737118587,0.747826086956522,0.145516074450085,NA,NA,NA,NA,NA,NA,NA,NA
"5085","sexo2=1,hiv3=0,comdiab=0,comtabagis=0,comdrogas=0,pdres5=1,cavitacao=1,tipores3=1  encerra2=0",67,1.11859092064748,0.736263736263736,0.11336717428088,NA,NA,NA,NA,NA,NA,NA,NA
"5086","sexo2=1,fxet3=1,hiv3=0,comtabagis=0,comdrogas=0,pdres5=1,cavitacao=1,tipores3=1  encerra2=0",72,1.13946015424165,0.75,0.121827411167513,NA,NA,NA,NA,NA,NA,NA,NA
"5087","sexo2=1,raca3=1,fxet3=1,comdiab=0,ppl=0,pdres5=1,cavitacao=1,bilateral=1,tipores3=1  encerra2=1",19,1.45302795031056,0.226190476190476,0.0321489001692047,NA,NA,NA,NA,NA,NA,NA,NA
"5088","sexo2=1,raca3=1,escol4=1,hiv3=0,comtabagis=0,pdres5=1,cavitacao=1,bilateral=0,tipores3=1  encerra2=0",22,1.28554478940083,0.846153846153846,0.0372250423011844,NA,NA,NA,NA,NA,NA,NA,NA
"5089","sexo2=1,raca3=1,escol4=1,hiv3=0,comtabagis=0,ppl=0,pdres5=1,cavitacao=1,bilateral=0  encerra2=0",22,1.33696658097686,0.88,0.0372250423011844,NA,NA,NA,NA,NA,NA,NA,NA
"5090","sexo2=1,raca3=1,hiv3=0,comdiab=0,comtabagis=0,ppl=0,cavitacao=1,bilateral=0,tipores3=1  encerra2=0",23,1.24798016893133,0.821428571428571,0.038917089678511,NA,NA,NA,NA,NA,NA,NA,NA
"5091","sexo2=1,escol4=1,hiv3=0,comtabagis=0,ppl=0,pdres5=1,cavitacao=1,bilateral=0,tipores3=1  encerra2=0",22,1.19372016158649,0.785714285714286,0.0372250423011844,NA,NA,NA,NA,NA,NA,NA,NA
"5092","sexo2=1,raca3=0,alcool=0,comdiab=0,comtabagis=0,comdrogas=0,ppl=0,pdres5=1,bilateral=1  encerra2=0",32,1.21542416452442,0.8,0.0541455160744501,NA,NA,NA,NA,NA,NA,NA,NA
"5093","sexo2=1,raca3=1,escol4=1,mumigual=1,hiv3=0,comtabagis=0,comdrogas=0,bilateral=1,tipores3=1  encerra2=0",18,1.30224017627617,0.857142857142857,0.0304568527918782,NA,NA,NA,NA,NA,NA,NA,NA
"5094","raca3=1,fxet3=1,escol4=1,mumigual=1,hiv3=0,alcool=0,comdrogas=0,bilateral=1,tipores3=1  encerra2=0",22,1.23793201942302,0.814814814814815,0.0372250423011844,NA,NA,NA,NA,NA,NA,NA,NA
"5095","raca3=1,fxet3=1,escol4=1,mumigual=1,alcool=0,comdrogas=0,pdres5=1,bilateral=1,tipores3=1  encerra2=0",25,1.18693766066838,0.78125,0.0423011844331641,NA,NA,NA,NA,NA,NA,NA,NA
"5096","sexo2=1,raca3=1,mumigual=1,alcool=0,comtabagis=0,comdrogas=0,pdres5=1,bilateral=1,tipores3=1  encerra2=0",24,1.25733534261147,0.827586206896552,0.0406091370558376,NA,NA,NA,NA,NA,NA,NA,NA
"5097","sexo2=1,raca3=1,fxet3=1,mumigual=1,hiv3=0,alcool=0,comdrogas=0,bilateral=1,tipores3=1  encerra2=0",19,1.31210563215705,0.863636363636364,0.0321489001692047,NA,NA,NA,NA,NA,NA,NA,NA
"5098","sexo2=1,raca3=1,fxet3=1,mumigual=1,hiv3=0,alcool=0,pdres5=1,bilateral=1,tipores3=1  encerra2=0",20,1.21542416452442,0.8,0.0338409475465313,NA,NA,NA,NA,NA,NA,NA,NA
"5099","sexo2=1,raca3=1,fxet3=1,mumigual=1,alcool=0,comdrogas=0,pdres5=1,bilateral=1,tipores3=1  encerra2=0",23,1.29420165666952,0.851851851851852,0.038917089678511,NA,NA,NA,NA,NA,NA,NA,NA
"5100","sexo2=1,raca3=1,fxet3=1,mumigual=1,hiv3=0,alcool=0,comdrogas=0,pdres5=1,bilateral=1  encerra2=0",20,1.32111322230915,0.869565217391304,0.0338409475465313,NA,NA,NA,NA,NA,NA,NA,NA
"5101","sexo2=1,raca3=1,fxet3=1,mumigual=1,hiv3=0,comtabagis=0,comdrogas=0,bilateral=1,tipores3=1  encerra2=0",19,1.31210563215705,0.863636363636364,0.0321489001692047,NA,NA,NA,NA,NA,NA,NA,NA
"5102","sexo2=1,raca3=1,mumigual=1,hiv3=0,comtabagis=0,comdrogas=0,pdres5=1,bilateral=1,tipores3=1  encerra2=0",21,1.32937017994859,0.875,0.0355329949238579,NA,NA,NA,NA,NA,NA,NA,NA
"5103","sexo2=1,raca3=1,fxet3=1,mumigual=1,comtabagis=0,comdrogas=0,pdres5=1,bilateral=1,tipores3=1  encerra2=0",23,1.24798016893133,0.821428571428571,0.038917089678511,NA,NA,NA,NA,NA,NA,NA,NA
"5104","sexo2=1,raca3=1,fxet3=1,mumigual=1,hiv3=0,comdrogas=0,pdres5=1,bilateral=1,tipores3=1  encerra2=0",23,1.29420165666952,0.851851851851852,0.038917089678511,NA,NA,NA,NA,NA,NA,NA,NA
"5105","sexo2=1,raca3=1,fxet3=1,mumigual=1,hiv3=0,comtabagis=0,comdrogas=0,pdres5=1,bilateral=1  encerra2=0",20,1.32111322230915,0.869565217391304,0.0338409475465313,NA,NA,NA,NA,NA,NA,NA,NA
"5106","raca3=1,fxet3=1,mumigual=1,hiv3=0,alcool=0,comdiab=0,comdrogas=0,bilateral=1,tipores3=1  encerra2=0",26,1.23441516709512,0.8125,0.0439932318104907,NA,NA,NA,NA,NA,NA,NA,NA
"5107","raca3=1,fxet3=1,mumigual=1,hiv3=0,alcool=0,comdrogas=0,pdres5=1,bilateral=1,tipores3=1  encerra2=0",29,1.25883217040029,0.828571428571429,0.0490693739424704,NA,NA,NA,NA,NA,NA,NA,NA
"5108","raca3=1,fxet3=1,mumigual=1,hiv3=0,alcool=0,comdiab=0,pdres5=1,bilateral=1,tipores3=1  encerra2=0",28,1.18166238217652,0.777777777777778,0.0473773265651438,NA,NA,NA,NA,NA,NA,NA,NA
"5109","raca3=1,fxet3=1,mumigual=1,alcool=0,comdiab=0,comdrogas=0,pdres5=1,bilateral=1,tipores3=1  encerra2=0",34,1.25989090225092,0.829268292682927,0.0575296108291032,NA,NA,NA,NA,NA,NA,NA,NA
"5110","raca3=1,fxet3=1,mumigual=1,hiv3=0,alcool=0,comdiab=0,comdrogas=0,pdres5=1,bilateral=1  encerra2=0",28,1.25117193406926,0.823529411764706,0.0473773265651438,NA,NA,NA,NA,NA,NA,NA,NA
"5111","raca3=1,fxet3=1,mumigual=1,hiv3=0,comtabagis=0,comdrogas=0,pdres5=1,bilateral=1,tipores3=1  encerra2=0",26,1.19700864688011,0.787878787878788,0.0439932318104907,NA,NA,NA,NA,NA,NA,NA,NA
"5112","raca3=1,fxet3=1,mumigual=1,comdiab=0,comtabagis=0,comdrogas=0,pdres5=1,bilateral=1,tipores3=1  encerra2=0",32,1.15754682335659,0.761904761904762,0.0541455160744501,NA,NA,NA,NA,NA,NA,NA,NA
"5113","raca3=1,fxet3=1,mumigual=1,hiv3=0,comdiab=0,comdrogas=0,pdres5=1,bilateral=1,tipores3=1  encerra2=0",32,1.18577967270675,0.780487804878049,0.0541455160744501,NA,NA,NA,NA,NA,NA,NA,NA
"5114","raca3=1,fxet3=1,mumigual=1,hiv3=0,comdiab=0,comtabagis=0,comdrogas=0,pdres5=1,bilateral=1  encerra2=0",26,1.19700864688011,0.787878787878788,0.0439932318104907,NA,NA,NA,NA,NA,NA,NA,NA
"5115","sexo2=1,raca3=1,escol4=1,mumigual=1,hiv3=0,alcool=0,comtabagis=0,comdrogas=0,tipores3=1  encerra2=0",26,1.31670951156812,0.866666666666667,0.0439932318104907,NA,NA,NA,NA,NA,NA,NA,NA
"5116","sexo2=1,raca3=1,fxet3=1,escol4=1,mumigual=1,hiv3=0,alcool=0,comtabagis=0,tipores3=1  encerra2=0",25,1.26606683804627,0.833333333333333,0.0423011844331641,NA,NA,NA,NA,NA,NA,NA,NA
"5117","sexo2=1,raca3=1,escol4=1,mumigual=1,hiv3=0,alcool=0,comtabagis=0,pdres5=1,tipores3=1  encerra2=0",28,1.28908623510166,0.848484848484849,0.0473773265651438,NA,NA,NA,NA,NA,NA,NA,NA
"5118","sexo2=1,raca3=1,escol4=1,mumigual=1,hiv3=0,alcool=0,comdiab=0,comdrogas=0,tipores3=1  encerra2=0",23,1.29420165666952,0.851851851851852,0.038917089678511,NA,NA,NA,NA,NA,NA,NA,NA
"5119","sexo2=1,raca3=1,fxet3=1,escol4=1,mumigual=1,hiv3=0,alcool=0,comdrogas=0,tipores3=1  encerra2=0",24,1.35047129391602,0.888888888888889,0.0406091370558376,NA,NA,NA,NA,NA,NA,NA,NA
"5120","sexo2=1,raca3=1,escol4=1,mumigual=1,hiv3=0,alcool=0,comdrogas=0,pdres5=1,tipores3=1  encerra2=0",28,1.32937017994859,0.875,0.0473773265651438,NA,NA,NA,NA,NA,NA,NA,NA
"5121","sexo2=1,raca3=1,fxet3=1,escol4=1,mumigual=1,hiv3=0,alcool=0,pdres5=1,tipores3=1  encerra2=0",26,1.23441516709512,0.8125,0.0439932318104907,NA,NA,NA,NA,NA,NA,NA,NA
"5122","sexo2=1,raca3=1,fxet3=1,escol4=1,mumigual=1,alcool=0,comdrogas=0,pdres5=1,tipores3=1  encerra2=0",26,1.23441516709512,0.8125,0.0439932318104907,NA,NA,NA,NA,NA,NA,NA,NA
"5123","sexo2=1,raca3=1,escol4=1,mumigual=1,hiv3=0,alcool=0,comtabagis=0,comdrogas=0,pdres5=1  encerra2=0",28,1.32937017994859,0.875,0.0473773265651438,NA,NA,NA,NA,NA,NA,NA,NA
"5124","sexo2=1,raca3=1,fxet3=1,escol4=1,mumigual=1,hiv3=0,alcool=0,comtabagis=0,pdres5=1  encerra2=0",26,1.27423501119496,0.838709677419355,0.0439932318104907,NA,NA,NA,NA,NA,NA,NA,NA
"5125","sexo2=1,raca3=1,escol4=1,mumigual=1,hiv3=0,alcool=0,comdiab=0,comdrogas=0,pdres5=1  encerra2=0",25,1.30972431522028,0.862068965517241,0.0423011844331641,NA,NA,NA,NA,NA,NA,NA,NA
"5126","sexo2=1,raca3=1,fxet3=1,escol4=1,mumigual=1,hiv3=0,alcool=0,comdrogas=0,pdres5=1  encerra2=0",25,1.35650018362101,0.892857142857143,0.0423011844331641,NA,NA,NA,NA,NA,NA,NA,NA
"5127","sexo2=1,raca3=1,fxet3=1,escol4=1,mumigual=1,hiv3=0,comtabagis=0,comdrogas=0,tipores3=1  encerra2=0",26,1.31670951156812,0.866666666666667,0.0439932318104907,NA,NA,NA,NA,NA,NA,NA,NA
"5128","sexo2=1,raca3=1,escol4=1,mumigual=1,hiv3=0,comtabagis=0,comdrogas=0,pdres5=1,tipores3=1  encerra2=0",29,1.33512502921243,0.878787878787879,0.0490693739424704,NA,NA,NA,NA,NA,NA,NA,NA
"5129","sexo2=1,raca3=1,fxet3=1,escol4=1,mumigual=1,hiv3=0,comtabagis=0,pdres5=1,tipores3=1  encerra2=0",32,1.27939385739413,0.842105263157895,0.0541455160744501,NA,NA,NA,NA,NA,NA,NA,NA
"5130","sexo2=1,raca3=1,fxet3=1,escol4=1,mumigual=1,hiv3=0,comdrogas=0,cavitacao=1,tipores3=1  encerra2=0",24,1.30224017627617,0.857142857142857,0.0406091370558376,NA,NA,NA,NA,NA,NA,NA,NA
"5131","sexo2=1,raca3=1,escol4=1,mumigual=1,hiv3=0,comdrogas=0,pdres5=1,cavitacao=1,tipores3=1  encerra2=0",29,1.2958566460003,0.852941176470588,0.0490693739424704,NA,NA,NA,NA,NA,NA,NA,NA
"5132","sexo2=1,raca3=1,escol4=1,mumigual=1,hiv3=0,comdiab=0,comdrogas=0,pdres5=1,tipores3=1  encerra2=0",31,1.27291044257625,0.837837837837838,0.0524534686971235,NA,NA,NA,NA,NA,NA,NA,NA
"5133","sexo2=1,raca3=1,fxet3=1,escol4=1,mumigual=1,hiv3=0,comdrogas=0,pdres5=1,tipores3=1  encerra2=0",30,1.30224017627617,0.857142857142857,0.050761421319797,NA,NA,NA,NA,NA,NA,NA,NA
"5134","sexo2=1,raca3=1,fxet3=1,escol4=1,mumigual=1,hiv3=0,comtabagis=0,comdrogas=0,cavitacao=1  encerra2=0",20,1.32111322230915,0.869565217391304,0.0338409475465313,NA,NA,NA,NA,NA,NA,NA,NA
"5135","sexo2=1,raca3=1,escol4=1,mumigual=1,hiv3=0,comtabagis=0,comdrogas=0,pdres5=1,cavitacao=1  encerra2=0",23,1.3439786434645,0.884615384615385,0.038917089678511,NA,NA,NA,NA,NA,NA,NA,NA
"5136","sexo2=1,raca3=1,fxet3=1,escol4=1,mumigual=1,hiv3=0,comtabagis=0,pdres5=1,cavitacao=1  encerra2=0",27,1.32324405008707,0.870967741935484,0.0456852791878173,NA,NA,NA,NA,NA,NA,NA,NA
"5137","sexo2=1,raca3=1,fxet3=1,escol4=1,mumigual=1,hiv3=0,comtabagis=0,comdrogas=0,pdres5=1  encerra2=0",27,1.32324405008707,0.870967741935484,0.0456852791878173,NA,NA,NA,NA,NA,NA,NA,NA
"5138","sexo2=1,raca3=1,escol4=1,mumigual=1,hiv3=0,comdiab=0,comdrogas=0,pdres5=1,cavitacao=1  encerra2=0",27,1.28189267352185,0.84375,0.0456852791878173,NA,NA,NA,NA,NA,NA,NA,NA
"5139","sexo2=1,raca3=1,fxet3=1,escol4=1,mumigual=1,hiv3=0,comdrogas=0,pdres5=1,cavitacao=1  encerra2=0",26,1.31670951156812,0.866666666666667,0.0439932318104907,NA,NA,NA,NA,NA,NA,NA,NA
"5140","sexo2=1,raca3=1,fxet3=1,escol4=1,mumigual=1,hiv3=0,comdiab=0,pdres5=1,cavitacao=1  encerra2=0",33,1.25340616966581,0.825,0.0558375634517767,NA,NA,NA,NA,NA,NA,NA,NA
"5141","raca3=1,fxet3=1,escol4=1,mumigual=1,hiv3=0,alcool=0,comtabagis=0,pdres5=1,tipores3=1  encerra2=0",29,1.19078718821649,0.783783783783784,0.0490693739424704,NA,NA,NA,NA,NA,NA,NA,NA
"5142","raca3=1,escol4=1,mumigual=1,hiv3=0,alcool=0,comdiab=0,comdrogas=0,cavitacao=1,tipores3=1  encerra2=0",24,1.17621693341073,0.774193548387097,0.0406091370558376,NA,NA,NA,NA,NA,NA,NA,NA
"5143","raca3=1,fxet3=1,escol4=1,mumigual=1,hiv3=0,alcool=0,comdiab=0,comdrogas=0,tipores3=1  encerra2=0",26,1.23441516709512,0.8125,0.0439932318104907,NA,NA,NA,NA,NA,NA,NA,NA
"5144","raca3=1,escol4=1,mumigual=1,hiv3=0,alcool=0,comdiab=0,comdrogas=0,pdres5=1,tipores3=1  encerra2=0",30,1.199431741307,0.789473684210526,0.050761421319797,NA,NA,NA,NA,NA,NA,NA,NA
"5145","raca3=1,fxet3=1,escol4=1,mumigual=1,hiv3=0,alcool=0,comdrogas=0,pdres5=1,tipores3=1  encerra2=0",30,1.26606683804627,0.833333333333333,0.050761421319797,NA,NA,NA,NA,NA,NA,NA,NA
"5146","raca3=1,fxet3=1,escol4=1,mumigual=1,hiv3=0,alcool=0,comdiab=0,pdres5=1,tipores3=1  encerra2=0",29,1.15945068326343,0.763157894736842,0.0490693739424704,NA,NA,NA,NA,NA,NA,NA,NA
"5147","raca3=1,fxet3=1,escol4=1,mumigual=1,hiv3=0,alcool=0,comdiab=0,comdrogas=0,pdres5=1  encerra2=0",27,1.24304744099089,0.818181818181818,0.0456852791878173,NA,NA,NA,NA,NA,NA,NA,NA
"5148","raca3=1,fxet3=1,escol4=1,mumigual=1,hiv3=0,comdiab=0,comtabagis=0,cavitacao=1,tipores3=1  encerra2=0",27,1.17201615864855,0.771428571428571,0.0456852791878173,NA,NA,NA,NA,NA,NA,NA,NA
"5149","raca3=1,escol4=1,mumigual=1,hiv3=0,comdiab=0,comtabagis=0,pdres5=1,cavitacao=1,tipores3=1  encerra2=0",30,1.16867708127348,0.769230769230769,0.050761421319797,NA,NA,NA,NA,NA,NA,NA,NA
"5150","raca3=1,fxet3=1,escol4=1,mumigual=1,hiv3=0,comtabagis=0,pdres5=1,cavitacao=1,tipores3=1  encerra2=0",30,1.199431741307,0.789473684210526,0.050761421319797,NA,NA,NA,NA,NA,NA,NA,NA
"5151","raca3=1,fxet3=1,escol4=1,mumigual=1,hiv3=0,comtabagis=0,comdrogas=0,pdres5=1,tipores3=1  encerra2=0",30,1.199431741307,0.789473684210526,0.050761421319797,NA,NA,NA,NA,NA,NA,NA,NA
"5152","raca3=1,escol4=1,mumigual=1,hiv3=0,comdiab=0,comdrogas=0,pdres5=1,cavitacao=1,tipores3=1  encerra2=0",33,1.1659592275961,0.767441860465116,0.0558375634517767,NA,NA,NA,NA,NA,NA,NA,NA
"5153","sexo2=1,raca3=1,fxet3=1,mumigual=1,hiv3=0,alcool=0,comtabagis=0,cavitacao=1,tipores3=1  encerra2=0",22,1.33696658097686,0.88,0.0372250423011844,NA,NA,NA,NA,NA,NA,NA,NA
"5154","sexo2=1,raca3=1,mumigual=1,hiv3=0,alcool=0,comtabagis=0,pdres5=1,cavitacao=1,tipores3=1  encerra2=0",25,1.35650018362101,0.892857142857143,0.0423011844331641,NA,NA,NA,NA,NA,NA,NA,NA
"5155","sexo2=1,raca3=1,fxet3=1,mumigual=1,hiv3=0,alcool=0,comtabagis=0,comdrogas=0,tipores3=1  encerra2=0",27,1.32324405008707,0.870967741935484,0.0456852791878173,NA,NA,NA,NA,NA,NA,NA,NA
"5156","sexo2=1,raca3=1,mumigual=1,hiv3=0,alcool=0,comtabagis=0,comdrogas=0,pdres5=1,tipores3=1  encerra2=0",30,1.34054135793135,0.882352941176471,0.050761421319797,NA,NA,NA,NA,NA,NA,NA,NA
"5157","sexo2=1,raca3=1,fxet3=1,mumigual=1,hiv3=0,alcool=0,comtabagis=0,pdres5=1,tipores3=1  encerra2=0",29,1.2958566460003,0.852941176470588,0.0490693739424704,NA,NA,NA,NA,NA,NA,NA,NA
"5158","sexo2=1,raca3=1,fxet3=1,mumigual=1,alcool=0,comtabagis=0,comdrogas=0,pdres5=1,tipores3=1  encerra2=0",32,1.24658888669171,0.82051282051282,0.0541455160744501,NA,NA,NA,NA,NA,NA,NA,NA
"5159","sexo2=1,raca3=1,mumigual=1,hiv3=0,alcool=0,comdiab=0,comdrogas=0,cavitacao=1,tipores3=1  encerra2=0",21,1.27619537275064,0.84,0.0355329949238579,NA,NA,NA,NA,NA,NA,NA,NA
"5160","sexo2=1,raca3=1,fxet3=1,mumigual=1,hiv3=0,alcool=0,comdrogas=0,cavitacao=1,tipores3=1  encerra2=0",21,1.32937017994859,0.875,0.0355329949238579,NA,NA,NA,NA,NA,NA,NA,NA
"5161","sexo2=1,raca3=1,mumigual=1,hiv3=0,alcool=0,comdrogas=0,pdres5=1,cavitacao=1,tipores3=1  encerra2=0",25,1.30972431522028,0.862068965517241,0.0423011844331641,NA,NA,NA,NA,NA,NA,NA,NA
"5162","sexo2=1,raca3=1,fxet3=1,mumigual=1,hiv3=0,alcool=0,comdrogas=0,pdres5=1,tipores3=1  encerra2=0",28,1.32937017994859,0.875,0.0473773265651438,NA,NA,NA,NA,NA,NA,NA,NA
"5163","sexo2=1,raca3=1,fxet3=1,mumigual=1,alcool=0,comdrogas=0,pdres5=1,cavitacao=1,tipores3=1  encerra2=0",24,1.25733534261147,0.827586206896552,0.0406091370558376,NA,NA,NA,NA,NA,NA,NA,NA
"5164","sexo2=1,raca3=1,fxet3=1,mumigual=1,hiv3=0,alcool=0,comtabagis=0,comdrogas=0,pdres5=1  encerra2=0",31,1.30826906598115,0.861111111111111,0.0524534686971235,NA,NA,NA,NA,NA,NA,NA,NA
"5165","sexo2=1,raca3=1,fxet3=1,mumigual=1,hiv3=0,alcool=0,comdrogas=0,pdres5=1,cavitacao=1  encerra2=0",24,1.30224017627617,0.857142857142857,0.0406091370558376,NA,NA,NA,NA,NA,NA,NA,NA
"5166","sexo2=1,raca3=1,fxet3=1,mumigual=1,hiv3=0,comtabagis=0,comdrogas=0,cavitacao=1,tipores3=1  encerra2=0",23,1.39773778920308,0.92,0.038917089678511,NA,NA,NA,NA,NA,NA,NA,NA
"5167","sexo2=1,raca3=1,mumigual=1,hiv3=0,comtabagis=0,comdrogas=0,pdres5=1,cavitacao=1,tipores3=1  encerra2=0",26,1.41076019096585,0.928571428571429,0.0439932318104907,NA,NA,NA,NA,NA,NA,NA,NA
"5168","sexo2=1,raca3=1,fxet3=1,mumigual=1,hiv3=0,comtabagis=0,pdres5=1,cavitacao=1,tipores3=1  encerra2=0",29,1.37684768637532,0.90625,0.0490693739424704,NA,NA,NA,NA,NA,NA,NA,NA
"5169","sexo2=1,raca3=1,fxet3=1,mumigual=1,hiv3=0,comtabagis=0,comdrogas=0,pdres5=1,tipores3=1  encerra2=0",30,1.34054135793135,0.882352941176471,0.050761421319797,NA,NA,NA,NA,NA,NA,NA,NA
"5170","sexo2=1,raca3=1,fxet3=1,mumigual=1,comtabagis=0,comdrogas=0,pdres5=1,cavitacao=1,tipores3=1  encerra2=0",26,1.31670951156812,0.866666666666667,0.0439932318104907,NA,NA,NA,NA,NA,NA,NA,NA
"5171","sexo2=1,raca3=1,mumigual=1,hiv3=0,comdiab=0,comdrogas=0,pdres5=1,cavitacao=1,tipores3=1  encerra2=0",30,1.30224017627617,0.857142857142857,0.050761421319797,NA,NA,NA,NA,NA,NA,NA,NA
"5172","sexo2=1,raca3=1,fxet3=1,mumigual=1,hiv3=0,comdrogas=0,pdres5=1,cavitacao=1,tipores3=1  encerra2=0",29,1.33512502921243,0.878787878787879,0.0490693739424704,NA,NA,NA,NA,NA,NA,NA,NA
"5173","sexo2=1,raca3=1,fxet3=1,mumigual=1,hiv3=0,comdiab=0,pdres5=1,cavitacao=1,tipores3=1  encerra2=0",34,1.25989090225092,0.829268292682927,0.0575296108291032,NA,NA,NA,NA,NA,NA,NA,NA
"5174","sexo2=1,raca3=1,fxet3=1,mumigual=1,hiv3=0,comtabagis=0,comdrogas=0,pdres5=1,cavitacao=1  encerra2=0",26,1.36211328782909,0.896551724137931,0.0439932318104907,NA,NA,NA,NA,NA,NA,NA,NA
"5175","raca3=1,mumigual=1,hiv3=0,alcool=0,comdiab=0,comdrogas=0,pdres5=1,cavitacao=1,tipores3=1  encerra2=0",30,1.16867708127348,0.769230769230769,0.050761421319797,NA,NA,NA,NA,NA,NA,NA,NA
"5176","raca3=1,fxet3=1,mumigual=1,hiv3=0,comtabagis=0,comdrogas=0,pdres5=1,cavitacao=1,tipores3=1  encerra2=0",29,1.19078718821649,0.783783783783784,0.0490693739424704,NA,NA,NA,NA,NA,NA,NA,NA
"5177","raca3=1,fxet3=1,mumigual=1,hiv3=0,comdiab=0,comtabagis=0,pdres5=1,cavitacao=1,tipores3=1  encerra2=0",33,1.19372016158649,0.785714285714286,0.0558375634517767,NA,NA,NA,NA,NA,NA,NA,NA
"5178","sexo2=1,fxet3=1,escol4=1,mumigual=1,hiv3=0,comtabagis=0,comdrogas=0,bilateral=1,tipores3=1  encerra2=0",23,1.24798016893133,0.821428571428571,0.038917089678511,NA,NA,NA,NA,NA,NA,NA,NA
"5179","sexo2=1,mumigual=1,hiv3=0,alcool=0,comdiab=0,comdrogas=0,cavitacao=1,bilateral=1,tipores3=1  encerra2=0",26,1.19700864688011,0.787878787878788,0.0439932318104907,NA,NA,NA,NA,NA,NA,NA,NA
"5180","sexo2=1,fxet3=1,mumigual=1,hiv3=0,alcool=0,pdres5=1,cavitacao=1,bilateral=1,tipores3=1  encerra2=0",25,1.15096985276934,0.757575757575758,0.0423011844331641,NA,NA,NA,NA,NA,NA,NA,NA
"5181","sexo2=1,fxet3=1,mumigual=1,hiv3=0,alcool=0,comdrogas=0,pdres5=1,bilateral=1,tipores3=1  encerra2=0",32,1.24658888669171,0.82051282051282,0.0541455160744501,NA,NA,NA,NA,NA,NA,NA,NA
"5182","sexo2=1,fxet3=1,mumigual=1,alcool=0,comdiab=0,comdrogas=0,pdres5=1,bilateral=1,tipores3=1  encerra2=0",37,1.22202973063597,0.804347826086957,0.0626057529610829,NA,NA,NA,NA,NA,NA,NA,NA
"5183","sexo2=1,fxet3=1,mumigual=1,hiv3=0,comtabagis=0,comdrogas=0,pdres5=1,bilateral=1,tipores3=1  encerra2=0",33,1.25340616966581,0.825,0.0558375634517767,NA,NA,NA,NA,NA,NA,NA,NA
"5184","sexo2=1,fxet3=1,escol4=1,mumigual=1,hiv3=0,comtabagis=0,comdrogas=0,cavitacao=1,tipores3=1  encerra2=0",26,1.27423501119496,0.838709677419355,0.0439932318104907,NA,NA,NA,NA,NA,NA,NA,NA
"5185","sexo2=1,fxet3=1,escol4=1,mumigual=1,hiv3=0,comtabagis=0,pdres5=1,cavitacao=1,tipores3=1  encerra2=0",33,1.25340616966581,0.825,0.0558375634517767,NA,NA,NA,NA,NA,NA,NA,NA
"5186","sexo2=1,fxet3=1,escol4=1,mumigual=1,hiv3=0,comtabagis=0,comdrogas=0,pdres5=1,tipores3=1  encerra2=0",35,1.26606683804627,0.833333333333333,0.0592216582064298,NA,NA,NA,NA,NA,NA,NA,NA
"5187","sexo2=1,fxet3=1,escol4=1,mumigual=1,hiv3=0,comdrogas=0,pdres5=1,cavitacao=1,tipores3=1  encerra2=0",34,1.25989090225092,0.829268292682927,0.0575296108291032,NA,NA,NA,NA,NA,NA,NA,NA
"5188","fxet3=1,escol4=1,mumigual=1,hiv3=0,alcool=0,comdiab=0,comdrogas=0,pdres5=1,tipores3=1  encerra2=0",36,1.18900190007824,0.782608695652174,0.0609137055837563,NA,NA,NA,NA,NA,NA,NA,NA
"5189","fxet3=1,escol4=1,mumigual=1,hiv3=0,comdiab=0,comtabagis=0,pdres5=1,cavitacao=1,tipores3=1  encerra2=0",35,1.13137887655199,0.74468085106383,0.0592216582064298,NA,NA,NA,NA,NA,NA,NA,NA
"5190","sexo2=1,fxet3=1,mumigual=1,hiv3=0,alcool=0,comtabagis=0,pdres5=1,cavitacao=1,tipores3=1  encerra2=0",33,1.25340616966581,0.825,0.0558375634517767,NA,NA,NA,NA,NA,NA,NA,NA
"5191","sexo2=1,mumigual=1,hiv3=0,alcool=0,comdiab=0,comdrogas=0,pdres5=1,cavitacao=1,tipores3=1  encerra2=0",33,1.22283528747884,0.804878048780488,0.0558375634517767,NA,NA,NA,NA,NA,NA,NA,NA
"5192","sexo2=1,fxet3=1,mumigual=1,hiv3=0,comtabagis=0,comdrogas=0,pdres5=1,cavitacao=1,tipores3=1  encerra2=0",36,1.30224017627617,0.857142857142857,0.0609137055837563,NA,NA,NA,NA,NA,NA,NA,NA
"5193","raca3=1,escol4=1,mumigual=0,alcool=0,comtabagis=0,comdrogas=0,pdres5=1,bilateral=1,tipores3=1  encerra2=0",20,1.16867708127348,0.769230769230769,0.0338409475465313,NA,NA,NA,NA,NA,NA,NA,NA
"5194","raca3=1,escol4=1,mumigual=0,alcool=0,comdiab=0,comtabagis=0,comdrogas=0,pdres5=1,bilateral=1  encerra2=0",20,1.16867708127348,0.769230769230769,0.0338409475465313,NA,NA,NA,NA,NA,NA,NA,NA
"5195","sexo2=1,raca3=1,mumigual=0,alcool=0,comdiab=0,comtabagis=0,comdrogas=0,bilateral=1,tipores3=1  encerra2=0",20,1.26606683804627,0.833333333333333,0.0338409475465313,NA,NA,NA,NA,NA,NA,NA,NA
"5196","escol4=1,mumigual=0,alcool=0,comdiab=0,comtabagis=0,comdrogas=0,pdres5=1,bilateral=1,tipores3=1  encerra2=0",19,1.1546529562982,0.76,0.0321489001692047,NA,NA,NA,NA,NA,NA,NA,NA
"5197","sexo2=1,mumigual=0,alcool=0,comdiab=0,comtabagis=0,comdrogas=0,pdres5=1,bilateral=1,tipores3=1  encerra2=0",27,1.24304744099089,0.818181818181818,0.0456852791878173,NA,NA,NA,NA,NA,NA,NA,NA
"5198","sexo2=1,mumigual=0,alcool=0,comdiab=0,comtabagis=0,comdrogas=0,ppl=0,pdres5=1,bilateral=1  encerra2=0",38,1.22835420882787,0.808510638297872,0.0642978003384095,NA,NA,NA,NA,NA,NA,NA,NA
"5199","sexo2=1,raca3=1,escol4=1,hiv3=0,alcool=0,comtabagis=0,comdrogas=0,bilateral=1,tipores3=1  encerra2=0",25,1.26606683804627,0.833333333333333,0.0423011844331641,NA,NA,NA,NA,NA,NA,NA,NA
"5200","sexo2=1,raca3=1,fxet3=1,escol4=1,alcool=0,comtabagis=0,comdrogas=0,bilateral=1,tipores3=1  encerra2=0",27,1.24304744099089,0.818181818181818,0.0456852791878173,NA,NA,NA,NA,NA,NA,NA,NA
"5201","sexo2=1,raca3=1,escol4=1,alcool=0,comtabagis=0,comdrogas=0,pdres5=1,bilateral=1,tipores3=1  encerra2=0",29,1.25883217040029,0.828571428571429,0.0490693739424704,NA,NA,NA,NA,NA,NA,NA,NA
"5202","sexo2=1,raca3=1,escol4=1,hiv3=0,alcool=0,comdiab=0,comdrogas=0,bilateral=1,tipores3=1  encerra2=0",23,1.20494637000266,0.793103448275862,0.038917089678511,NA,NA,NA,NA,NA,NA,NA,NA
"5203","sexo2=1,raca3=1,fxet3=1,escol4=1,hiv3=0,alcool=0,comdrogas=0,bilateral=1,tipores3=1  encerra2=0",24,1.21542416452442,0.8,0.0406091370558376,NA,NA,NA,NA,NA,NA,NA,NA
"5204","sexo2=1,raca3=1,escol4=1,hiv3=0,alcool=0,comdrogas=0,pdres5=1,bilateral=1,tipores3=1  encerra2=0",27,1.20648722213821,0.794117647058823,0.0456852791878173,NA,NA,NA,NA,NA,NA,NA,NA
"5205","sexo2=1,raca3=1,fxet3=1,escol4=1,alcool=0,comdiab=0,comdrogas=0,bilateral=1,tipores3=1  encerra2=0",26,1.19700864688011,0.787878787878788,0.0439932318104907,NA,NA,NA,NA,NA,NA,NA,NA
"5206","sexo2=1,raca3=1,escol4=1,alcool=0,comdiab=0,comdrogas=0,pdres5=1,bilateral=1,tipores3=1  encerra2=0",28,1.21542416452442,0.8,0.0473773265651438,NA,NA,NA,NA,NA,NA,NA,NA
"5207","sexo2=1,raca3=1,fxet3=1,escol4=1,alcool=0,comdrogas=0,pdres5=1,bilateral=1,tipores3=1  encerra2=0",29,1.2238646101114,0.805555555555556,0.0490693739424704,NA,NA,NA,NA,NA,NA,NA,NA
"5208","sexo2=1,raca3=1,fxet3=1,escol4=1,hiv3=0,alcool=0,comtabagis=0,comdrogas=0,bilateral=1  encerra2=0",25,1.22522597230284,0.806451612903226,0.0423011844331641,NA,NA,NA,NA,NA,NA,NA,NA
"5209","sexo2=1,raca3=1,escol4=1,hiv3=0,alcool=0,comtabagis=0,comdrogas=0,pdres5=1,bilateral=1  encerra2=0",28,1.25117193406926,0.823529411764706,0.0473773265651438,NA,NA,NA,NA,NA,NA,NA,NA
"5210","sexo2=1,raca3=1,escol4=1,hiv3=0,comdiab=0,comtabagis=0,comdrogas=0,bilateral=1,tipores3=1  encerra2=0",24,1.17621693341073,0.774193548387097,0.0406091370558376,NA,NA,NA,NA,NA,NA,NA,NA
"5211","sexo2=1,raca3=1,fxet3=1,escol4=1,hiv3=0,comtabagis=0,comdrogas=0,bilateral=1,tipores3=1  encerra2=0",26,1.19700864688011,0.787878787878788,0.0439932318104907,NA,NA,NA,NA,NA,NA,NA,NA
"5212","sexo2=1,raca3=1,escol4=1,hiv3=0,comtabagis=0,comdrogas=0,pdres5=1,bilateral=1,tipores3=1  encerra2=0",28,1.18166238217652,0.777777777777778,0.0473773265651438,NA,NA,NA,NA,NA,NA,NA,NA
"5213","sexo2=1,raca3=1,fxet3=1,escol4=1,hiv3=0,comdiab=0,comtabagis=0,bilateral=1,tipores3=1  encerra2=0",31,1.14872405793467,0.75609756097561,0.0524534686971235,NA,NA,NA,NA,NA,NA,NA,NA
"5214","sexo2=1,raca3=1,fxet3=1,escol4=1,hiv3=0,comtabagis=0,comdrogas=0,pdres5=1,bilateral=1  encerra2=0",28,1.18166238217652,0.777777777777778,0.0473773265651438,NA,NA,NA,NA,NA,NA,NA,NA
"5215","raca3=1,escol4=1,hiv3=0,alcool=0,comdiab=0,comtabagis=0,comdrogas=0,bilateral=1,tipores3=1  encerra2=0",28,1.11946962521986,0.736842105263158,0.0473773265651438,NA,NA,NA,NA,NA,NA,NA,NA
"5216","raca3=1,escol4=1,hiv3=0,alcool=0,comtabagis=0,comdrogas=0,pdres5=1,bilateral=1,tipores3=1  encerra2=0",35,1.13137887655199,0.74468085106383,0.0592216582064298,NA,NA,NA,NA,NA,NA,NA,NA
"5217","raca3=1,fxet3=1,escol4=1,hiv3=0,alcool=0,comdiab=0,comtabagis=0,bilateral=1,tipores3=1  encerra2=0",29,1.12972117856437,0.743589743589744,0.0490693739424704,NA,NA,NA,NA,NA,NA,NA,NA
"5218","raca3=1,fxet3=1,escol4=1,hiv3=0,alcool=0,comtabagis=0,pdres5=1,bilateral=1,tipores3=1  encerra2=0",32,1.13062712979016,0.744186046511628,0.0541455160744501,NA,NA,NA,NA,NA,NA,NA,NA
"5219","raca3=1,fxet3=1,escol4=1,alcool=0,comdiab=0,comtabagis=0,comdrogas=0,bilateral=1,tipores3=1  encerra2=0",34,1.17398924982473,0.772727272727273,0.0575296108291032,NA,NA,NA,NA,NA,NA,NA,NA
"5220","raca3=1,escol4=1,alcool=0,comdiab=0,comtabagis=0,comdrogas=0,pdres5=1,bilateral=1,tipores3=1  encerra2=0",36,1.13946015424165,0.75,0.0609137055837563,NA,NA,NA,NA,NA,NA,NA,NA
"5221","raca3=1,fxet3=1,escol4=1,alcool=0,comtabagis=0,comdrogas=0,pdres5=1,bilateral=1,tipores3=1  encerra2=0",38,1.1546529562982,0.76,0.0642978003384095,NA,NA,NA,NA,NA,NA,NA,NA
"5222","raca3=1,fxet3=1,escol4=1,alcool=0,comdiab=0,comtabagis=0,pdres5=1,bilateral=1,tipores3=1  encerra2=0",37,1.10222289429911,0.725490196078431,0.0626057529610829,NA,NA,NA,NA,NA,NA,NA,NA
"5223","raca3=1,fxet3=1,escol4=1,hiv3=0,alcool=0,comdiab=0,comdrogas=0,bilateral=1,tipores3=1  encerra2=0",30,1.16867708127348,0.769230769230769,0.050761421319797,NA,NA,NA,NA,NA,NA,NA,NA
"5224","raca3=1,escol4=1,hiv3=0,alcool=0,comdiab=0,comdrogas=0,pdres5=1,bilateral=1,tipores3=1  encerra2=0",33,1.13946015424165,0.75,0.0558375634517767,NA,NA,NA,NA,NA,NA,NA,NA
"5225","raca3=1,fxet3=1,escol4=1,hiv3=0,alcool=0,comdrogas=0,pdres5=1,bilateral=1,tipores3=1  encerra2=0",33,1.1659592275961,0.767441860465116,0.0558375634517767,NA,NA,NA,NA,NA,NA,NA,NA
"5226","raca3=1,fxet3=1,escol4=1,hiv3=0,alcool=0,comdiab=0,pdres5=1,bilateral=1,tipores3=1  encerra2=0",34,1.12294623896278,0.739130434782609,0.0575296108291032,NA,NA,NA,NA,NA,NA,NA,NA
"5227","raca3=1,fxet3=1,escol4=1,alcool=0,comdiab=0,comdrogas=0,pdres5=1,bilateral=1,tipores3=1  encerra2=0",39,1.16180251020717,0.764705882352941,0.065989847715736,NA,NA,NA,NA,NA,NA,NA,NA
"5228","raca3=1,fxet3=1,escol4=1,hiv3=0,alcool=0,comdiab=0,comtabagis=0,comdrogas=0,bilateral=1  encerra2=0",27,1.13946015424165,0.75,0.0456852791878173,NA,NA,NA,NA,NA,NA,NA,NA
"5229","raca3=1,fxet3=1,escol4=1,hiv3=0,alcool=0,comdiab=0,comtabagis=0,pdres5=1,bilateral=1  encerra2=0",32,1.13062712979016,0.744186046511628,0.0541455160744501,NA,NA,NA,NA,NA,NA,NA,NA
"5230","raca3=1,fxet3=1,escol4=1,alcool=0,comdiab=0,comtabagis=0,comdrogas=0,pdres5=1,bilateral=1  encerra2=0",36,1.13946015424165,0.75,0.0609137055837563,NA,NA,NA,NA,NA,NA,NA,NA
"5231","raca3=1,fxet3=1,escol4=1,hiv3=0,alcool=0,comdiab=0,comdrogas=0,pdres5=1,bilateral=1  encerra2=0",31,1.14872405793467,0.75609756097561,0.0524534686971235,NA,NA,NA,NA,NA,NA,NA,NA
"5232","raca3=1,fxet3=1,escol4=1,hiv3=0,comdiab=0,comtabagis=0,comdrogas=0,bilateral=1,tipores3=1  encerra2=0",30,1.11166844316258,0.731707317073171,0.050761421319797,NA,NA,NA,NA,NA,NA,NA,NA
"5233","raca3=1,fxet3=1,escol4=1,hiv3=0,comtabagis=0,comdrogas=0,pdres5=1,bilateral=1,tipores3=1  encerra2=0",33,1.11413881748072,0.733333333333333,0.0558375634517767,NA,NA,NA,NA,NA,NA,NA,NA
"5234","raca3=1,fxet3=1,escol4=1,hiv3=0,comdiab=0,comtabagis=0,pdres5=1,bilateral=1,tipores3=1  encerra2=0",40,1.12539274493002,0.740740740740741,0.0676818950930626,NA,NA,NA,NA,NA,NA,NA,NA
"5235","sexo2=1,raca3=1,fxet3=1,hiv3=0,alcool=0,comtabagis=0,comdrogas=0,bilateral=1,tipores3=1  encerra2=0",35,1.23662342320799,0.813953488372093,0.0592216582064298,NA,NA,NA,NA,NA,NA,NA,NA
"5236","sexo2=1,raca3=1,hiv3=0,alcool=0,comtabagis=0,comdrogas=0,pdres5=1,bilateral=1,tipores3=1  encerra2=0",38,1.2550575611937,0.826086956521739,0.0642978003384095,NA,NA,NA,NA,NA,NA,NA,NA
"5237","sexo2=1,raca3=1,fxet3=1,alcool=0,comdiab=0,comtabagis=0,comdrogas=0,bilateral=1,tipores3=1  encerra2=0",40,1.24022873931063,0.816326530612245,0.0676818950930626,NA,NA,NA,NA,NA,NA,NA,NA
"5238","sexo2=1,raca3=1,fxet3=1,alcool=0,comtabagis=0,comdrogas=0,pdres5=1,bilateral=1,tipores3=1  encerra2=0",43,1.25632786236899,0.826923076923077,0.0727580372250423,NA,NA,NA,NA,NA,NA,NA,NA
"5239","sexo2=1,raca3=1,hiv3=0,alcool=0,comdiab=0,comdrogas=0,cavitacao=1,bilateral=1,tipores3=1  encerra2=0",31,1.17744215938303,0.775,0.0524534686971235,NA,NA,NA,NA,NA,NA,NA,NA
"5240","sexo2=1,raca3=1,fxet3=1,hiv3=0,alcool=0,comdiab=0,comdrogas=0,bilateral=1,tipores3=1  encerra2=0",34,1.20129132540204,0.790697674418605,0.0575296108291032,NA,NA,NA,NA,NA,NA,NA,NA
"5241","sexo2=1,raca3=1,hiv3=0,alcool=0,comdiab=0,comdrogas=0,pdres5=1,bilateral=1,tipores3=1  encerra2=0",36,1.18900190007824,0.782608695652174,0.0609137055837563,NA,NA,NA,NA,NA,NA,NA,NA
"5242","sexo2=1,raca3=1,fxet3=1,hiv3=0,alcool=0,comdrogas=0,pdres5=1,bilateral=1,tipores3=1  encerra2=0",37,1.22202973063597,0.804347826086957,0.0626057529610829,NA,NA,NA,NA,NA,NA,NA,NA
"5243","sexo2=1,raca3=1,fxet3=1,alcool=0,comdiab=0,comdrogas=0,pdres5=1,bilateral=1,tipores3=1  encerra2=0",43,1.20979720079977,0.796296296296296,0.0727580372250423,NA,NA,NA,NA,NA,NA,NA,NA
"5244","sexo2=1,raca3=1,fxet3=1,hiv3=0,alcool=0,comtabagis=0,comdrogas=0,pdres5=1,bilateral=1  encerra2=0",41,1.24580976863753,0.82,0.0693739424703892,NA,NA,NA,NA,NA,NA,NA,NA
"5245","sexo2=1,raca3=1,fxet3=1,hiv3=0,comdiab=0,comtabagis=0,comdrogas=0,bilateral=1,tipores3=1  encerra2=0",35,1.18166238217652,0.777777777777778,0.0592216582064298,NA,NA,NA,NA,NA,NA,NA,NA
"5246","sexo2=1,raca3=1,hiv3=0,comdiab=0,comtabagis=0,comdrogas=0,pdres5=1,bilateral=1,tipores3=1  encerra2=0",36,1.18900190007824,0.782608695652174,0.0609137055837563,NA,NA,NA,NA,NA,NA,NA,NA
"5247","sexo2=1,raca3=1,fxet3=1,hiv3=0,comtabagis=0,comdrogas=0,pdres5=1,bilateral=1,tipores3=1  encerra2=0",38,1.20276349614396,0.791666666666667,0.0642978003384095,NA,NA,NA,NA,NA,NA,NA,NA
"5248","sexo2=1,raca3=1,fxet3=1,hiv3=0,comdiab=0,comtabagis=0,pdres5=1,bilateral=1,tipores3=1  encerra2=0",43,1.14612366391557,0.754385964912281,0.0727580372250423,NA,NA,NA,NA,NA,NA,NA,NA
"5249","sexo2=1,raca3=1,fxet3=1,comdiab=0,comtabagis=0,comdrogas=0,pdres5=1,bilateral=1,tipores3=1  encerra2=0",43,1.16659015791407,0.767857142857143,0.0727580372250423,NA,NA,NA,NA,NA,NA,NA,NA
"5250","sexo2=1,raca3=1,escol4=1,hiv3=0,alcool=0,comtabagis=0,comdrogas=0,pdres5=1,tipores3=1  encerra2=0",40,1.24022873931063,0.816326530612245,0.0676818950930626,NA,NA,NA,NA,NA,NA,NA,NA
"5251","sexo2=1,raca3=1,fxet3=1,escol4=1,hiv3=0,alcool=0,comdrogas=0,pdres5=1,tipores3=1  encerra2=0",36,1.18900190007824,0.782608695652174,0.0609137055837563,NA,NA,NA,NA,NA,NA,NA,NA
"5252","sexo2=1,raca3=1,escol4=1,hiv3=0,alcool=0,comtabagis=0,comdrogas=0,ppl=0,pdres5=1  encerra2=0",41,1.22138212611523,0.803921568627451,0.0693739424703892,NA,NA,NA,NA,NA,NA,NA,NA
"5253","sexo2=1,raca3=1,fxet3=1,escol4=1,hiv3=0,comdiab=0,comtabagis=0,cavitacao=1,tipores3=1  encerra2=0",41,1.15352756355327,0.759259259259259,0.0693739424703892,NA,NA,NA,NA,NA,NA,NA,NA
"5254","sexo2=1,raca3=1,escol4=1,hiv3=0,comdiab=0,comtabagis=0,pdres5=1,cavitacao=1,tipores3=1  encerra2=0",44,1.17277770261128,0.771929824561403,0.0744500846023689,NA,NA,NA,NA,NA,NA,NA,NA
"5255","sexo2=1,raca3=1,fxet3=1,escol4=1,hiv3=0,comtabagis=0,pdres5=1,cavitacao=1,tipores3=1  encerra2=0",45,1.15877303821184,0.76271186440678,0.0761421319796954,NA,NA,NA,NA,NA,NA,NA,NA
"5256","sexo2=1,raca3=1,fxet3=1,escol4=1,hiv3=0,comtabagis=0,comdrogas=0,pdres5=1,tipores3=1  encerra2=0",43,1.16659015791407,0.767857142857143,0.0727580372250423,NA,NA,NA,NA,NA,NA,NA,NA
"5257","sexo2=1,raca3=1,fxet3=1,hiv3=0,alcool=0,comtabagis=0,comdrogas=0,cavitacao=1,tipores3=1  encerra2=0",43,1.20979720079977,0.796296296296296,0.0727580372250423,NA,NA,NA,NA,NA,NA,NA,NA
"5258","sexo2=1,raca3=1,hiv3=0,alcool=0,comtabagis=0,comdrogas=0,pdres5=1,cavitacao=1,tipores3=1  encerra2=0",46,1.22608578000271,0.807017543859649,0.077834179357022,NA,NA,NA,NA,NA,NA,NA,NA
"5259","sexo2=1,raca3=1,fxet3=1,hiv3=0,alcool=0,comtabagis=0,pdres5=1,cavitacao=1,tipores3=1  encerra2=0",48,1.21542416452442,0.8,0.0812182741116751,NA,NA,NA,NA,NA,NA,NA,NA
"5260","sexo2=1,raca3=1,hiv3=0,alcool=0,comdiab=0,comdrogas=0,pdres5=1,cavitacao=1,tipores3=1  encerra2=0",44,1.15255739739385,0.758620689655172,0.0744500846023689,NA,NA,NA,NA,NA,NA,NA,NA
"5261","sexo2=1,raca3=1,fxet3=1,hiv3=0,alcool=0,comdrogas=0,pdres5=1,cavitacao=1,tipores3=1  encerra2=0",45,1.17875188369825,0.775862068965517,0.0761421319796954,NA,NA,NA,NA,NA,NA,NA,NA
"5262","sexo2=1,raca3=1,fxet3=1,hiv3=0,alcool=0,comdiab=0,pdres5=1,cavitacao=1,tipores3=1  encerra2=0",48,1.15754682335659,0.761904761904762,0.0812182741116751,NA,NA,NA,NA,NA,NA,NA,NA
"5263","sexo2=1,raca3=1,fxet3=1,hiv3=0,alcool=0,comtabagis=0,ppl=0,pdres5=1,cavitacao=1  encerra2=0",53,1.20181867014542,0.791044776119403,0.089678510998308,NA,NA,NA,NA,NA,NA,NA,NA
"5264","sexo2=1,raca3=1,fxet3=1,hiv3=0,comdiab=0,comtabagis=0,comdrogas=0,cavitacao=1,tipores3=1  encerra2=0",47,1.15171241396467,0.758064516129032,0.0795262267343486,NA,NA,NA,NA,NA,NA,NA,NA
"5265","sexo2=1,raca3=1,hiv3=0,comdiab=0,comtabagis=0,comdrogas=0,pdres5=1,cavitacao=1,tipores3=1  encerra2=0",50,1.16867708127348,0.769230769230769,0.0846023688663283,NA,NA,NA,NA,NA,NA,NA,NA
"5266","sexo2=1,raca3=1,fxet3=1,hiv3=0,comtabagis=0,comdrogas=0,pdres5=1,cavitacao=1,tipores3=1  encerra2=0",51,1.17398924982473,0.772727272727273,0.0862944162436548,NA,NA,NA,NA,NA,NA,NA,NA
"5267","sexo2=1,raca3=1,fxet3=1,hiv3=0,comdiab=0,comtabagis=0,pdres5=1,cavitacao=1,tipores3=1  encerra2=0",57,1.1546529562982,0.76,0.0964467005076142,NA,NA,NA,NA,NA,NA,NA,NA
"5268","sexo2=1,escol4=1,alcool=0,comdiab=0,comtabagis=0,comdrogas=0,pdres5=1,bilateral=1,tipores3=1  encerra2=0",37,1.22202973063597,0.804347826086957,0.0626057529610829,NA,NA,NA,NA,NA,NA,NA,NA
"5269","sexo2=1,escol4=1,hiv3=0,alcool=0,comdiab=0,comdrogas=0,pdres5=1,bilateral=1,tipores3=1  encerra2=0",34,1.17398924982473,0.772727272727273,0.0575296108291032,NA,NA,NA,NA,NA,NA,NA,NA
"5270","sexo2=1,fxet3=1,escol4=1,hiv3=0,comdiab=0,comtabagis=0,pdres5=1,bilateral=1,tipores3=1  encerra2=0",40,1.10493105865857,0.727272727272727,0.0676818950930626,NA,NA,NA,NA,NA,NA,NA,NA
"5271","fxet3=1,escol4=1,alcool=0,comdiab=0,comtabagis=0,comdrogas=0,pdres5=1,bilateral=1,tipores3=1  encerra2=0",47,1.15171241396467,0.758064516129032,0.0795262267343486,NA,NA,NA,NA,NA,NA,NA,NA
"5272","sexo2=1,fxet3=1,alcool=0,comdiab=0,comtabagis=0,comdrogas=0,pdres5=1,bilateral=1,tipores3=1  encerra2=0",61,1.21942227032878,0.802631578947368,0.10321489001692,NA,NA,NA,NA,NA,NA,NA,NA
"5273","sexo2=1,fxet3=1,escol4=1,hiv3=0,comdiab=0,comtabagis=0,pdres5=1,cavitacao=1,tipores3=1  encerra2=0",50,1.10092768525763,0.72463768115942,0.0846023688663283,NA,NA,NA,NA,NA,NA,NA,NA
